0.0019998550415039062,0.0019998550415039062,17,-18,-1
0.0009999275207519531,0.0009999275207519531,0,0,0
0.0009999275207519531,0.0009999275207519531,15,-17,-2
0.0010001659393310547,0.0010001659393310547,3,-6,-3
0.002000093460083008,0.002000093460083008,6,-8,-2
0.0009999275207519531,0.0009999275207519531,17,-7,10
0.0009999275207519531,0.0009999275207519531,6,-19,-13
0.0010001659393310547,0.0010001659393310547,6,0,6
0.0010001659393310547,0.0010001659393310547,5,-3,2
0.0009999275207519531,0.0009999275207519531,5,-11,-6
0.002000093460083008,0.002000093460083008,6,-6,0
0.0,0.0,6,-17,-11
0.0009999275207519531,0.0009999275207519531,7,-12,-5
0.002000093460083008,0.002000093460083008,5,-6,-1
0.0010001659393310547,0.0010001659393310547,7,-7,0
0.0009999275207519531,0.0009999275207519531,19,0,19
0.0009999275207519531,0.0009999275207519531,2,-11,-9
0.0009999275207519531,0.0009999275207519531,6,-19,-13
0.0,0.0,5,-15,-10
0.0010001659393310547,0.0010001659393310547,6,-16,-10
0.0009999275207519531,0.0009999275207519531,2,-15,-13
0.0010001659393310547,0.0010001659393310547,6,-6,0
0.0010001659393310547,0.0010001659393310547,5,-11,-6
0.0009999275207519531,0.0009999275207519531,6,-3,3
0.0009999275207519531,0.0009999275207519531,5,-17,-12
0.0009999275207519531,0.0009999275207519531,7,-13,-6
0.0,0.0,6,-2,4
0.0009999275207519531,0.0,5,-19,-14
0.0010001659393310547,0.0,5,-18,-13
0.0009999275207519531,0.0009999275207519531,5,-19,-14
0.0009999275207519531,0.0009999275207519531,6,-19,-13
0.0009999275207519531,0.0009999275207519531,5,-8,-3
0.0009999275207519531,0.0009999275207519531,13,-18,-5
0.0010001659393310547,0.0010001659393310547,4,-14,-10
0.0010001659393310547,0.0010001659393310547,9,-19,-10
0.0019998550415039062,0.0019998550415039062,6,-19,-13
0.0010001659393310547,0.0010001659393310547,10,-18,-8
0.0019998550415039062,0.0019998550415039062,6,-10,-4
0.0009999275207519531,0.0009999275207519531,5,-17,-12
0.0019998550415039062,0.0019998550415039062,5,-18,-13
0.0009999275207519531,0.0009999275207519531,7,-19,-12
0.0,0.0,5,-6,-1
0.0,0.0,5,-14,-9
0.0009999275207519531,0.0009999275207519531,6,-10,-4
0.0009999275207519531,0.0009999275207519531,6,-19,-13
0.0009999275207519531,0.0009999275207519531,5,-5,0
0.0019998550415039062,0.0019998550415039062,10,-19,-9
0.0010001659393310547,0.0010001659393310547,5,-20,-15
0.0010001659393310547,0.0010001659393310547,6,-19,-13
0.0010001659393310547,0.0010001659393310547,5,-20,-15
0.002000093460083008,0.002000093460083008,5,-9,-4
0.0010001659393310547,0.0010001659393310547,5,-13,-8
0.002000093460083008,0.002000093460083008,1,-19,-18
0.0010001659393310547,0.0010001659393310547,5,-5,0
0.0010001659393310547,0.0010001659393310547,5,-19,-14
0.0,0.0,5,-18,-13
0.0009999275207519531,0.0009999275207519531,5,-18,-13
0.0010001659393310547,0.0010001659393310547,5,-10,-5
0.0,0.0,7,-19,-12
0.0009999275207519531,0.0009999275207519531,2,-14,-12
0.0010001659393310547,0.0010001659393310547,5,-15,-10
0.0009999275207519531,0.0009999275207519531,14,-14,0
0.0009999275207519531,0.0009999275207519531,5,-17,-12
0.002000093460083008,0.002000093460083008,4,-18,-14
0.0009999275207519531,0.0009999275207519531,4,-19,-15
0.0010001659393310547,0.0010001659393310547,5,-19,-14
0.0009999275207519531,0.0009999275207519531,7,-13,-6
0.0010001659393310547,0.0010001659393310547,5,-9,-4
0.0009999275207519531,0.0009999275207519531,4,-20,-16
0.0010001659393310547,0.0010001659393310547,5,-10,-5
0.0009999275207519531,0.0009999275207519531,5,-18,-13
0.0,0.0,7,-18,-11
0.003000020980834961,0.003000020980834961,5,-20,-15
0.0,0.0,6,-4,2
0.0010001659393310547,0.0010001659393310547,6,-14,-8
0.0009999275207519531,0.0009999275207519531,4,-20,-16
0.003000020980834961,0.003000020980834961,5,-20,-15
0.0010001659393310547,0.0010001659393310547,2,-20,-18
0.0010001659393310547,0.0010001659393310547,4,-6,-2
0.0010001659393310547,0.0010001659393310547,4,-14,-10
0.0010001659393310547,0.0010001659393310547,5,-5,0
0.0009999275207519531,0.0009999275207519531,4,-5,-1
0.0010001659393310547,0.0010001659393310547,2,-17,-15
0.0010001659393310547,0.0010001659393310547,4,-10,-6
0.0019998550415039062,0.0019998550415039062,4,-9,-5
0.0009999275207519531,0.0009999275207519531,6,-17,-11
0.0,0.0,2,-5,-3
0.0010001659393310547,0.0010001659393310547,10,-20,-10
0.0009999275207519531,0.0009999275207519531,6,-20,-14
0.0009999275207519531,0.0009999275207519531,3,-17,-14
0.0009999275207519531,0.0009999275207519531,11,-19,-8
0.0010001659393310547,0.0010001659393310547,5,-20,-15
0.0010001659393310547,0.0010001659393310547,4,-13,-9
0.0009999275207519531,0.0,2,-20,-18
0.0010001659393310547,0.0010001659393310547,4,-9,-5
0.0009999275207519531,0.0009999275207519531,2,-13,-11
0.005000114440917969,0.005000114440917969,2,-5,-3
0.0009999275207519531,0.0009999275207519531,2,-13,-11
0.0009999275207519531,0.0009999275207519531,1,-20,-19
0.0009999275207519531,0.0009999275207519531,14,-19,-5
0.0009999275207519531,0.0009999275207519531,3,-17,-14
0.002000093460083008,0.002000093460083008,5,-17,-12
0.0009999275207519531,0.0009999275207519531,2,-13,-11
0.002000093460083008,0.002000093460083008,3,-20,-17
0.0009999275207519531,0.0009999275207519531,5,-20,-15
0.0010001659393310547,0.0010001659393310547,11,-19,-8
0.0009999275207519531,0.0009999275207519531,1,-18,-17
0.0009999275207519531,0.0009999275207519531,2,-18,-16
0.0009999275207519531,0.0009999275207519531,1,-19,-18
0.0,0.0,5,-17,-12
0.0010001659393310547,0.0010001659393310547,14,-19,-5
0.0009999275207519531,0.0009999275207519531,3,-20,-17
0.0009999275207519531,0.0009999275207519531,2,-20,-18
0.0009999275207519531,0.0009999275207519531,10,-3,7
0.0010001659393310547,0.0010001659393310547,1,-19,-18
0.0009999275207519531,0.0009999275207519531,14,-19,-5
0.0009999275207519531,0.0009999275207519531,0,-19,-19
0.0009999275207519531,0.0009999275207519531,1,-10,-9
0.0019998550415039062,0.0019998550415039062,1,-14,-13
0.0009999275207519531,0.0009999275207519531,1,-19,-18
0.0009999275207519531,0.0009999275207519531,2,-20,-18
0.0009999275207519531,0.0009999275207519531,1,-20,-19
0.002000093460083008,0.002000093460083008,10,-10,0
0.0009999275207519531,0.0009999275207519531,1,-20,-19
0.0009999275207519531,0.0009999275207519531,2,-20,-18
0.0019998550415039062,0.0019998550415039062,1,-17,-16
0.0010001659393310547,0.0010001659393310547,0,-6,-6
0.0009999275207519531,0.0009999275207519531,5,-9,-4
0.0009999275207519531,0.0009999275207519531,5,-10,-5
0.0010001659393310547,0.0010001659393310547,3,-18,-15
0.0009999275207519531,0.0009999275207519531,1,-17,-16
0.002000093460083008,0.002000093460083008,2,-20,-18
0.0010001659393310547,0.0010001659393310547,14,-20,-6
0.0009999275207519531,0.0009999275207519531,14,-20,-6
0.0009999275207519531,0.0009999275207519531,3,-20,-17
0.002000093460083008,0.002000093460083008,1,-5,-4
0.0010001659393310547,0.0010001659393310547,7,-17,-10
0.0009999275207519531,0.0009999275207519531,14,-20,-6
0.0009999275207519531,0.0009999275207519531,1,-17,-16
0.0009999275207519531,0.0009999275207519531,0,-13,-13
0.004999876022338867,0.004999876022338867,0,-20,-20
0.0009999275207519531,0.0009999275207519531,6,-20,-14
0.0009999275207519531,0.0009999275207519531,13,-20,-7
0.0010001659393310547,0.0010001659393310547,11,-20,-9
0.0010001659393310547,0.0010001659393310547,1,-5,-4
0.002000093460083008,0.002000093460083008,2,-20,-18
0.0009999275207519531,0.0009999275207519531,1,-9,-8
0.0019998550415039062,0.0019998550415039062,1,-17,-16
0.0009999275207519531,0.0009999275207519531,1,-10,-9
0.0009999275207519531,0.0009999275207519531,1,-16,-15
0.0009999275207519531,0.0009999275207519531,10,-20,-10
0.0009999275207519531,0.0009999275207519531,15,-19,-4
0.0009999275207519531,0.0009999275207519531,6,-17,-11
0.0019998550415039062,0.0019998550415039062,0,-20,-20
0.0010001659393310547,0.0010001659393310547,14,-20,-6
0.0009999275207519531,0.0009999275207519531,2,-5,-3
0.0009999275207519531,0.0009999275207519531,11,-13,-2
0.0010001659393310547,0.0010001659393310547,1,-20,-19
0.0009999275207519531,0.0009999275207519531,0,-19,-19
0.003000020980834961,0.003000020980834961,0,-9,-9
0.003000020980834961,0.003000020980834961,1,-13,-12
0.0019998550415039062,0.0019998550415039062,1,-17,-16
0.0019998550415039062,0.0019998550415039062,1,-5,-4
0.0009999275207519531,0.0009999275207519531,7,-20,-13
0.0019998550415039062,0.0019998550415039062,4,-20,-16
0.0009999275207519531,0.0009999275207519531,0,-14,-14
0.0010001659393310547,0.0010001659393310547,1,-20,-19
0.006000041961669922,0.006000041961669922,3,-8,-5
0.0009999275207519531,0.0009999275207519531,1,-19,-18
0.0009999275207519531,0.0009999275207519531,0,-20,-20
0.0009999275207519531,0.0009999275207519531,15,-20,-5
0.0010001659393310547,0.0010001659393310547,7,-19,-12
0.0009999275207519531,0.0009999275207519531,0,-9,-9
0.0009999275207519531,0.0009999275207519531,15,-20,-5
0.002000093460083008,0.002000093460083008,14,-20,-6
0.002000093460083008,0.002000093460083008,0,-13,-13
0.002000093460083008,0.002000093460083008,9,-20,-11
0.0009999275207519531,0.0009999275207519531,7,-20,-13
0.0009999275207519531,0.0009999275207519531,0,-6,-6
0.002000093460083008,0.002000093460083008,0,-13,-13
0.0010001659393310547,0.0010001659393310547,0,-13,-13
0.0010001659393310547,0.0010001659393310547,0,-13,-13
0.0009999275207519531,0.0009999275207519531,0,-13,-13
0.003000020980834961,0.003000020980834961,0,-6,-6
0.0009999275207519531,0.0009999275207519531,7,-20,-13
0.0019998550415039062,0.0019998550415039062,0,-19,-19
0.002000093460083008,0.002000093460083008,8,-9,-1
0.0019998550415039062,0.0019998550415039062,0,-17,-17
0.0009999275207519531,0.0009999275207519531,11,-20,-9
0.003999948501586914,0.003999948501586914,0,-5,-5
0.0,0.0,3,-20,-17
0.0009999275207519531,0.0009999275207519531,0,-13,-13
0.0009999275207519531,0.0009999275207519531,1,-20,-19
0.0009999275207519531,0.0009999275207519531,15,-19,-4
0.0009999275207519531,0.0009999275207519531,0,-13,-13
0.004999876022338867,0.004999876022338867,0,-17,-17
0.002000093460083008,0.002000093460083008,0,-19,-19
0.003000020980834961,0.003000020980834961,0,-16,-16
0.0009999275207519531,0.0009999275207519531,0,-13,-13
0.0009999275207519531,0.0009999275207519531,15,-19,-4
0.0010001659393310547,0.0010001659393310547,15,-20,-5
0.0010001659393310547,0.0010001659393310547,0,-19,-19
0.0010001659393310547,0.0010001659393310547,7,-20,-13
0.0009999275207519531,0.0009999275207519531,3,-9,-6
0.0009999275207519531,0.0009999275207519531,0,-13,-13
0.0019998550415039062,0.0019998550415039062,3,-14,-11
0.003999948501586914,0.003999948501586914,0,-9,-9
0.002000093460083008,0.002000093460083008,11,-5,6
0.002000093460083008,0.0009999275207519531,1,-19,-18
0.002000093460083008,0.002000093460083008,7,-17,-10
0.0010001659393310547,0.0010001659393310547,15,-20,-5
0.0009999275207519531,0.0009999275207519531,11,-20,-9
0.0009999275207519531,0.0009999275207519531,11,-13,-2
0.0009999275207519531,0.0009999275207519531,3,-20,-17
0.0010001659393310547,0.0010001659393310547,0,-5,-5
0.003000020980834961,0.003000020980834961,14,-9,5
0.0009999275207519531,0.0009999275207519531,0,-17,-17
0.003999948501586914,0.003999948501586914,12,-20,-8
0.0009999275207519531,0.0009999275207519531,3,-17,-14
0.0010001659393310547,0.0010001659393310547,15,-20,-5
0.0009999275207519531,0.0009999275207519531,1,-13,-12
0.0009999275207519531,0.0009999275207519531,15,-9,6
0.0009999275207519531,0.0009999275207519531,0,-5,-5
0.0009999275207519531,0.0009999275207519531,0,-17,-17
0.002000093460083008,0.002000093460083008,11,-20,-9
0.0010001659393310547,0.0010001659393310547,16,-10,6
0.0019998550415039062,0.0019998550415039062,15,-13,2
0.0009999275207519531,0.0009999275207519531,15,-5,10
0.002000093460083008,0.002000093460083008,16,-19,-3
0.0009999275207519531,0.0009999275207519531,0,-19,-19
0.0009999275207519531,0.0009999275207519531,3,-20,-17
0.0009999275207519531,0.0009999275207519531,0,-9,-9
0.0010001659393310547,0.0010001659393310547,0,-5,-5
0.0009999275207519531,0.0009999275207519531,15,-20,-5
0.002000093460083008,0.002000093460083008,6,-20,-14
0.003999948501586914,0.003999948501586914,0,-5,-5
0.002000093460083008,0.0009999275207519531,0,-19,-19
0.0010001659393310547,0.0010001659393310547,7,-16,-9
0.0009999275207519531,0.0009999275207519531,0,-19,-19
0.0010001659393310547,0.0010001659393310547,17,-13,4
0.0009999275207519531,0.0009999275207519531,3,-17,-14
0.0010001659393310547,0.0010001659393310547,0,-13,-13
0.0010001659393310547,0.0010001659393310547,7,-17,-10
0.002000093460083008,0.002000093460083008,11,-20,-9
0.003999948501586914,0.003999948501586914,0,-17,-17
0.003000020980834961,0.003000020980834961,6,-8,-2
0.004000186920166016,0.004000186920166016,14,-20,-6
0.0009999275207519531,0.0009999275207519531,1,-20,-19
0.0009999275207519531,0.0009999275207519531,7,-20,-13
0.0009999275207519531,0.0009999275207519531,0,-13,-13
0.009000062942504883,0.009000062942504883,15,-20,-5
0.00800013542175293,0.00800013542175293,7,-20,-13
0.0010001659393310547,0.0010001659393310547,11,-19,-8
0.0009999275207519531,0.0009999275207519531,11,-5,6
0.002000093460083008,0.002000093460083008,0,-18,-18
0.0009999275207519531,0.0009999275207519531,0,-9,-9
0.0010001659393310547,0.0010001659393310547,15,-20,-5
0.0010001659393310547,0.0010001659393310547,0,-19,-19
0.0009999275207519531,0.0009999275207519531,7,-20,-13
0.0009999275207519531,0.0009999275207519531,7,-20,-13
0.002000093460083008,0.002000093460083008,7,-20,-13
0.002000093460083008,0.002000093460083008,0,-19,-19
0.004000186920166016,0.004000186920166016,1,-19,-18
0.002000093460083008,0.002000093460083008,0,-9,-9
0.0019998550415039062,0.0019998550415039062,1,-20,-19
0.002000093460083008,0.002000093460083008,0,-19,-19
0.0009999275207519531,0.0009999275207519531,10,-20,-10
0.0009999275207519531,0.0009999275207519531,1,-18,-17
0.003999948501586914,0.003999948501586914,0,-13,-13
0.0019998550415039062,0.0019998550415039062,7,-20,-13
0.002000093460083008,0.002000093460083008,0,-19,-19
0.0009999275207519531,0.0009999275207519531,12,-20,-8
0.0010001659393310547,0.0010001659393310547,11,-13,-2
0.0010001659393310547,0.0010001659393310547,14,-20,-6
0.0009999275207519531,0.0009999275207519531,1,-20,-19
0.002000093460083008,0.002000093460083008,0,-10,-10
0.0009999275207519531,0.0009999275207519531,3,-20,-17
0.0009999275207519531,0.0009999275207519531,0,-13,-13
0.002000093460083008,0.002000093460083008,12,-9,3
0.002000093460083008,0.002000093460083008,0,-17,-17
0.002000093460083008,0.002000093460083008,7,-19,-12
0.0009999275207519531,0.0009999275207519531,14,-20,-6
0.0009999275207519531,0.0009999275207519531,1,-20,-19
0.002000093460083008,0.002000093460083008,1,-20,-19
0.0010001659393310547,0.0010001659393310547,0,-5,-5
0.0009999275207519531,0.0009999275207519531,0,-19,-19
0.002000093460083008,0.002000093460083008,0,-19,-19
0.0019998550415039062,0.0019998550415039062,0,-13,-13
0.0009999275207519531,0.0009999275207519531,0,-17,-17
0.0009999275207519531,0.0009999275207519531,8,-20,-12
0.003999948501586914,0.003999948501586914,4,-13,-9
0.0009999275207519531,0.0009999275207519531,0,-17,-17
0.0010001659393310547,0.0010001659393310547,11,-17,-6
0.0009999275207519531,0.0009999275207519531,15,-19,-4
0.0009999275207519531,0.0009999275207519531,3,-5,-2
0.002000093460083008,0.002000093460083008,7,-20,-13
0.006000041961669922,0.006000041961669922,0,-11,-11
0.0009999275207519531,0.0009999275207519531,0,-13,-13
0.0019998550415039062,0.0019998550415039062,0,-17,-17
0.0009999275207519531,0.0009999275207519531,7,-20,-13
0.002000093460083008,0.002000093460083008,7,-20,-13
0.00800013542175293,0.00800013542175293,20,-6,14
0.0019998550415039062,0.0019998550415039062,8,-18,-10
0.002000093460083008,0.002000093460083008,3,-14,-11
0.002000093460083008,0.002000093460083008,12,-12,0
0.002000093460083008,0.002000093460083008,20,-11,9
0.0019998550415039062,0.0019998550415039062,2,-18,-16
0.0010001659393310547,0.0010001659393310547,15,-5,10
0.002000093460083008,0.002000093460083008,14,-6,8
0.002000093460083008,0.002000093460083008,4,0,4
0.003000020980834961,0.003000020980834961,7,-15,-8
0.0009999275207519531,0.0009999275207519531,4,-18,-14
0.0009999275207519531,0.0009999275207519531,1,-11,-10
0.0009999275207519531,0.0009999275207519531,2,-18,-16
0.0010001659393310547,0.0010001659393310547,15,-18,-3
0.0019998550415039062,0.0019998550415039062,15,-8,7
0.0019998550415039062,0.0019998550415039062,8,-6,2
0.0009999275207519531,0.0009999275207519531,15,-17,-2
0.002000093460083008,0.002000093460083008,15,-18,-3
0.0009999275207519531,0.0009999275207519531,11,-11,0
0.002000093460083008,0.002000093460083008,4,-14,-10
0.0009999275207519531,0.0009999275207519531,15,-13,2
0.0009999275207519531,0.0009999275207519531,4,-18,-14
0.002000093460083008,0.002000093460083008,3,-15,-12
0.0009999275207519531,0.0009999275207519531,4,-14,-10
0.0019998550415039062,0.0019998550415039062,1,-14,-13
0.003999948501586914,0.003999948501586914,6,-8,-2
0.0009999275207519531,0.0009999275207519531,2,-2,0
0.0019998550415039062,0.0019998550415039062,1,-10,-9
0.0009999275207519531,0.0009999275207519531,3,-11,-8
0.002000093460083008,0.002000093460083008,2,-18,-16
0.003000020980834961,0.003000020980834961,2,-7,-5
0.002000093460083008,0.002000093460083008,7,-11,-4
0.0019998550415039062,0.0019998550415039062,4,-19,-15
0.0009999275207519531,0.0009999275207519531,3,-15,-12
0.0009999275207519531,0.0009999275207519531,4,-11,-7
0.002000093460083008,0.002000093460083008,2,-19,-17
0.0010001659393310547,0.0010001659393310547,4,-18,-14
0.0009999275207519531,0.0009999275207519531,2,-7,-5
0.0029997825622558594,0.0029997825622558594,14,-19,-5
0.0009999275207519531,0.0009999275207519531,7,-18,-11
0.0070002079010009766,0.0070002079010009766,3,-15,-12
0.003000020980834961,0.003000020980834961,3,-19,-16
0.0009999275207519531,0.0009999275207519531,4,-18,-14
0.002000093460083008,0.002000093460083008,13,-18,-5
0.0019998550415039062,0.0019998550415039062,1,-18,-17
0.003000020980834961,0.003000020980834961,1,-19,-18
0.0009999275207519531,0.0009999275207519531,10,-6,4
0.0019998550415039062,0.0019998550415039062,9,-5,4
0.0019998550415039062,0.0019998550415039062,11,-18,-7
0.0009999275207519531,0.0009999275207519531,11,-17,-6
0.0019998550415039062,0.0019998550415039062,2,-18,-16
0.0009999275207519531,0.0009999275207519531,6,-14,-8
0.0009999275207519531,0.0009999275207519531,7,-19,-12
0.019999980926513672,0.019999980926513672,2,-6,-4
0.004000186920166016,0.004000186920166016,1,-11,-10
0.004999876022338867,0.004999876022338867,5,-19,-14
0.003000020980834961,0.003000020980834961,2,-17,-15
0.0010001659393310547,0.0010001659393310547,1,-11,-10
0.002000093460083008,0.002000093460083008,2,-19,-17
0.002000093460083008,0.002000093460083008,2,-18,-16
0.0010001659393310547,0.0010001659393310547,1,-19,-18
0.006000041961669922,0.006000041961669922,2,-19,-17
0.002000093460083008,0.002000093460083008,13,-19,-6
0.002000093460083008,0.002000093460083008,1,-6,-5
0.002000093460083008,0.002000093460083008,1,-19,-18
0.003000020980834961,0.003000020980834961,1,-20,-19
0.0029997825622558594,0.0029997825622558594,3,-6,-3
0.002000093460083008,0.002000093460083008,2,-18,-16
0.009000062942504883,0.009000062942504883,1,-6,-5
0.0009999275207519531,0.0009999275207519531,1,-6,-5
0.0009999275207519531,0.0009999275207519531,2,-19,-17
0.0009999275207519531,0.0009999275207519531,1,-19,-18
0.0019998550415039062,0.0019998550415039062,1,-6,-5
0.007999897003173828,0.007999897003173828,2,-19,-17
0.004999876022338867,0.004999876022338867,2,-20,-18
0.002000093460083008,0.002000093460083008,1,-5,-4
0.0009999275207519531,0.0009999275207519531,6,-19,-13
0.002000093460083008,0.002000093460083008,1,-20,-19
0.0019998550415039062,0.0019998550415039062,3,-6,-3
0.004000186920166016,0.004000186920166016,2,-19,-17
0.010999917984008789,0.010999917984008789,1,-20,-19
0.0009999275207519531,0.0009999275207519531,1,-10,-9
0.0019998550415039062,0.0019998550415039062,3,-19,-16
0.0009999275207519531,0.0009999275207519531,1,-7,-6
0.0019998550415039062,0.0019998550415039062,10,-19,-9
0.0010001659393310547,0.0010001659393310547,2,-19,-17
0.0019998550415039062,0.0019998550415039062,1,-9,-8
0.012000083923339844,0.012000083923339844,6,-20,-14
0.002000093460083008,0.002000093460083008,14,-14,0
0.003999948501586914,0.003999948501586914,1,-20,-19
0.0009999275207519531,0.0009999275207519531,1,-20,-19
0.0009999275207519531,0.0009999275207519531,6,-6,0
0.002000093460083008,0.002000093460083008,14,-13,1
0.008999824523925781,0.008999824523925781,1,-17,-16
0.0010001659393310547,0.0010001659393310547,1,-5,-4
0.0019998550415039062,0.0019998550415039062,1,-5,-4
0.002000093460083008,0.002000093460083008,3,-17,-14
0.0009999275207519531,0.0009999275207519531,1,-13,-12
0.0009999275207519531,0.0009999275207519531,1,-5,-4
0.0009999275207519531,0.0009999275207519531,2,-20,-18
0.0019998550415039062,0.0019998550415039062,6,-20,-14
0.017999887466430664,0.017999887466430664,0,-20,-20
0.004000186920166016,0.004000186920166016,1,-9,-8
0.002000093460083008,0.002000093460083008,1,-19,-18
0.0019998550415039062,0.0019998550415039062,10,-20,-10
0.0019998550415039062,0.0019998550415039062,6,-19,-13
0.0019998550415039062,0.0019998550415039062,0,-20,-20
0.003000020980834961,0.003000020980834961,2,-20,-18
0.009999990463256836,0.009999990463256836,1,-9,-8
0.002000093460083008,0.002000093460083008,1,-20,-19
0.002000093460083008,0.002000093460083008,0,-9,-9
0.0009999275207519531,0.0009999275207519531,6,-20,-14
0.0019998550415039062,0.0019998550415039062,2,-20,-18
0.0009999275207519531,0.0009999275207519531,2,-20,-18
0.002000093460083008,0.002000093460083008,1,-12,-11
0.002000093460083008,0.002000093460083008,14,-5,9
0.002000093460083008,0.002000093460083008,2,-20,-18
0.002000093460083008,0.002000093460083008,3,-7,-4
0.002000093460083008,0.002000093460083008,1,-20,-19
0.0009999275207519531,0.0009999275207519531,1,-12,-11
0.0009999275207519531,0.0009999275207519531,6,-20,-14
0.004999876022338867,0.004999876022338867,0,-19,-19
0.006999969482421875,0.006999969482421875,1,-5,-4
0.003000020980834961,0.003000020980834961,6,-17,-11
0.0019998550415039062,0.0019998550415039062,1,-6,-5
0.0019998550415039062,0.0009999275207519531,0,-5,-5
0.0010001659393310547,0.0010001659393310547,1,-17,-16
0.002000093460083008,0.002000093460083008,0,-19,-19
0.0010001659393310547,0.0010001659393310547,0,-13,-13
0.009999990463256836,0.009999990463256836,11,-20,-9
0.002000093460083008,0.002000093460083008,1,-13,-12
0.0009999275207519531,0.0009999275207519531,1,-13,-12
0.005000114440917969,0.005000114440917969,0,-13,-13
0.003999948501586914,0.003999948501586914,3,-20,-17
0.006000041961669922,0.006000041961669922,1,-9,-8
0.01100015640258789,0.01100015640258789,1,-16,-15
0.0009999275207519531,0.0009999275207519531,3,-20,-17
0.0019998550415039062,0.0019998550415039062,8,-17,-9
0.0009999275207519531,0.0009999275207519531,3,-20,-17
0.0009999275207519531,0.0009999275207519531,3,-9,-6
0.0009999275207519531,0.0009999275207519531,7,-17,-10
0.002000093460083008,0.002000093460083008,1,-17,-16
0.005000114440917969,0.005000114440917969,0,-9,-9
0.006999969482421875,0.006999969482421875,0,-17,-17
0.0019998550415039062,0.0019998550415039062,0,-17,-17
0.002000093460083008,0.002000093460083008,15,-17,-2
0.002000093460083008,0.002000093460083008,3,-17,-14
0.002000093460083008,0.002000093460083008,0,-15,-15
0.002000093460083008,0.002000093460083008,0,-11,-11
0.0009999275207519531,0.0009999275207519531,0,-5,-5
0.002000093460083008,0.002000093460083008,8,-20,-12
0.002000093460083008,0.002000093460083008,0,-13,-13
0.0010001659393310547,0.0010001659393310547,7,-20,-13
0.002000093460083008,0.002000093460083008,15,-20,-5
0.0010001659393310547,0.0010001659393310547,0,-5,-5
0.006000041961669922,0.006000041961669922,3,-9,-6
0.0009999275207519531,0.0009999275207519531,0,-9,-9
0.002000093460083008,0.002000093460083008,3,-19,-16
0.0009999275207519531,0.0009999275207519531,15,-20,-5
0.0009999275207519531,0.0009999275207519531,1,-20,-19
0.0070002079010009766,0.0070002079010009766,0,-9,-9
0.04999995231628418,0.04999995231628418,9,-20,-11
0.006999969482421875,0.006999969482421875,14,-17,-3
0.0009999275207519531,0.0009999275207519531,0,-12,-12
0.002000093460083008,0.002000093460083008,0,-18,-18
0.0019998550415039062,0.0019998550415039062,0,-5,-5
0.0009999275207519531,0.0009999275207519531,3,-20,-17
0.01900005340576172,0.01900005340576172,8,-5,3
0.014999866485595703,0.014999866485595703,11,-9,2
0.0019998550415039062,0.0019998550415039062,0,-19,-19
0.03299999237060547,0.03299999237060547,10,-20,-10
0.010999917984008789,0.010999917984008789,8,-20,-12
0.0019998550415039062,0.0019998550415039062,11,-20,-9
0.002000093460083008,0.002000093460083008,0,-4,-4
0.013000011444091797,0.013000011444091797,0,-4,-4
0.023999929428100586,0.023999929428100586,7,-19,-12
0.004999876022338867,0.004999876022338867,0,-9,-9
0.01900005340576172,0.01900005340576172,11,-13,-2
0.00599980354309082,0.00599980354309082,7,-20,-13
0.005000114440917969,0.005000114440917969,15,-20,-5
0.003000020980834961,0.003000020980834961,0,-17,-17
0.023999929428100586,0.023999929428100586,16,-20,-4
0.020999908447265625,0.020999908447265625,7,-20,-13
0.002000093460083008,0.002000093460083008,4,-9,-5
0.002000093460083008,0.002000093460083008,3,-20,-17
0.002000093460083008,0.002000093460083008,0,-17,-17
0.007999897003173828,0.007999897003173828,8,-20,-12
0.019999980926513672,0.019999980926513672,7,-19,-12
0.019999980926513672,0.019999980926513672,6,-20,-14
0.006999969482421875,0.006999969482421875,0,-13,-13
0.016000032424926758,0.016000032424926758,0,-4,-4
0.0009999275207519531,0.0009999275207519531,15,-20,-5
0.0019998550415039062,0.0019998550415039062,0,-19,-19
0.002000093460083008,0.002000093460083008,15,-17,-2
0.003000020980834961,0.003000020980834961,0,-19,-19
0.0029997825622558594,0.0029997825622558594,7,-9,-2
0.004000186920166016,0.004000186920166016,0,-4,-4
0.0010001659393310547,0.0010001659393310547,7,-20,-13
0.003999948501586914,0.003999948501586914,8,-5,3
0.004999876022338867,0.004999876022338867,0,-8,-8
0.002000093460083008,0.002000093460083008,11,-17,-6
0.00800013542175293,0.00800013542175293,0,-12,-12
0.002000093460083008,0.002000093460083008,11,-5,6
0.003000020980834961,0.003000020980834961,7,-20,-13
0.0019998550415039062,0.0019998550415039062,3,-20,-17
0.007999897003173828,0.007999897003173828,11,-13,-2
0.0029997825622558594,0.0029997825622558594,0,-9,-9
0.003000020980834961,0.003000020980834961,0,-13,-13
0.0009999275207519531,0.0009999275207519531,15,-20,-5
0.0009999275207519531,0.0009999275207519531,1,-19,-18
0.0029997825622558594,0.0029997825622558594,10,-16,-6
0.006000041961669922,0.006000041961669922,11,-20,-9
0.003999948501586914,0.003999948501586914,0,-4,-4
0.003999948501586914,0.003999948501586914,11,-20,-9
0.003000020980834961,0.003000020980834961,15,-19,-4
0.002000093460083008,0.002000093460083008,4,-9,-5
0.0019998550415039062,0.0019998550415039062,0,-6,-6
0.002000093460083008,0.002000093460083008,16,-20,-4
0.007999897003173828,0.007999897003173828,0,-16,-16
0.004999876022338867,0.004999876022338867,2,-20,-18
0.002000093460083008,0.002000093460083008,0,-17,-17
0.0010001659393310547,0.0010001659393310547,0,-17,-17
0.0009999275207519531,0.0009999275207519531,0,-6,-6
0.0009999275207519531,0.0009999275207519531,0,-17,-17
0.0019998550415039062,0.0019998550415039062,0,-9,-9
0.005000114440917969,0.005000114440917969,3,-20,-17
0.003000020980834961,0.003000020980834961,11,-13,-2
0.002000093460083008,0.002000093460083008,0,-13,-13
0.0019998550415039062,0.0019998550415039062,0,-9,-9
0.002000093460083008,0.002000093460083008,0,-8,-8
0.009000062942504883,0.009000062942504883,12,-20,-8
0.0019998550415039062,0.0019998550415039062,11,-13,-2
0.004999876022338867,0.004999876022338867,0,-17,-17
0.009000062942504883,0.009000062942504883,0,-17,-17
0.005000114440917969,0.005000114440917969,0,-5,-5
0.0029997825622558594,0.0029997825622558594,15,-20,-5
0.0019998550415039062,0.0019998550415039062,0,-13,-13
0.004999876022338867,0.004999876022338867,3,-20,-17
0.002000093460083008,0.0010001659393310547,3,-20,-17
0.014000177383422852,0.013000011444091797,0,-19,-19
0.0010001659393310547,0.0010001659393310547,15,-17,-2
0.003999948501586914,0.003999948501586914,11,-20,-9
0.0009999275207519531,0.0009999275207519531,15,-13,2
0.013000011444091797,0.013000011444091797,1,-20,-19
0.006999969482421875,0.006999969482421875,11,-20,-9
0.002000093460083008,0.002000093460083008,7,-20,-13
0.002000093460083008,0.002000093460083008,15,-20,-5
0.003000020980834961,0.003000020980834961,0,-5,-5
0.004000186920166016,0.004000186920166016,0,-5,-5
0.0019998550415039062,0.0019998550415039062,0,-8,-8
0.0019998550415039062,0.0019998550415039062,15,-20,-5
0.002000093460083008,0.002000093460083008,3,-9,-6
0.0010001659393310547,0.0010001659393310547,3,-12,-9
0.00599980354309082,0.00599980354309082,1,-20,-19
0.0009999275207519531,0.0009999275207519531,3,-20,-17
0.002000093460083008,0.002000093460083008,0,-13,-13
0.004999876022338867,0.004999876022338867,11,-5,6
0.003999948501586914,0.003999948501586914,11,-20,-9
0.002000093460083008,0.002000093460083008,15,-20,-5
0.006999969482421875,0.006999969482421875,15,-18,-3
0.0009999275207519531,0.0009999275207519531,7,-9,-2
0.002000093460083008,0.002000093460083008,7,-17,-10
0.004000186920166016,0.004000186920166016,0,-17,-17
0.002000093460083008,0.002000093460083008,11,-17,-6
0.005000114440917969,0.005000114440917969,0,-3,-3
0.003000020980834961,0.003000020980834961,0,-13,-13
0.0009999275207519531,0.0009999275207519531,0,-9,-9
0.0009999275207519531,0.0009999275207519531,1,-20,-19
0.0009999275207519531,0.0009999275207519531,11,-20,-9
0.012000083923339844,0.012000083923339844,0,-9,-9
0.002000093460083008,0.002000093460083008,3,-20,-17
0.002000093460083008,0.002000093460083008,7,-16,-9
0.002000093460083008,0.002000093460083008,2,-20,-18
0.0010001659393310547,0.0010001659393310547,1,-20,-19
0.0019998550415039062,0.0019998550415039062,7,-20,-13
0.002000093460083008,0.002000093460083008,1,-20,-19
0.018999814987182617,0.018999814987182617,0,-17,-17
0.006999969482421875,0.006999969482421875,0,-19,-19
0.0029997825622558594,0.0029997825622558594,0,-16,-16
0.0019998550415039062,0.0019998550415039062,12,-20,-8
0.0009999275207519531,0.0009999275207519531,1,-20,-19
0.006000041961669922,0.006000041961669922,0,-19,-19
0.003999948501586914,0.003999948501586914,0,-12,-12
0.002000093460083008,0.002000093460083008,0,-17,-17
0.0009999275207519531,0.0009999275207519531,1,-18,-17
0.0009999275207519531,0.0009999275207519531,0,-14,-14
0.002000093460083008,0.002000093460083008,7,-20,-13
0.002000093460083008,0.002000093460083008,3,-12,-9
0.002000093460083008,0.002000093460083008,7,-20,-13
0.006999969482421875,0.006999969482421875,0,-17,-17
0.003999948501586914,0.003999948501586914,0,-19,-19
0.002000093460083008,0.002000093460083008,2,-5,-3
0.003000020980834961,0.003000020980834961,11,-20,-9
0.002000093460083008,0.002000093460083008,11,-20,-9
0.002000093460083008,0.002000093460083008,3,-20,-17
0.0019998550415039062,0.0019998550415039062,0,-5,-5
0.003999948501586914,0.003999948501586914,1,-17,-16
0.008999824523925781,0.008999824523925781,0,-19,-19
0.002000093460083008,0.002000093460083008,2,-20,-18
0.002000093460083008,0.002000093460083008,0,-17,-17
0.0010001659393310547,0.0010001659393310547,0,-19,-19
0.003999948501586914,0.003999948501586914,1,-17,-16
0.003999948501586914,0.003999948501586914,6,-20,-14
0.0009999275207519531,0.0009999275207519531,7,-8,-1
0.0009999275207519531,0.0009999275207519531,17,-7,10
0.0010001659393310547,0.0010001659393310547,20,-7,13
0.0019998550415039062,0.0019998550415039062,9,-5,4
0.0009999275207519531,0.0009999275207519531,20,-11,9
0.0,0.0,16,0,16
0.0010001659393310547,0.0010001659393310547,7,-19,-12
0.002000093460083008,0.002000093460083008,11,-8,3
0.003000020980834961,0.003000020980834961,2,0,2
0.0009999275207519531,0.0009999275207519531,0,-6,-6
0.0019998550415039062,0.0019998550415039062,11,-5,6
0.0009999275207519531,0.0009999275207519531,11,-10,1
0.005000114440917969,0.005000114440917969,2,-15,-13
0.0009999275207519531,0.0009999275207519531,19,-6,13
0.003000020980834961,0.003000020980834961,8,-6,2
0.0009999275207519531,0.0009999275207519531,11,-6,5
0.0009999275207519531,0.0009999275207519531,2,-1,1
0.0010001659393310547,0.0010001659393310547,0,-8,-8
0.0029997825622558594,0.0029997825622558594,7,-11,-4
0.0019998550415039062,0.0019998550415039062,3,-19,-16
0.0019998550415039062,0.0019998550415039062,7,-10,-3
0.007999897003173828,0.007999897003173828,7,-19,-12
0.002000093460083008,0.002000093460083008,8,-2,6
0.0009999275207519531,0.0009999275207519531,0,-11,-11
0.0009999275207519531,0.0009999275207519531,6,-20,-14
0.0,0.0,1,-9,-8
0.002000093460083008,0.002000093460083008,5,-19,-14
0.0010001659393310547,0.0010001659393310547,7,-11,-4
0.0009999275207519531,0.0009999275207519531,7,-14,-7
0.0009999275207519531,0.0009999275207519531,0,-19,-19
0.0009999275207519531,0.0009999275207519531,3,-14,-11
0.0009999275207519531,0.0009999275207519531,6,-6,0
0.0009999275207519531,0.0009999275207519531,0,-13,-13
0.0019998550415039062,0.0019998550415039062,2,-10,-8
0.0009999275207519531,0.0009999275207519531,15,-19,-4
0.0010001659393310547,0.0010001659393310547,1,-20,-19
0.0009999275207519531,0.0009999275207519531,2,-18,-16
0.0009999275207519531,0.0009999275207519531,6,-6,0
0.0009999275207519531,0.0009999275207519531,0,-20,-20
0.003999948501586914,0.003999948501586914,3,-18,-15
0.0009999275207519531,0.0009999275207519531,0,-6,-6
0.004999876022338867,0.004999876022338867,11,-14,-3
0.0010001659393310547,0.0010001659393310547,0,-10,-10
0.002000093460083008,0.002000093460083008,3,-19,-16
0.0009999275207519531,0.0009999275207519531,1,-18,-17
0.0009999275207519531,0.0,3,-19,-16
0.0009999275207519531,0.0009999275207519531,3,-20,-17
0.007999897003173828,0.007999897003173828,0,-20,-20
0.0009999275207519531,0.0009999275207519531,1,-20,-19
0.0009999275207519531,0.0009999275207519531,1,-19,-18
0.0,0.0,10,-5,5
0.0009999275207519531,0.0009999275207519531,3,-20,-17
0.0019998550415039062,0.0019998550415039062,4,-19,-15
0.0010001659393310547,0.0010001659393310547,0,-20,-20
0.0009999275207519531,0.0009999275207519531,1,-20,-19
0.0009999275207519531,0.0009999275207519531,11,-19,-8
0.0009999275207519531,0.0009999275207519531,0,-5,-5
0.004000186920166016,0.004000186920166016,1,-17,-16
0.0009999275207519531,0.0009999275207519531,0,-19,-19
0.0009999275207519531,0.0,0,-13,-13
0.0009999275207519531,0.0009999275207519531,0,-19,-19
0.0,0.0,0,-9,-9
0.0009999275207519531,0.0009999275207519531,0,-19,-19
0.0,0.0,0,-19,-19
0.0,0.0,0,-19,-19
0.0009999275207519531,0.0009999275207519531,0,-13,-13
0.0009999275207519531,0.0009999275207519531,4,-19,-15
0.0009999275207519531,0.0009999275207519531,0,-9,-9
0.0010001659393310547,0.0010001659393310547,0,-13,-13
0.0009999275207519531,0.0009999275207519531,1,-19,-18
0.0010001659393310547,0.0010001659393310547,0,-5,-5
0.0,0.0,7,-9,-2
0.0010001659393310547,0.0010001659393310547,0,-19,-19
0.0,0.0,3,-20,-17
0.0009999275207519531,0.0009999275207519531,0,-9,-9
0.0009999275207519531,0.0009999275207519531,0,-14,-14
0.0010001659393310547,0.0010001659393310547,1,-13,-12
0.0010001659393310547,0.0010001659393310547,0,-16,-16
0.0,0.0,0,-19,-19
0.0009999275207519531,0.0009999275207519531,11,-20,-9
0.0010001659393310547,0.0010001659393310547,1,-20,-19
0.003000020980834961,0.003000020980834961,7,-20,-13
0.0010001659393310547,0.0010001659393310547,0,-17,-17
0.0009999275207519531,0.0009999275207519531,7,-19,-12
0.0019998550415039062,0.0019998550415039062,11,-13,-2
0.002000093460083008,0.002000093460083008,3,-20,-17
0.0009999275207519531,0.0009999275207519531,0,-13,-13
0.00599980354309082,0.00599980354309082,3,-5,-2
0.0009999275207519531,0.0009999275207519531,6,-17,-11
0.0019998550415039062,0.0019998550415039062,1,-19,-18
0.003000020980834961,0.002000093460083008,0,-12,-12
0.0009999275207519531,0.0009999275207519531,11,-13,-2
0.0009999275207519531,0.0009999275207519531,0,-13,-13
0.002000093460083008,0.002000093460083008,7,-20,-13
0.0009999275207519531,0.0009999275207519531,15,-19,-4
0.0009999275207519531,0.0009999275207519531,11,-20,-9
0.006000041961669922,0.006000041961669922,0,-12,-12
0.0010001659393310547,0.0010001659393310547,15,-20,-5
0.0009999275207519531,0.0009999275207519531,0,-9,-9
0.0010001659393310547,0.0010001659393310547,7,-20,-13
0.0009999275207519531,0.0009999275207519531,0,-16,-16
0.0009999275207519531,0.0009999275207519531,11,-20,-9
0.0009999275207519531,0.0009999275207519531,0,-5,-5
0.0010001659393310547,0.0010001659393310547,7,-20,-13
0.002000093460083008,0.0009999275207519531,3,-20,-17
0.0009999275207519531,0.0009999275207519531,0,-12,-12
0.0010001659393310547,0.0010001659393310547,5,-19,-14
0.0009999275207519531,0.0009999275207519531,7,-9,-2
0.002000093460083008,0.002000093460083008,0,-19,-19
0.003000020980834961,0.003000020980834961,0,-5,-5
0.004999876022338867,0.004999876022338867,0,-13,-13
0.0019998550415039062,0.0019998550415039062,7,-20,-13
0.0009999275207519531,0.0009999275207519531,15,-20,-5
0.0010001659393310547,0.0010001659393310547,15,-13,2
0.0009999275207519531,0.0009999275207519531,8,-19,-11
0.00800013542175293,0.00800013542175293,0,-13,-13
0.0010001659393310547,0.0010001659393310547,0,-17,-17
0.0019998550415039062,0.0019998550415039062,15,-17,-2
0.0019998550415039062,0.0019998550415039062,0,-12,-12
0.0009999275207519531,0.0009999275207519531,8,-9,-1
0.0010001659393310547,0.0010001659393310547,0,-13,-13
0.0009999275207519531,0.0009999275207519531,0,-17,-17
0.0010001659393310547,0.0010001659393310547,3,-12,-9
0.0009999275207519531,0.0009999275207519531,15,-20,-5
0.007999897003173828,0.007999897003173828,16,-20,-4
0.0009999275207519531,0.0009999275207519531,0,-5,-5
0.0,0.0,0,-13,-13
0.0009999275207519531,0.0009999275207519531,0,-17,-17
0.0009999275207519531,0.0009999275207519531,7,-20,-13
0.0010001659393310547,0.0010001659393310547,3,-20,-17
0.0009999275207519531,0.0009999275207519531,0,-17,-17
0.0,0.0,11,-5,6
0.0009999275207519531,0.0009999275207519531,1,-19,-18
0.0010001659393310547,0.0010001659393310547,11,-20,-9
0.0,0.0,17,-20,-3
0.002000093460083008,0.002000093460083008,0,-9,-9
0.003999948501586914,0.003999948501586914,14,-20,-6
0.0009999275207519531,0.0009999275207519531,0,-5,-5
0.0010001659393310547,0.0010001659393310547,12,-20,-8
0.0010001659393310547,0.0010001659393310547,7,-20,-13
0.0009999275207519531,0.0009999275207519531,0,-13,-13
0.0010001659393310547,0.0010001659393310547,11,-20,-9
0.0019998550415039062,0.0019998550415039062,0,-10,-10
0.0009999275207519531,0.0009999275207519531,0,-19,-19
0.0010001659393310547,0.0010001659393310547,6,-20,-14
0.0009999275207519531,0.0009999275207519531,0,-5,-5
0.0010001659393310547,0.0010001659393310547,3,-20,-17
0.0009999275207519531,0.0009999275207519531,0,-13,-13
0.0010001659393310547,0.0010001659393310547,0,-9,-9
0.0009999275207519531,0.0009999275207519531,1,-20,-19
0.002000093460083008,0.002000093460083008,2,-9,-7
0.0010001659393310547,0.0010001659393310547,11,-20,-9
0.0009999275207519531,0.0009999275207519531,11,-20,-9
0.002000093460083008,0.002000093460083008,7,-20,-13
0.0009999275207519531,0.0009999275207519531,12,-20,-8
0.0009999275207519531,0.0009999275207519531,3,-20,-17
0.0009999275207519531,0.0009999275207519531,0,-5,-5
0.0010001659393310547,0.0010001659393310547,4,-20,-16
0.002000093460083008,0.0009999275207519531,0,-13,-13
0.002000093460083008,0.002000093460083008,0,-13,-13
0.002000093460083008,0.002000093460083008,7,-20,-13
0.002000093460083008,0.002000093460083008,7,-20,-13
0.002000093460083008,0.002000093460083008,7,-20,-13
0.0009999275207519531,0.0009999275207519531,1,-20,-19
0.0009999275207519531,0.0009999275207519531,12,-20,-8
0.0010001659393310547,0.0010001659393310547,0,-19,-19
0.002000093460083008,0.002000093460083008,0,-5,-5
0.0010001659393310547,0.0010001659393310547,11,-20,-9
0.0009999275207519531,0.0009999275207519531,7,-19,-12
0.0009999275207519531,0.0009999275207519531,7,-20,-13
0.0009999275207519531,0.0009999275207519531,0,-5,-5
0.0009999275207519531,0.0009999275207519531,0,-13,-13
0.0010001659393310547,0.0010001659393310547,15,-20,-5
0.0009999275207519531,0.0009999275207519531,1,-20,-19
0.002000093460083008,0.002000093460083008,0,-17,-17
0.009000062942504883,0.009000062942504883,11,-20,-9
0.003000020980834961,0.003000020980834961,0,-9,-9
0.002000093460083008,0.002000093460083008,7,-17,-10
0.002000093460083008,0.002000093460083008,7,-20,-13
0.0010001659393310547,0.0010001659393310547,15,-20,-5
0.0019998550415039062,0.0019998550415039062,1,-20,-19
0.0010001659393310547,0.0010001659393310547,3,-20,-17
0.0009999275207519531,0.0009999275207519531,0,-17,-17
0.003999948501586914,0.003999948501586914,3,-20,-17
0.003000020980834961,0.003000020980834961,8,-20,-12
0.0009999275207519531,0.0009999275207519531,0,-17,-17
0.0010001659393310547,0.0010001659393310547,15,-8,7
0.0019998550415039062,0.0019998550415039062,1,-20,-19
0.0010001659393310547,0.0010001659393310547,0,-17,-17
0.002000093460083008,0.002000093460083008,15,-19,-4
0.0009999275207519531,0.0009999275207519531,7,-20,-13
0.003000020980834961,0.003000020980834961,0,-13,-13
0.0009999275207519531,0.0009999275207519531,2,-20,-18
0.0019998550415039062,0.0019998550415039062,1,-9,-8
0.0010001659393310547,0.0010001659393310547,1,-19,-18
0.0009999275207519531,0.0009999275207519531,8,-20,-12
0.0009999275207519531,0.0009999275207519531,0,-5,-5
0.0010001659393310547,0.0010001659393310547,11,-13,-2
0.0009999275207519531,0.0009999275207519531,7,-20,-13
0.0009999275207519531,0.0009999275207519531,3,-20,-17
0.0009999275207519531,0.0009999275207519531,7,-12,-5
0.0010001659393310547,0.0010001659393310547,1,-17,-16
0.0009999275207519531,0.0009999275207519531,1,-19,-18
0.0009999275207519531,0.0009999275207519531,3,-16,-13
0.0009999275207519531,0.0009999275207519531,7,-17,-10
0.002000093460083008,0.002000093460083008,7,-20,-13
0.0010001659393310547,0.0010001659393310547,11,-20,-9
0.0019998550415039062,0.0019998550415039062,7,-19,-12
0.0009999275207519531,0.0009999275207519531,0,-5,-5
0.002000093460083008,0.002000093460083008,4,-13,-9
0.002000093460083008,0.002000093460083008,11,-20,-9
0.002000093460083008,0.002000093460083008,3,-20,-17
0.002000093460083008,0.002000093460083008,12,-20,-8
0.009000062942504883,0.009000062942504883,0,-6,-6
0.009000062942504883,0.009000062942504883,3,-5,-2
0.002000093460083008,0.002000093460083008,7,-20,-13
0.0009999275207519531,0.0009999275207519531,15,-20,-5
0.0009999275207519531,0.0009999275207519531,16,-13,3
0.0009999275207519531,0.0009999275207519531,16,-20,-4
0.003000020980834961,0.003000020980834961,3,-8,-5
0.0009999275207519531,0.0009999275207519531,7,-10,-3
0.0019998550415039062,0.0019998550415039062,0,-19,-19
0.002000093460083008,0.0009999275207519531,0,-16,-16
0.0019998550415039062,0.0019998550415039062,4,-5,-1
0.0,0.0,11,-13,-2
0.0010001659393310547,0.0010001659393310547,1,-19,-18
0.0009999275207519531,0.0009999275207519531,0,-9,-9
0.0019998550415039062,0.0019998550415039062,7,-13,-6
0.0009999275207519531,0.0009999275207519531,4,-19,-15
0.0009999275207519531,0.0009999275207519531,15,-20,-5
0.0010001659393310547,0.0010001659393310547,0,-19,-19
0.0009999275207519531,0.0009999275207519531,11,-19,-8
0.0010001659393310547,0.0010001659393310547,0,-9,-9
0.003000020980834961,0.003000020980834961,0,-19,-19
0.003999948501586914,0.003999948501586914,11,-5,6
0.0009999275207519531,0.0009999275207519531,0,-17,-17
0.0029997825622558594,0.0029997825622558594,13,-14,-1
0.0009999275207519531,0.0009999275207519531,11,-19,-8
0.002000093460083008,0.002000093460083008,7,-13,-6
0.0019998550415039062,0.0019998550415039062,1,-20,-19
0.0009999275207519531,0.0009999275207519531,7,-19,-12
0.002000093460083008,0.002000093460083008,15,-17,-2
0.0019998550415039062,0.0019998550415039062,0,-17,-17
0.0009999275207519531,0.0009999275207519531,0,-19,-19
0.002000093460083008,0.002000093460083008,0,-17,-17
0.002000093460083008,0.002000093460083008,7,-20,-13
0.0009999275207519531,0.0009999275207519531,0,-5,-5
0.003999948501586914,0.003999948501586914,1,-19,-18
0.003000020980834961,0.003000020980834961,0,-13,-13
0.0010001659393310547,0.0010001659393310547,15,-9,6
0.0010001659393310547,0.0010001659393310547,0,-19,-19
0.0009999275207519531,0.0009999275207519531,3,-20,-17
0.0009999275207519531,0.0009999275207519531,11,-20,-9
0.0009999275207519531,0.0009999275207519531,1,-20,-19
0.0010001659393310547,0.0010001659393310547,7,-9,-2
0.002000093460083008,0.002000093460083008,11,-20,-9
0.0009999275207519531,0.0009999275207519531,0,-13,-13
0.0009999275207519531,0.0009999275207519531,0,-18,-18
0.0009999275207519531,0.0009999275207519531,0,-17,-17
0.0009999275207519531,0.0009999275207519531,3,-20,-17
0.002000093460083008,0.002000093460083008,15,-20,-5
0.0019998550415039062,0.0019998550415039062,7,-9,-2
0.0010001659393310547,0.0010001659393310547,4,-20,-16
0.002000093460083008,0.002000093460083008,4,-20,-16
0.0009999275207519531,0.0009999275207519531,0,-16,-16
0.0019998550415039062,0.0019998550415039062,0,-19,-19
0.004999876022338867,0.004999876022338867,0,-14,-14
0.0019998550415039062,0.0019998550415039062,15,-20,-5
0.0010001659393310547,0.0010001659393310547,0,-9,-9
0.002000093460083008,0.002000093460083008,0,-17,-17
0.003999948501586914,0.003999948501586914,15,-17,-2
0.0009999275207519531,0.0009999275207519531,3,-6,-3
0.0009999275207519531,0.0009999275207519531,7,-17,-10
0.0019998550415039062,0.0019998550415039062,7,-19,-12
0.0009999275207519531,0.0009999275207519531,0,-9,-9
0.0010001659393310547,0.0010001659393310547,4,-20,-16
0.0019998550415039062,0.0019998550415039062,15,-20,-5
0.0009999275207519531,0.0009999275207519531,3,-20,-17
0.0010001659393310547,0.0010001659393310547,1,-9,-8
0.0019998550415039062,0.0019998550415039062,7,-20,-13
0.0019998550415039062,0.0019998550415039062,0,-6,-6
0.0009999275207519531,0.0009999275207519531,0,-17,-17
0.002000093460083008,0.002000093460083008,3,-20,-17
0.0009999275207519531,0.0009999275207519531,0,-13,-13
0.002000093460083008,0.002000093460083008,1,-16,-15
0.0010001659393310547,0.0010001659393310547,0,-17,-17
0.008999824523925781,0.008999824523925781,8,-20,-12
0.0010001659393310547,0.0010001659393310547,1,-20,-19
0.0009999275207519531,0.0009999275207519531,3,-20,-17
0.002000093460083008,0.002000093460083008,3,-20,-17
0.0009999275207519531,0.0009999275207519531,8,-9,-1
0.0010001659393310547,0.0010001659393310547,1,-20,-19
0.0019998550415039062,0.0019998550415039062,0,-10,-10
0.0009999275207519531,0.0009999275207519531,3,-20,-17
0.002000093460083008,0.002000093460083008,0,-9,-9
0.002000093460083008,0.002000093460083008,3,-20,-17
0.003000020980834961,0.003000020980834961,0,-10,-10
0.0009999275207519531,0.0009999275207519531,1,-19,-18
0.009999990463256836,0.009999990463256836,0,-8,-8
0.0009999275207519531,0.0009999275207519531,0,-13,-13
0.0019998550415039062,0.0019998550415039062,0,-13,-13
0.30099987983703613,0.2590000629425049,6,-8,-2
0.002000093460083008,0.002000093460083008,9,-6,3
0.017999887466430664,0.017999887466430664,14,-1,13
0.0009999275207519531,0.0009999275207519531,17,-2,15
0.0010001659393310547,0.0010001659393310547,18,0,18
0.0,0.0,3,-5,-2
0.002000093460083008,0.002000093460083008,11,-9,2
0.0009999275207519531,0.0009999275207519531,10,-4,6
0.0009999275207519531,0.0009999275207519531,6,-13,-7
0.0010001659393310547,0.0,7,-14,-7
0.0019998550415039062,0.0019998550415039062,6,-11,-5
0.0,0.0,15,-10,5
0.002000093460083008,0.002000093460083008,4,-11,-7
0.0009999275207519531,0.0009999275207519531,9,-18,-9
0.0009999275207519531,0.0009999275207519531,6,-16,-10
0.0010001659393310547,0.0010001659393310547,10,-6,4
0.0009999275207519531,0.0009999275207519531,9,-20,-11
0.0009999275207519531,0.0009999275207519531,6,-6,0
0.0010001659393310547,0.0010001659393310547,9,-9,0
0.0009999275207519531,0.0009999275207519531,4,-14,-10
0.0009999275207519531,0.0009999275207519531,5,-14,-9
0.0009999275207519531,0.0009999275207519531,4,-16,-12
0.0010001659393310547,0.0010001659393310547,9,-19,-10
0.0009999275207519531,0.0009999275207519531,9,-13,-4
0.0009999275207519531,0.0009999275207519531,3,-19,-16
0.0009999275207519531,0.0009999275207519531,5,-14,-9
0.0009999275207519531,0.0009999275207519531,7,-6,1
0.0010001659393310547,0.0010001659393310547,3,-14,-11
0.0009999275207519531,0.0009999275207519531,3,-11,-8
0.0009999275207519531,0.0009999275207519531,3,-14,-11
0.0009999275207519531,0.0009999275207519531,15,-15,0
0.0010001659393310547,0.0010001659393310547,6,-13,-7
0.0009999275207519531,0.0009999275207519531,4,-19,-15
0.0,0.0,18,-14,4
0.0009999275207519531,0.0009999275207519531,3,-6,-3
0.0009999275207519531,0.0009999275207519531,4,-14,-10
0.0009999275207519531,0.0009999275207519531,5,-13,-8
0.0010001659393310547,0.0010001659393310547,8,-19,-11
0.0019998550415039062,0.0019998550415039062,3,-14,-11
0.0010001659393310547,0.0010001659393310547,5,-14,-9
0.002000093460083008,0.002000093460083008,14,-14,0
0.002000093460083008,0.002000093460083008,20,-20,0
0.0009999275207519531,0.0009999275207519531,7,-10,-3
0.002000093460083008,0.002000093460083008,12,-19,-7
0.002000093460083008,0.002000093460083008,8,-20,-12
0.0009999275207519531,0.0009999275207519531,5,-19,-14
0.0009999275207519531,0.0009999275207519531,11,-9,2
0.01399993896484375,0.01399993896484375,4,-20,-16
0.0,0.0,6,-14,-8
0.003000020980834961,0.003000020980834961,11,-19,-8
0.0009999275207519531,0.0009999275207519531,2,-18,-16
0.0009999275207519531,0.0009999275207519531,11,-5,6
0.0010001659393310547,0.0010001659393310547,4,-5,-1
0.0009999275207519531,0.0009999275207519531,7,-16,-9
0.0019998550415039062,0.0019998550415039062,7,-10,-3
0.0029997825622558594,0.0029997825622558594,5,-5,0
0.0010001659393310547,0.0010001659393310547,4,-20,-16
0.0009999275207519531,0.0009999275207519531,7,-15,-8
0.0010001659393310547,0.0010001659393310547,3,-18,-15
0.0009999275207519531,0.0009999275207519531,9,-18,-9
0.0009999275207519531,0.0009999275207519531,3,-18,-15
0.0010001659393310547,0.0010001659393310547,5,-18,-13
0.0009999275207519531,0.0009999275207519531,10,-19,-9
0.0009999275207519531,0.0009999275207519531,4,-14,-10
0.0009999275207519531,0.0009999275207519531,5,-20,-15
0.0009999275207519531,0.0009999275207519531,6,-20,-14
0.0009999275207519531,0.0009999275207519531,4,-6,-2
0.0010001659393310547,0.0010001659393310547,13,-5,8
0.0009999275207519531,0.0009999275207519531,7,-13,-6
0.0019998550415039062,0.0019998550415039062,7,-20,-13
0.0009999275207519531,0.0009999275207519531,3,-19,-16
0.003000020980834961,0.003000020980834961,11,-20,-9
0.0019998550415039062,0.0019998550415039062,11,-20,-9
0.0019998550415039062,0.0019998550415039062,4,-9,-5
0.0009999275207519531,0.0009999275207519531,3,-17,-14
0.003000020980834961,0.003000020980834961,11,-19,-8
0.003000020980834961,0.003000020980834961,12,-13,-1
0.0009999275207519531,0.0009999275207519531,11,-14,-3
0.0010001659393310547,0.0010001659393310547,3,-17,-14
0.0009999275207519531,0.0009999275207519531,4,-18,-14
0.003999948501586914,0.003999948501586914,4,-5,-1
0.0009999275207519531,0.0009999275207519531,5,-6,-1
0.0019998550415039062,0.0019998550415039062,3,-19,-16
0.0009999275207519531,0.0009999275207519531,2,-18,-16
0.0019998550415039062,0.0019998550415039062,3,-18,-15
0.0009999275207519531,0.0009999275207519531,3,-6,-3
0.0009999275207519531,0.0009999275207519531,11,-18,-7
0.0009999275207519531,0.0009999275207519531,2,-19,-17
0.0010001659393310547,0.0010001659393310547,9,-18,-9
0.002000093460083008,0.002000093460083008,2,-19,-17
0.0009999275207519531,0.0009999275207519531,11,-20,-9
0.0009999275207519531,0.0009999275207519531,7,-19,-12
0.0009999275207519531,0.0009999275207519531,2,-7,-5
0.0019998550415039062,0.0019998550415039062,3,-14,-11
0.002000093460083008,0.002000093460083008,4,-19,-15
0.0,0.0,3,-9,-6
0.0010001659393310547,0.0010001659393310547,2,-14,-12
0.0009999275207519531,0.0009999275207519531,0,-19,-19
0.0009999275207519531,0.0009999275207519531,5,-14,-9
0.0009999275207519531,0.0009999275207519531,12,-20,-8
0.002000093460083008,0.002000093460083008,4,-19,-15
0.0009999275207519531,0.0,1,-20,-19
0.003000020980834961,0.003000020980834961,13,-19,-6
0.0009999275207519531,0.0009999275207519531,0,-19,-19
0.0010001659393310547,0.0010001659393310547,2,-14,-12
0.003000020980834961,0.003000020980834961,6,-19,-13
0.002000093460083008,0.002000093460083008,0,-13,-13
0.0009999275207519531,0.0009999275207519531,9,-19,-10
0.0019998550415039062,0.0019998550415039062,8,-19,-11
0.0009999275207519531,0.0009999275207519531,2,-20,-18
0.0009999275207519531,0.0009999275207519531,1,-20,-19
0.003999948501586914,0.003999948501586914,1,-19,-18
0.0019998550415039062,0.0019998550415039062,10,-19,-9
0.0019998550415039062,0.0009999275207519531,2,-19,-17
0.0009999275207519531,0.0009999275207519531,2,-20,-18
0.002000093460083008,0.002000093460083008,11,-19,-8
0.0009999275207519531,0.0009999275207519531,0,-8,-8
0.004999876022338867,0.004999876022338867,4,-17,-13
0.0009999275207519531,0.0009999275207519531,13,-19,-6
0.0010001659393310547,0.0010001659393310547,9,-19,-10
0.0019998550415039062,0.0019998550415039062,0,-20,-20
0.0009999275207519531,0.0009999275207519531,1,-19,-18
0.0010001659393310547,0.0010001659393310547,3,-20,-17
0.0009999275207519531,0.0009999275207519531,1,-19,-18
0.0010001659393310547,0.0010001659393310547,0,-19,-19
0.002000093460083008,0.002000093460083008,2,-19,-17
0.0019998550415039062,0.0019998550415039062,10,-13,-3
0.0009999275207519531,0.0009999275207519531,1,-17,-16
0.0010001659393310547,0.0010001659393310547,2,-9,-7
0.0010001659393310547,0.0010001659393310547,11,-7,4
0.0009999275207519531,0.0009999275207519531,3,-20,-17
0.0010001659393310547,0.0010001659393310547,9,-5,4
0.0009999275207519531,0.0009999275207519531,8,-20,-12
0.0029997825622558594,0.0029997825622558594,0,-3,-3
0.0010001659393310547,0.0010001659393310547,14,-20,-6
0.002000093460083008,0.002000093460083008,2,-20,-18
0.002000093460083008,0.002000093460083008,0,-18,-18
0.0009999275207519531,0.0009999275207519531,6,-20,-14
0.0009999275207519531,0.0009999275207519531,0,-10,-10
0.0010001659393310547,0.0010001659393310547,1,-15,-14
0.0009999275207519531,0.0009999275207519531,5,-19,-14
0.0009999275207519531,0.0009999275207519531,1,-6,-5
0.0010001659393310547,0.0010001659393310547,8,-20,-12
0.0009999275207519531,0.0009999275207519531,1,-20,-19
0.0010001659393310547,0.0010001659393310547,14,-20,-6
0.0019998550415039062,0.0019998550415039062,15,-17,-2
0.0009999275207519531,0.0009999275207519531,0,-13,-13
0.003000020980834961,0.003000020980834961,11,-19,-8
0.002000093460083008,0.002000093460083008,1,-19,-18
0.0009999275207519531,0.0009999275207519531,0,-12,-12
0.0019998550415039062,0.0019998550415039062,0,-14,-14
0.0019998550415039062,0.0019998550415039062,1,-19,-18
0.003999948501586914,0.003999948501586914,1,-13,-12
0.002000093460083008,0.002000093460083008,14,-20,-6
0.003999948501586914,0.003999948501586914,0,-19,-19
0.003000020980834961,0.003000020980834961,15,-19,-4
0.0010001659393310547,0.0010001659393310547,6,-5,1
0.002000093460083008,0.002000093460083008,0,-20,-20
0.0009999275207519531,0.0009999275207519531,1,-20,-19
0.007999897003173828,0.007999897003173828,1,-17,-16
0.002000093460083008,0.002000093460083008,10,-10,0
0.0009999275207519531,0.0009999275207519531,0,-13,-13
0.0009999275207519531,0.0009999275207519531,0,-10,-10
0.0019998550415039062,0.0019998550415039062,0,-6,-6
0.0029997825622558594,0.0029997825622558594,0,-20,-20
0.0009999275207519531,0.0009999275207519531,4,-17,-13
0.0009999275207519531,0.0009999275207519531,0,-19,-19
0.003000020980834961,0.003000020980834961,3,-13,-10
0.0009999275207519531,0.0009999275207519531,0,-9,-9
0.0009999275207519531,0.0009999275207519531,15,-19,-4
0.0009999275207519531,0.0009999275207519531,4,-20,-16
0.0010001659393310547,0.0010001659393310547,11,-19,-8
0.0009999275207519531,0.0009999275207519531,0,-9,-9
0.002000093460083008,0.002000093460083008,0,-20,-20
0.0010001659393310547,0.0010001659393310547,2,-20,-18
0.002000093460083008,0.002000093460083008,0,-20,-20
0.0009999275207519531,0.0009999275207519531,1,-5,-4
0.002000093460083008,0.002000093460083008,0,-13,-13
0.0010001659393310547,0.0010001659393310547,0,-17,-17
0.002000093460083008,0.002000093460083008,0,-19,-19
0.0,0.0,1,-19,-18
0.002000093460083008,0.002000093460083008,0,-7,-7
0.00800013542175293,0.00800013542175293,0,-5,-5
0.0009999275207519531,0.0009999275207519531,0,-13,-13
0.0009999275207519531,0.0009999275207519531,6,-9,-3
0.002000093460083008,0.002000093460083008,1,-20,-19
0.002000093460083008,0.002000093460083008,1,-5,-4
0.0009999275207519531,0.0009999275207519531,3,-20,-17
0.006999969482421875,0.006999969482421875,0,-20,-20
0.005000114440917969,0.005000114440917969,1,-18,-17
0.0010001659393310547,0.0010001659393310547,6,-13,-7
0.0009999275207519531,0.0009999275207519531,0,-19,-19
0.002000093460083008,0.002000093460083008,0,-13,-13
0.003000020980834961,0.003000020980834961,3,-12,-9
0.0009999275207519531,0.0009999275207519531,4,-20,-16
0.002000093460083008,0.002000093460083008,7,-9,-2
0.0009999275207519531,0.0009999275207519531,11,-19,-8
0.0019998550415039062,0.0019998550415039062,7,-20,-13
0.0009999275207519531,0.0009999275207519531,11,-17,-6
0.002000093460083008,0.002000093460083008,3,-20,-17
0.0009999275207519531,0.0009999275207519531,0,-9,-9
0.0009999275207519531,0.0009999275207519531,0,-5,-5
0.0010001659393310547,0.0010001659393310547,0,-19,-19
0.0019998550415039062,0.0019998550415039062,0,-5,-5
0.002000093460083008,0.002000093460083008,16,-20,-4
0.002000093460083008,0.002000093460083008,0,0,0
0.0019998550415039062,0.0019998550415039062,15,-20,-5
0.0010001659393310547,0.0010001659393310547,3,-5,-2
0.002000093460083008,0.002000093460083008,15,-20,-5
0.0009999275207519531,0.0009999275207519531,2,-9,-7
0.0009999275207519531,0.0009999275207519531,0,-5,-5
0.003000020980834961,0.003000020980834961,12,-20,-8
0.0070002079010009766,0.0070002079010009766,0,-9,-9
0.002000093460083008,0.002000093460083008,7,-20,-13
0.0009999275207519531,0.0009999275207519531,11,-20,-9
0.002000093460083008,0.002000093460083008,0,-13,-13
0.005000114440917969,0.005000114440917969,7,-20,-13
0.002000093460083008,0.002000093460083008,14,-20,-6
0.002000093460083008,0.002000093460083008,0,-16,-16
0.005000114440917969,0.005000114440917969,11,-9,2
0.002000093460083008,0.002000093460083008,0,-5,-5
0.0010001659393310547,0.0010001659393310547,3,-20,-17
0.003999948501586914,0.003999948501586914,0,-18,-18
0.003000020980834961,0.003000020980834961,0,-10,-10
0.0009999275207519531,0.0009999275207519531,0,-13,-13
0.0010001659393310547,0.0010001659393310547,7,-20,-13
0.0019998550415039062,0.0019998550415039062,15,-13,2
0.0010001659393310547,0.0010001659393310547,1,-20,-19
0.0009999275207519531,0.0009999275207519531,0,-19,-19
0.0019998550415039062,0.0019998550415039062,0,-13,-13
0.0009999275207519531,0.0009999275207519531,8,-20,-12
0.0010001659393310547,0.0010001659393310547,7,-13,-6
0.002000093460083008,0.002000093460083008,0,-5,-5
0.0019998550415039062,0.0019998550415039062,0,-12,-12
0.0019998550415039062,0.0019998550415039062,0,-5,-5
0.0009999275207519531,0.0009999275207519531,0,-19,-19
0.0010001659393310547,0.0010001659393310547,3,-20,-17
0.002000093460083008,0.002000093460083008,0,-9,-9
0.002000093460083008,0.002000093460083008,0,-19,-19
0.0009999275207519531,0.0009999275207519531,0,-9,-9
0.0009999275207519531,0.0009999275207519531,7,-20,-13
0.002000093460083008,0.002000093460083008,14,-13,1
0.0009999275207519531,0.0009999275207519531,1,-20,-19
0.0019998550415039062,0.0019998550415039062,2,-20,-18
0.002000093460083008,0.002000093460083008,0,-9,-9
0.0019998550415039062,0.0019998550415039062,10,-20,-10
0.002000093460083008,0.002000093460083008,15,-20,-5
0.005000114440917969,0.005000114440917969,0,-13,-13
0.003000020980834961,0.003000020980834961,7,-19,-12
0.002000093460083008,0.002000093460083008,15,-17,-2
0.0010001659393310547,0.0010001659393310547,3,-9,-6
0.002000093460083008,0.002000093460083008,0,-17,-17
0.003000020980834961,0.003000020980834961,8,-20,-12
0.003999948501586914,0.003999948501586914,3,-19,-16
0.0010001659393310547,0.0010001659393310547,3,-20,-17
0.002000093460083008,0.002000093460083008,0,-19,-19
0.003000020980834961,0.003000020980834961,8,-20,-12
0.0019998550415039062,0.0019998550415039062,15,-20,-5
0.002000093460083008,0.002000093460083008,15,-19,-4
0.002000093460083008,0.002000093460083008,3,-13,-10
0.002000093460083008,0.002000093460083008,0,-16,-16
0.0019998550415039062,0.0019998550415039062,0,-17,-17
0.0009999275207519531,0.0009999275207519531,1,-20,-19
0.002000093460083008,0.002000093460083008,1,-19,-18
0.0009999275207519531,0.0009999275207519531,15,-20,-5
0.003000020980834961,0.003000020980834961,7,-19,-12
0.0019998550415039062,0.0019998550415039062,15,-13,2
0.0019998550415039062,0.0019998550415039062,0,-9,-9
0.002000093460083008,0.002000093460083008,15,-20,-5
0.0010001659393310547,0.0010001659393310547,0,-13,-13
0.004999876022338867,0.004999876022338867,0,-17,-17
0.0019998550415039062,0.0019998550415039062,15,-20,-5
0.0009999275207519531,0.0009999275207519531,8,-17,-9
0.003000020980834961,0.003000020980834961,0,-13,-13
0.002000093460083008,0.002000093460083008,3,-20,-17
0.003999948501586914,0.003999948501586914,0,-17,-17
0.0009999275207519531,0.0009999275207519531,1,-17,-16
0.003000020980834961,0.003000020980834961,0,-17,-17
0.0019998550415039062,0.0019998550415039062,0,-9,-9
0.002000093460083008,0.002000093460083008,11,-20,-9
0.002000093460083008,0.002000093460083008,1,-17,-16
0.0009999275207519531,0.0009999275207519531,0,-19,-19
0.0010001659393310547,0.0010001659393310547,0,-17,-17
0.0019998550415039062,0.0019998550415039062,0,-19,-19
0.003000020980834961,0.003000020980834961,3,-20,-17
0.002000093460083008,0.002000093460083008,3,-9,-6
0.002000093460083008,0.002000093460083008,11,-20,-9
0.0009999275207519531,0.0009999275207519531,6,-13,-7
0.002000093460083008,0.002000093460083008,10,-13,-3
0.0009999275207519531,0.0009999275207519531,0,-12,-12
0.0019998550415039062,0.0019998550415039062,15,-17,-2
0.0010001659393310547,0.0010001659393310547,15,-20,-5
0.0009999275207519531,0.0009999275207519531,0,-13,-13
0.0010001659393310547,0.0010001659393310547,11,-20,-9
0.002000093460083008,0.002000093460083008,0,-19,-19
0.0009999275207519531,0.0009999275207519531,11,-13,-2
0.003000020980834961,0.003000020980834961,7,-5,2
0.0019998550415039062,0.0019998550415039062,6,-19,-13
0.002000093460083008,0.002000093460083008,12,-13,-1
0.002000093460083008,0.002000093460083008,3,-19,-16
0.0010001659393310547,0.0010001659393310547,0,-19,-19
0.003000020980834961,0.003000020980834961,0,-12,-12
0.002000093460083008,0.002000093460083008,0,-12,-12
0.0019998550415039062,0.0019998550415039062,17,-14,3
0.002000093460083008,0.002000093460083008,19,-16,3
0.0009999275207519531,0.0009999275207519531,16,-11,5
0.0010001659393310547,0.0010001659393310547,8,-16,-8
0.0019998550415039062,0.0019998550415039062,19,0,19
0.002000093460083008,0.002000093460083008,11,-5,6
0.002000093460083008,0.002000093460083008,4,-20,-16
0.003000020980834961,0.003000020980834961,10,-19,-9
0.0009999275207519531,0.0009999275207519531,17,-18,-1
0.0019998550415039062,0.0019998550415039062,2,-1,1
0.0009999275207519531,0.0009999275207519531,2,-2,0
0.0010001659393310547,0.0010001659393310547,10,-17,-7
0.009999990463256836,0.009999990463256836,4,-20,-16
0.002000093460083008,0.002000093460083008,15,-16,-1
0.0010001659393310547,0.0010001659393310547,11,-20,-9
0.0009999275207519531,0.0009999275207519531,8,-15,-7
0.006000041961669922,0.006000041961669922,11,-17,-6
0.003000020980834961,0.003000020980834961,4,-12,-8
0.002000093460083008,0.002000093460083008,11,-19,-8
0.005000114440917969,0.005000114440917969,5,-20,-15
0.003000020980834961,0.003000020980834961,8,-16,-8
0.002000093460083008,0.002000093460083008,5,-19,-14
0.002000093460083008,0.002000093460083008,7,-20,-13
0.006000041961669922,0.006000041961669922,7,-12,-5
0.0009999275207519531,0.0009999275207519531,13,-19,-6
0.002000093460083008,0.002000093460083008,10,-18,-8
0.002000093460083008,0.002000093460083008,7,-19,-12
0.002000093460083008,0.002000093460083008,2,-20,-18
0.009000062942504883,0.009000062942504883,11,-20,-9
0.0009999275207519531,0.0009999275207519531,5,-20,-15
0.002000093460083008,0.002000093460083008,4,-9,-5
0.003000020980834961,0.003000020980834961,11,-20,-9
0.002000093460083008,0.002000093460083008,5,-20,-15
0.002000093460083008,0.002000093460083008,3,-20,-17
0.0009999275207519531,0.0009999275207519531,4,-20,-16
0.002000093460083008,0.002000093460083008,4,-6,-2
0.0009999275207519531,0.0009999275207519531,4,-4,0
0.002000093460083008,0.002000093460083008,3,-5,-2
0.002000093460083008,0.002000093460083008,4,-16,-12
0.003000020980834961,0.003000020980834961,6,-17,-11
0.0019998550415039062,0.0019998550415039062,4,-19,-15
0.0019998550415039062,0.0019998550415039062,3,-13,-10
0.006000041961669922,0.006000041961669922,2,-20,-18
0.0019998550415039062,0.0019998550415039062,4,-13,-9
0.003000020980834961,0.003000020980834961,4,-13,-9
0.002000093460083008,0.002000093460083008,4,-16,-12
0.003999948501586914,0.003999948501586914,3,-9,-6
0.0009999275207519531,0.0009999275207519531,1,-8,-7
0.0010001659393310547,0.0010001659393310547,2,-19,-17
0.003000020980834961,0.003000020980834961,5,-20,-15
0.002000093460083008,0.002000093460083008,4,-20,-16
0.003000020980834961,0.003000020980834961,5,-20,-15
0.002000093460083008,0.002000093460083008,3,-20,-17
0.0010001659393310547,0.0010001659393310547,12,-17,-5
0.002000093460083008,0.002000093460083008,4,-19,-15
0.002000093460083008,0.002000093460083008,3,-20,-17
0.002000093460083008,0.002000093460083008,2,-13,-11
0.002000093460083008,0.002000093460083008,3,-20,-17
0.0019998550415039062,0.0019998550415039062,13,-6,7
0.002000093460083008,0.002000093460083008,3,-19,-16
0.002000093460083008,0.002000093460083008,6,-20,-14
0.0010001659393310547,0.0010001659393310547,2,-12,-10
0.0009999275207519531,0.0009999275207519531,3,-20,-17
0.0009999275207519531,0.0009999275207519531,3,-10,-7
0.002000093460083008,0.002000093460083008,12,-17,-5
0.002000093460083008,0.002000093460083008,2,-5,-3
0.0019998550415039062,0.0019998550415039062,2,-19,-17
0.0009999275207519531,0.0009999275207519531,2,-13,-11
0.0010001659393310547,0.0010001659393310547,3,-20,-17
0.002000093460083008,0.002000093460083008,3,-19,-16
0.003999948501586914,0.003999948501586914,12,-20,-8
0.003000020980834961,0.003000020980834961,6,-20,-14
0.003000020980834961,0.003000020980834961,9,-18,-9
0.002000093460083008,0.002000093460083008,3,-17,-14
0.0010001659393310547,0.0010001659393310547,13,-9,4
0.002000093460083008,0.002000093460083008,5,-20,-15
0.0009999275207519531,0.0009999275207519531,6,-10,-4
0.004000186920166016,0.004000186920166016,3,-9,-6
0.002000093460083008,0.002000093460083008,13,-20,-7
0.004999876022338867,0.004999876022338867,2,-13,-11
0.0009999275207519531,0.0009999275207519531,2,-13,-11
0.0009999275207519531,0.0009999275207519531,2,-9,-7
0.0019998550415039062,0.0019998550415039062,2,-9,-7
0.0009999275207519531,0.0009999275207519531,13,-5,8
0.002000093460083008,0.002000093460083008,9,-5,4
0.0010001659393310547,0.0010001659393310547,2,-9,-7
0.0019998550415039062,0.0019998550415039062,13,-20,-7
0.0019998550415039062,0.0019998550415039062,9,-20,-11
0.0019998550415039062,0.0019998550415039062,1,-20,-19
0.0009999275207519531,0.0009999275207519531,2,-6,-4
0.002000093460083008,0.002000093460083008,3,-17,-14
0.0009999275207519531,0.0009999275207519531,2,-13,-11
0.0019998550415039062,0.0019998550415039062,14,-16,-2
0.0010001659393310547,0.0010001659393310547,2,-19,-17
0.0009999275207519531,0.0009999275207519531,14,-17,-3
0.002000093460083008,0.002000093460083008,2,-17,-15
0.002000093460083008,0.002000093460083008,2,-5,-3
0.002000093460083008,0.002000093460083008,2,-17,-15
0.0010001659393310547,0.0010001659393310547,11,-20,-9
0.003999948501586914,0.003999948501586914,2,-20,-18
0.0019998550415039062,0.0019998550415039062,3,-9,-6
0.0009999275207519531,0.0009999275207519531,0,-20,-20
0.002000093460083008,0.002000093460083008,2,-9,-7
0.0019998550415039062,0.0019998550415039062,2,-5,-3
0.0029997825622558594,0.0029997825622558594,5,-20,-15
0.0009999275207519531,0.0009999275207519531,1,-20,-19
0.004000186920166016,0.004000186920166016,10,-6,4
0.0019998550415039062,0.0019998550415039062,0,-20,-20
0.0019998550415039062,0.0019998550415039062,2,-20,-18
0.004999876022338867,0.004999876022338867,14,-19,-5
0.002000093460083008,0.002000093460083008,11,-20,-9
0.0009999275207519531,0.0009999275207519531,6,-9,-3
0.0019998550415039062,0.0019998550415039062,5,-20,-15
0.0019998550415039062,0.0019998550415039062,13,-19,-6
0.002000093460083008,0.002000093460083008,2,-19,-17
0.006999969482421875,0.006999969482421875,10,-20,-10
0.006000041961669922,0.006000041961669922,2,-20,-18
0.0019998550415039062,0.0019998550415039062,1,-13,-12
0.0009999275207519531,0.0009999275207519531,15,-5,10
0.002000093460083008,0.002000093460083008,14,-20,-6
0.002000093460083008,0.002000093460083008,2,-9,-7
0.0019998550415039062,0.0019998550415039062,14,-20,-6
0.002000093460083008,0.002000093460083008,3,-20,-17
0.0010001659393310547,0.0010001659393310547,2,-5,-3
0.0009999275207519531,0.0009999275207519531,3,-20,-17
0.002000093460083008,0.002000093460083008,15,-13,2
0.003000020980834961,0.003000020980834961,6,-20,-14
0.003000020980834961,0.003000020980834961,10,-9,1
0.002000093460083008,0.002000093460083008,1,-20,-19
0.003000020980834961,0.003000020980834961,3,-20,-17
0.003000020980834961,0.003000020980834961,1,-13,-12
0.0009999275207519531,0.0009999275207519531,2,-20,-18
0.003000020980834961,0.003000020980834961,1,-12,-11
0.004000186920166016,0.004000186920166016,3,-20,-17
0.0009999275207519531,0.0009999275207519531,2,-5,-3
0.002000093460083008,0.002000093460083008,6,-20,-14
0.0010001659393310547,0.0010001659393310547,1,-20,-19
0.005000114440917969,0.005000114440917969,19,-20,-1
0.002000093460083008,0.002000093460083008,2,-17,-15
0.002000093460083008,0.002000093460083008,1,-5,-4
0.002000093460083008,0.002000093460083008,11,-20,-9
0.002000093460083008,0.002000093460083008,10,-17,-7
0.0009999275207519531,0.0009999275207519531,1,-19,-18
0.003000020980834961,0.003000020980834961,15,-20,-5
0.0019998550415039062,0.0019998550415039062,9,-5,4
0.0019998550415039062,0.0019998550415039062,0,-17,-17
0.002000093460083008,0.002000093460083008,0,-20,-20
0.0010001659393310547,0.0010001659393310547,1,-20,-19
0.0009999275207519531,0.0009999275207519531,15,-20,-5
0.002000093460083008,0.002000093460083008,0,-20,-20
0.0010001659393310547,0.0010001659393310547,0,-19,-19
0.002000093460083008,0.002000093460083008,15,-20,-5
0.0019998550415039062,0.0019998550415039062,2,-20,-18
0.002000093460083008,0.002000093460083008,7,-20,-13
0.0010001659393310547,0.0010001659393310547,0,-13,-13
0.0009999275207519531,0.0009999275207519531,0,-19,-19
0.0010001659393310547,0.0010001659393310547,11,-17,-6
0.0009999275207519531,0.0009999275207519531,0,-17,-17
0.003000020980834961,0.003000020980834961,0,-12,-12
0.0019998550415039062,0.0019998550415039062,7,-5,2
0.003999948501586914,0.003999948501586914,16,-19,-3
0.0010001659393310547,0.0010001659393310547,3,-20,-17
0.004999876022338867,0.004999876022338867,4,-20,-16
0.003000020980834961,0.003000020980834961,2,-12,-10
0.0019998550415039062,0.0019998550415039062,1,-9,-8
0.009999990463256836,0.009999990463256836,10,-20,-10
0.0009999275207519531,0.0009999275207519531,3,-20,-17
0.0019998550415039062,0.0019998550415039062,3,-17,-14
0.003000020980834961,0.003000020980834961,4,-20,-16
0.002000093460083008,0.002000093460083008,7,-20,-13
0.003000020980834961,0.003000020980834961,0,-12,-12
0.0010001659393310547,0.0010001659393310547,0,-16,-16
0.0009999275207519531,0.0009999275207519531,0,-19,-19
0.003000020980834961,0.003000020980834961,15,-17,-2
0.002000093460083008,0.002000093460083008,17,-20,-3
0.0019998550415039062,0.0019998550415039062,1,-20,-19
0.0009999275207519531,0.0009999275207519531,11,-20,-9
0.002000093460083008,0.002000093460083008,7,-20,-13
0.002000093460083008,0.002000093460083008,11,-5,6
0.0019998550415039062,0.0019998550415039062,0,-5,-5
0.0019998550415039062,0.0019998550415039062,15,-20,-5
0.0010001659393310547,0.0010001659393310547,7,-20,-13
0.0009999275207519531,0.0009999275207519531,0,-9,-9
0.002000093460083008,0.002000093460083008,0,-19,-19
0.0010001659393310547,0.0010001659393310547,0,-3,-3
0.003000020980834961,0.003000020980834961,7,-17,-10
0.002000093460083008,0.002000093460083008,0,-10,-10
0.004000186920166016,0.004000186920166016,1,-20,-19
0.002000093460083008,0.002000093460083008,7,-13,-6
0.0010001659393310547,0.0010001659393310547,12,-12,0
0.0019998550415039062,0.0019998550415039062,7,-5,2
0.0019998550415039062,0.0019998550415039062,0,-19,-19
0.0019998550415039062,0.0019998550415039062,1,-20,-19
0.004000186920166016,0.004000186920166016,7,-20,-13
0.006000041961669922,0.006000041961669922,11,-13,-2
0.003000020980834961,0.003000020980834961,0,-4,-4
0.002000093460083008,0.002000093460083008,0,-5,-5
0.0010001659393310547,0.0010001659393310547,7,-9,-2
0.0019998550415039062,0.0019998550415039062,0,-4,-4
0.003999948501586914,0.003999948501586914,11,-5,6
0.0010001659393310547,0.0010001659393310547,1,-19,-18
0.002000093460083008,0.002000093460083008,1,-20,-19
0.002000093460083008,0.002000093460083008,3,-20,-17
0.0010001659393310547,0.0010001659393310547,4,-20,-16
0.0009999275207519531,0.0009999275207519531,8,-17,-9
0.002000093460083008,0.002000093460083008,11,-5,6
0.002000093460083008,0.002000093460083008,0,-19,-19
0.002000093460083008,0.002000093460083008,0,-17,-17
0.002000093460083008,0.002000093460083008,0,-19,-19
0.0019998550415039062,0.0019998550415039062,1,-20,-19
0.0009999275207519531,0.0009999275207519531,1,-5,-4
0.003000020980834961,0.003000020980834961,1,-13,-12
0.002000093460083008,0.002000093460083008,7,-10,-3
0.006000041961669922,0.006000041961669922,11,-9,2
0.0019998550415039062,0.0019998550415039062,0,-17,-17
0.003000020980834961,0.003000020980834961,3,-20,-17
0.0009999275207519531,0.0009999275207519531,11,-20,-9
0.003999948501586914,0.003999948501586914,15,-20,-5
0.0010001659393310547,0.0010001659393310547,1,-5,-4
0.003000020980834961,0.002000093460083008,0,-17,-17
0.004999876022338867,0.004999876022338867,7,-13,-6
0.0009999275207519531,0.0009999275207519531,11,-20,-9
0.0019998550415039062,0.0019998550415039062,0,-13,-13
0.0019998550415039062,0.0019998550415039062,11,-20,-9
0.003999948501586914,0.003999948501586914,0,-14,-14
0.002000093460083008,0.002000093460083008,4,-20,-16
0.002000093460083008,0.002000093460083008,1,-20,-19
0.0010001659393310547,0.0010001659393310547,0,-13,-13
0.0019998550415039062,0.0019998550415039062,0,-19,-19
0.0019998550415039062,0.0019998550415039062,0,-10,-10
0.0009999275207519531,0.0009999275207519531,3,-20,-17
0.0010001659393310547,0.0010001659393310547,7,-17,-10
0.0019998550415039062,0.0019998550415039062,0,-13,-13
0.0009999275207519531,0.0009999275207519531,1,-9,-8
0.0010001659393310547,0.0010001659393310547,2,-20,-18
0.002000093460083008,0.002000093460083008,7,-20,-13
0.0009999275207519531,0.0009999275207519531,11,-20,-9
0.002000093460083008,0.002000093460083008,7,-5,2
0.0010001659393310547,0.0010001659393310547,6,-17,-11
0.002000093460083008,0.002000093460083008,11,-5,6
0.003000020980834961,0.003000020980834961,0,-17,-17
0.003000020980834961,0.003000020980834961,11,-17,-6
0.009000062942504883,0.009000062942504883,0,-18,-18
0.003000020980834961,0.003000020980834961,11,-9,2
0.003000020980834961,0.003000020980834961,7,-20,-13
0.0009999275207519531,0.0009999275207519531,1,-20,-19
0.00800013542175293,0.00800013542175293,0,-9,-9
0.003999948501586914,0.003999948501586914,0,-13,-13
0.003000020980834961,0.003000020980834961,8,-20,-12
0.0019998550415039062,0.0019998550415039062,15,-13,2
0.0019998550415039062,0.0019998550415039062,15,-19,-4
0.0009999275207519531,0.0009999275207519531,0,-9,-9
0.002000093460083008,0.002000093460083008,1,-19,-18
0.003999948501586914,0.003999948501586914,11,-12,-1
0.0019998550415039062,0.0019998550415039062,0,-5,-5
0.0019998550415039062,0.0019998550415039062,1,-20,-19
0.0010001659393310547,0.0010001659393310547,11,-9,2
0.002000093460083008,0.002000093460083008,1,-17,-16
0.0009999275207519531,0.0009999275207519531,11,-20,-9
0.002000093460083008,0.002000093460083008,7,-12,-5
0.0010001659393310547,0.0010001659393310547,7,-5,2
0.002000093460083008,0.002000093460083008,8,-20,-12
0.0019998550415039062,0.0019998550415039062,3,-20,-17
0.0009999275207519531,0.0009999275207519531,10,-20,-10
0.002000093460083008,0.002000093460083008,0,-13,-13
0.002000093460083008,0.002000093460083008,7,-20,-13
0.0019998550415039062,0.0019998550415039062,4,-9,-5
0.0010001659393310547,0.0010001659393310547,15,-19,-4
0.002000093460083008,0.002000093460083008,0,-9,-9
0.002000093460083008,0.002000093460083008,12,-20,-8
0.0009999275207519531,0.0009999275207519531,3,-20,-17
0.0019998550415039062,0.0019998550415039062,15,-17,-2
0.012000083923339844,0.012000083923339844,4,-20,-16
0.0019998550415039062,0.0019998550415039062,0,-17,-17
0.0019998550415039062,0.0019998550415039062,0,-13,-13
0.0019998550415039062,0.0019998550415039062,0,-19,-19
0.003000020980834961,0.003000020980834961,17,-20,-3
0.020999908447265625,0.020999908447265625,14,-20,-6
0.008999824523925781,0.008999824523925781,0,-5,-5
0.003000020980834961,0.003000020980834961,15,-17,-2
0.0019998550415039062,0.0019998550415039062,15,-5,10
0.01699995994567871,0.01699995994567871,4,-20,-16
0.006999969482421875,0.006999969482421875,1,-19,-18
0.0019998550415039062,0.0019998550415039062,1,-18,-17
0.0010001659393310547,0.0010001659393310547,12,-20,-8
0.002000093460083008,0.002000093460083008,11,-16,-5
0.0019998550415039062,0.0019998550415039062,0,-19,-19
0.0010001659393310547,0.0010001659393310547,11,-10,1
0.006999969482421875,0.006999969482421875,0,-19,-19
0.005000114440917969,0.005000114440917969,0,-9,-9
0.003999948501586914,0.003999948501586914,4,-19,-15
0.002000093460083008,0.002000093460083008,1,-5,-4
0.002000093460083008,0.002000093460083008,1,-20,-19
0.02499985694885254,0.02499985694885254,7,-20,-13
0.0019998550415039062,0.0019998550415039062,0,-9,-9
0.0019998550415039062,0.0019998550415039062,16,-20,-4
0.002000093460083008,0.002000093460083008,0,-19,-19
0.002000093460083008,0.002000093460083008,7,-20,-13
0.006000041961669922,0.006000041961669922,0,-13,-13
0.010000228881835938,0.010000228881835938,7,-19,-12
0.009999990463256836,0.009999990463256836,0,-16,-16
0.003000020980834961,0.003000020980834961,15,-13,2
0.5529999732971191,0.5079998970031738,14,-14,0
0.0019998550415039062,0.0019998550415039062,20,-8,12
0.0009999275207519531,0.0009999275207519531,1,-14,-13
0.0009999275207519531,0.0009999275207519531,19,-20,-1
0.0009999275207519531,0.0009999275207519531,6,-12,-6
0.0010001659393310547,0.0010001659393310547,19,-12,7
0.0,0.0,7,-1,6
0.0010001659393310547,0.0010001659393310547,11,-9,2
0.0009999275207519531,0.0009999275207519531,18,-3,15
0.0,0.0,10,-10,0
0.0009999275207519531,0.0009999275207519531,1,-11,-10
0.0,0.0,10,-15,-5
0.0009999275207519531,0.0009999275207519531,16,-9,7
0.0010001659393310547,0.0010001659393310547,14,-14,0
0.0,0.0,1,-16,-15
0.002000093460083008,0.002000093460083008,19,-19,0
0.0009999275207519531,0.0009999275207519531,1,-20,-19
0.0010001659393310547,0.0010001659393310547,1,-12,-11
0.0009999275207519531,0.0009999275207519531,8,-11,-3
0.0010001659393310547,0.0010001659393310547,6,-16,-10
0.0,0.0,1,-13,-12
0.0009999275207519531,0.0009999275207519531,14,-17,-3
0.0010001659393310547,0.0010001659393310547,14,-15,-1
0.0009999275207519531,0.0009999275207519531,15,-13,2
0.0019998550415039062,0.0019998550415039062,8,-19,-11
0.0009999275207519531,0.0009999275207519531,2,-16,-14
0.0,0.0,17,-11,6
0.0009999275207519531,0.0009999275207519531,1,-9,-8
0.0009999275207519531,0.0009999275207519531,1,-14,-13
0.0010001659393310547,0.0010001659393310547,2,-16,-14
0.0010001659393310547,0.0010001659393310547,1,-16,-15
0.0009999275207519531,0.0009999275207519531,1,-19,-18
0.0010001659393310547,0.0010001659393310547,10,-9,1
0.0009999275207519531,0.0009999275207519531,1,-13,-12
0.0009999275207519531,0.0009999275207519531,10,-15,-5
0.0009999275207519531,0.0009999275207519531,1,-19,-18
0.0009999275207519531,0.0009999275207519531,14,-16,-2
0.0009999275207519531,0.0009999275207519531,14,-16,-2
0.0010001659393310547,0.0010001659393310547,1,-20,-19
0.0009999275207519531,0.0009999275207519531,1,-13,-12
0.0,0.0,0,-17,-17
0.0009999275207519531,0.0009999275207519531,6,-5,1
0.0010001659393310547,0.0010001659393310547,1,-16,-15
0.002000093460083008,0.002000093460083008,6,-9,-3
0.0010001659393310547,0.0010001659393310547,1,-13,-12
0.002000093460083008,0.002000093460083008,1,-20,-19
0.002000093460083008,0.002000093460083008,0,-12,-12
0.0010001659393310547,0.0010001659393310547,0,-1,-1
0.0009999275207519531,0.0009999275207519531,1,-20,-19
0.002000093460083008,0.002000093460083008,1,-12,-11
0.0009999275207519531,0.0009999275207519531,1,-7,-6
0.0009999275207519531,0.0009999275207519531,3,-9,-6
0.0010001659393310547,0.0010001659393310547,2,-18,-16
0.0009999275207519531,0.0009999275207519531,0,-16,-16
0.0009999275207519531,0.0009999275207519531,1,-20,-19
0.0009999275207519531,0.0009999275207519531,10,-20,-10
0.0010001659393310547,0.0010001659393310547,0,-20,-20
0.0009999275207519531,0.0009999275207519531,1,-18,-17
0.0009999275207519531,0.0009999275207519531,1,-19,-18
0.0009999275207519531,0.0009999275207519531,1,-6,-5
0.0009999275207519531,0.0009999275207519531,1,-18,-17
0.0010001659393310547,0.0,14,-13,1
0.0009999275207519531,0.0009999275207519531,1,-17,-16
0.0010001659393310547,0.0010001659393310547,14,-19,-5
0.0010001659393310547,0.0010001659393310547,11,-20,-9
0.0009999275207519531,0.0009999275207519531,0,-17,-17
0.0009999275207519531,0.0009999275207519531,14,-20,-6
0.0010001659393310547,0.0010001659393310547,13,-17,-4
0.0009999275207519531,0.0009999275207519531,1,-17,-16
0.0009999275207519531,0.0009999275207519531,1,-13,-12
0.0,0.0,7,-9,-2
0.002000093460083008,0.002000093460083008,1,-17,-16
0.0,0.0,0,-6,-6
0.0009999275207519531,0.0009999275207519531,14,-20,-6
0.0010001659393310547,0.0010001659393310547,0,-20,-20
0.0009999275207519531,0.0009999275207519531,14,-13,1
0.0009999275207519531,0.0009999275207519531,1,-17,-16
0.0010001659393310547,0.0010001659393310547,14,-9,5
0.0009999275207519531,0.0009999275207519531,1,-4,-3
0.0019998550415039062,0.0019998550415039062,1,-13,-12
0.002000093460083008,0.002000093460083008,1,-12,-11
0.0009999275207519531,0.0009999275207519531,10,-20,-10
0.0009999275207519531,0.0009999275207519531,0,-17,-17
0.002000093460083008,0.002000093460083008,1,-20,-19
0.003999948501586914,0.003999948501586914,15,-13,2
0.003000020980834961,0.003000020980834961,1,-20,-19
0.0009999275207519531,0.0009999275207519531,11,-19,-8
0.0019998550415039062,0.0019998550415039062,2,-20,-18
0.0009999275207519531,0.0009999275207519531,10,-20,-10
0.0009999275207519531,0.0009999275207519531,15,-20,-5
0.0009999275207519531,0.0009999275207519531,0,-17,-17
0.0010001659393310547,0.0010001659393310547,8,-19,-11
0.0009999275207519531,0.0009999275207519531,4,-20,-16
0.014999866485595703,0.014999866485595703,7,-5,2
0.0019998550415039062,0.0019998550415039062,8,-20,-12
0.0009999275207519531,0.0009999275207519531,1,-9,-8
0.0010001659393310547,0.0010001659393310547,7,-20,-13
0.0009999275207519531,0.0009999275207519531,7,-20,-13
0.0019998550415039062,0.0019998550415039062,3,-20,-17
0.0019998550415039062,0.0019998550415039062,0,-17,-17
0.0009999275207519531,0.0009999275207519531,0,-16,-16
0.0010001659393310547,0.0010001659393310547,7,-20,-13
0.003999948501586914,0.003999948501586914,1,-20,-19
0.0009999275207519531,0.0009999275207519531,7,-20,-13
0.003999948501586914,0.003999948501586914,0,-13,-13
0.0009999275207519531,0.0009999275207519531,7,-20,-13
0.0009999275207519531,0.0009999275207519531,0,-12,-12
0.003000020980834961,0.003000020980834961,0,-19,-19
0.003000020980834961,0.003000020980834961,0,-14,-14
0.0019998550415039062,0.0019998550415039062,10,-20,-10
0.0009999275207519531,0.0009999275207519531,0,-13,-13
0.003000020980834961,0.003000020980834961,15,-5,10
0.0009999275207519531,0.0009999275207519531,0,-9,-9
0.0009999275207519531,0.0009999275207519531,15,-16,-1
0.0010001659393310547,0.0010001659393310547,1,-20,-19
0.0009999275207519531,0.0009999275207519531,0,-5,-5
0.0010001659393310547,0.0010001659393310547,0,-19,-19
0.0009999275207519531,0.0009999275207519531,7,-13,-6
0.0009999275207519531,0.0009999275207519531,11,-20,-9
0.002000093460083008,0.002000093460083008,0,-13,-13
0.002000093460083008,0.002000093460083008,0,-17,-17
0.0009999275207519531,0.0009999275207519531,3,-13,-10
0.0009999275207519531,0.0009999275207519531,1,-20,-19
0.0010001659393310547,0.0010001659393310547,0,-19,-19
0.0009999275207519531,0.0009999275207519531,11,-9,2
0.0009999275207519531,0.0009999275207519531,7,-20,-13
0.0010001659393310547,0.0010001659393310547,1,-9,-8
0.002000093460083008,0.002000093460083008,11,-20,-9
0.0009999275207519531,0.0009999275207519531,15,-20,-5
0.0010001659393310547,0.0010001659393310547,11,-16,-5
0.0010001659393310547,0.0010001659393310547,0,-19,-19
0.002000093460083008,0.002000093460083008,7,-20,-13
0.0010001659393310547,0.0010001659393310547,0,-13,-13
0.0009999275207519531,0.0009999275207519531,0,-13,-13
0.002000093460083008,0.002000093460083008,0,-13,-13
0.0009999275207519531,0.0009999275207519531,7,-20,-13
0.0019998550415039062,0.0019998550415039062,16,-20,-4
0.003000020980834961,0.003000020980834961,3,-20,-17
0.002000093460083008,0.002000093460083008,3,-20,-17
0.0009999275207519531,0.0009999275207519531,3,-5,-2
0.0010001659393310547,0.0010001659393310547,7,-20,-13
0.0009999275207519531,0.0009999275207519531,15,-20,-5
0.0009999275207519531,0.0009999275207519531,0,-5,-5
0.003000020980834961,0.003000020980834961,4,-17,-13
0.0009999275207519531,0.0009999275207519531,1,-9,-8
0.0009999275207519531,0.0009999275207519531,0,-9,-9
0.0009999275207519531,0.0009999275207519531,4,-20,-16
0.0009999275207519531,0.0009999275207519531,0,-13,-13
0.0019998550415039062,0.0019998550415039062,1,-9,-8
0.0009999275207519531,0.0009999275207519531,13,-20,-7
0.0010001659393310547,0.0010001659393310547,3,-20,-17
0.0009999275207519531,0.0009999275207519531,0,-5,-5
0.003999948501586914,0.003999948501586914,0,-19,-19
0.0029997825622558594,0.0029997825622558594,0,-5,-5
0.002000093460083008,0.002000093460083008,7,-20,-13
0.0009999275207519531,0.0009999275207519531,0,-17,-17
0.0010001659393310547,0.0010001659393310547,12,-20,-8
0.0009999275207519531,0.0009999275207519531,15,-17,-2
0.0019998550415039062,0.0019998550415039062,1,-5,-4
0.0010001659393310547,0.0010001659393310547,7,-17,-10
0.0009999275207519531,0.0009999275207519531,0,-16,-16
0.0009999275207519531,0.0009999275207519531,0,-17,-17
0.0009999275207519531,0.0009999275207519531,7,-20,-13
0.0009999275207519531,0.0009999275207519531,3,-20,-17
0.002000093460083008,0.002000093460083008,12,-20,-8
0.003000020980834961,0.003000020980834961,0,-19,-19
0.0009999275207519531,0.0009999275207519531,0,-13,-13
0.0,0.0,0,-12,-12
0.0009999275207519531,0.0009999275207519531,3,-20,-17
0.003000020980834961,0.003000020980834961,11,-20,-9
0.003999948501586914,0.003999948501586914,7,-9,-2
0.002000093460083008,0.002000093460083008,0,-9,-9
0.003000020980834961,0.003000020980834961,0,-17,-17
0.0019998550415039062,0.0019998550415039062,0,-9,-9
0.0009999275207519531,0.0009999275207519531,7,-20,-13
0.0019998550415039062,0.0019998550415039062,15,-19,-4
0.0009999275207519531,0.0009999275207519531,7,-20,-13
0.0010001659393310547,0.0010001659393310547,8,-20,-12
0.002000093460083008,0.002000093460083008,11,-20,-9
0.0009999275207519531,0.0009999275207519531,0,-19,-19
0.0019998550415039062,0.0019998550415039062,16,-20,-4
0.0009999275207519531,0.0009999275207519531,15,-20,-5
0.003000020980834961,0.003000020980834961,0,-6,-6
0.003000020980834961,0.003000020980834961,4,-9,-5
0.0009999275207519531,0.0009999275207519531,0,-17,-17
0.003999948501586914,0.003999948501586914,0,-13,-13
0.0009999275207519531,0.0009999275207519531,15,-20,-5
0.0009999275207519531,0.0009999275207519531,7,-20,-13
0.0,0.0,0,-5,-5
0.0010001659393310547,0.0010001659393310547,3,-19,-16
0.0010001659393310547,0.0010001659393310547,0,-5,-5
0.002000093460083008,0.002000093460083008,1,-9,-8
0.0009999275207519531,0.0009999275207519531,11,-20,-9
0.002000093460083008,0.002000093460083008,3,-19,-16
0.0009999275207519531,0.0009999275207519531,3,-20,-17
0.0009999275207519531,0.0009999275207519531,10,-19,-9
0.0010001659393310547,0.0010001659393310547,0,-12,-12
0.0009999275207519531,0.0009999275207519531,0,-17,-17
0.0010001659393310547,0.0010001659393310547,1,-20,-19
0.002000093460083008,0.002000093460083008,0,-19,-19
0.0,0.0,7,-20,-13
0.0010001659393310547,0.0010001659393310547,2,-17,-15
0.0019998550415039062,0.0019998550415039062,7,-16,-9
0.0019998550415039062,0.0019998550415039062,0,-17,-17
0.0009999275207519531,0.0009999275207519531,11,-20,-9
0.003999948501586914,0.003999948501586914,3,-20,-17
0.002000093460083008,0.002000093460083008,11,-20,-9
0.002000093460083008,0.0009999275207519531,0,-9,-9
0.0009999275207519531,0.0009999275207519531,15,-20,-5
0.002000093460083008,0.002000093460083008,3,-20,-17
0.003000020980834961,0.003000020980834961,15,-9,6
0.002000093460083008,0.002000093460083008,15,-20,-5
0.0009999275207519531,0.0009999275207519531,3,-20,-17
0.002000093460083008,0.002000093460083008,0,-19,-19
0.0009999275207519531,0.0009999275207519531,3,-19,-16
0.002000093460083008,0.002000093460083008,8,-13,-5
0.0009999275207519531,0.0009999275207519531,15,-18,-3
0.0019998550415039062,0.0019998550415039062,15,-20,-5
0.00599980354309082,0.00599980354309082,0,-19,-19
0.0010001659393310547,0.0010001659393310547,0,-5,-5
0.0009999275207519531,0.0009999275207519531,0,-13,-13
0.0009999275207519531,0.0009999275207519531,0,-5,-5
0.0009999275207519531,0.0009999275207519531,0,-17,-17
0.0009999275207519531,0.0009999275207519531,0,-19,-19
0.0019998550415039062,0.0019998550415039062,7,-20,-13
0.0009999275207519531,0.0009999275207519531,0,-5,-5
0.0009999275207519531,0.0009999275207519531,15,-18,-3
0.0009999275207519531,0.0009999275207519531,7,-5,2
0.0009999275207519531,0.0009999275207519531,0,-19,-19
0.0009999275207519531,0.0009999275207519531,0,-17,-17
0.0010001659393310547,0.0010001659393310547,1,-17,-16
0.0009999275207519531,0.0009999275207519531,1,-20,-19
0.0009999275207519531,0.0009999275207519531,7,-20,-13
0.0010001659393310547,0.0010001659393310547,3,-20,-17
0.0009999275207519531,0.0009999275207519531,0,-9,-9
0.002000093460083008,0.002000093460083008,0,-18,-18
0.0019998550415039062,0.0019998550415039062,0,-17,-17
0.004000186920166016,0.004000186920166016,0,-19,-19
0.0009999275207519531,0.0009999275207519531,1,-20,-19
0.0019998550415039062,0.0019998550415039062,2,-13,-11
0.003000020980834961,0.003000020980834961,11,-20,-9
0.0009999275207519531,0.0009999275207519531,11,-9,2
0.0010001659393310547,0.0010001659393310547,1,-17,-16
0.0009999275207519531,0.0009999275207519531,15,-20,-5
0.002000093460083008,0.002000093460083008,0,-13,-13
0.0010001659393310547,0.0010001659393310547,0,-14,-14
0.003000020980834961,0.003000020980834961,0,-9,-9
0.002000093460083008,0.002000093460083008,15,-20,-5
0.012000083923339844,0.012000083923339844,0,-5,-5
0.0009999275207519531,0.0009999275207519531,3,-20,-17
0.0009999275207519531,0.0009999275207519531,3,-20,-17
0.0010001659393310547,0.0010001659393310547,1,-20,-19
0.0009999275207519531,0.0009999275207519531,0,-5,-5
0.0010001659393310547,0.0010001659393310547,0,-17,-17
0.0009999275207519531,0.0009999275207519531,16,-20,-4
0.0009999275207519531,0.0009999275207519531,15,-20,-5
0.002000093460083008,0.002000093460083008,10,-20,-10
0.0009999275207519531,0.0009999275207519531,2,-20,-18
0.0009999275207519531,0.0009999275207519531,0,-13,-13
0.0019998550415039062,0.0019998550415039062,0,-13,-13
0.0010001659393310547,0.0010001659393310547,2,-20,-18
0.0009999275207519531,0.0009999275207519531,15,-20,-5
0.0009999275207519531,0.0009999275207519531,0,-9,-9
0.0010001659393310547,0.0010001659393310547,7,-17,-10
0.0009999275207519531,0.0009999275207519531,15,-12,3
0.0009999275207519531,0.0009999275207519531,0,-5,-5
0.002000093460083008,0.0010001659393310547,3,-19,-16
0.0009999275207519531,0.0009999275207519531,0,-13,-13
0.0009999275207519531,0.0009999275207519531,1,-5,-4
0.0010001659393310547,0.0010001659393310547,0,-5,-5
0.002000093460083008,0.002000093460083008,0,-14,-14
0.002000093460083008,0.002000093460083008,11,-20,-9
0.004999876022338867,0.004999876022338867,0,-5,-5
0.002000093460083008,0.002000093460083008,3,-17,-14
0.0010001659393310547,0.0010001659393310547,0,-12,-12
0.002000093460083008,0.002000093460083008,12,-19,-7
0.0009999275207519531,0.0009999275207519531,7,-9,-2
0.003000020980834961,0.003000020980834961,1,-17,-16
0.0019998550415039062,0.0009999275207519531,1,-20,-19
0.0010001659393310547,0.0010001659393310547,16,-20,-4
0.002000093460083008,0.002000093460083008,11,-20,-9
0.005000114440917969,0.005000114440917969,7,-20,-13
0.0009999275207519531,0.0009999275207519531,3,-20,-17
0.002000093460083008,0.002000093460083008,10,-20,-10
0.00599980354309082,0.00599980354309082,0,-19,-19
0.006000041961669922,0.006000041961669922,3,-19,-16
0.002000093460083008,0.0010001659393310547,2,-20,-18
0.002000093460083008,0.002000093460083008,0,-13,-13
0.0019998550415039062,0.0019998550415039062,3,-17,-14
0.0009999275207519531,0.0009999275207519531,0,-17,-17
0.0009999275207519531,0.0009999275207519531,0,-16,-16
0.0010001659393310547,0.0010001659393310547,7,-20,-13
0.0009999275207519531,0.0009999275207519531,0,-16,-16
0.0010001659393310547,0.0010001659393310547,0,-17,-17
0.0009999275207519531,0.0009999275207519531,0,-19,-19
0.0010001659393310547,0.0010001659393310547,0,-19,-19
0.0009999275207519531,0.0009999275207519531,0,-5,-5
0.0009999275207519531,0.0009999275207519531,0,-9,-9
0.0010001659393310547,0.0010001659393310547,11,-20,-9
0.002000093460083008,0.002000093460083008,1,-18,-17
0.005000114440917969,0.005000114440917969,15,-20,-5
0.0019998550415039062,0.0019998550415039062,0,-19,-19
0.003000020980834961,0.003000020980834961,0,-5,-5
0.003999948501586914,0.003999948501586914,1,-20,-19
0.0009999275207519531,0.0009999275207519531,4,-20,-16
0.003000020980834961,0.003000020980834961,0,-6,-6
0.0009999275207519531,0.0009999275207519531,0,-9,-9
0.19899988174438477,0.14299988746643066,0.006999969482421875,5.574700694979791,51.978463529535546,6.129850576326236e38,5.574700694979791
0.007999897003173828,0.003999948501586914,0.003999948501586914,11.53297286683301,41.5606978892791,1.3646469545793715e44,11.53297286683301
0.004999876022338867,0.003000020980834961,0.0019998550415039062,15.44903175379069,49.58992996808097,9.068396717258406e58,15.44903175379069
0.0029997825622558594,0.0019998550415039062,0.0009999275207519531,12.91789939722424,48.70285733622818,1.3128662417445623e54,12.91789939722424
0.003999948501586914,0.0019998550415039062,0.002000093460083008,8.617962226543641,44.35058564408199,3.0601394101590085e41,8.617962226543641
0.003000020980834961,0.002000093460083008,0.0009999275207519531,5.149164185894395,53.66569370215134,1.569805627967625e38,5.149164185894395
0.002000093460083008,0.0010001659393310547,0.0009999275207519531,11.91514234612789,53.0210942659733,1.1375198469403024e57,11.91514234612789
0.002000093460083008,0.0010001659393310547,0.0009999275207519531,15.344638023485611,55.165718425526265,2.6555256910849813e65,15.344638023485611
0.003000020980834961,0.002000093460083008,0.0009999275207519531,13.1120859291285,25.264211040453816,1.7262190017513113e28,13.1120859291285
0.004999876022338867,0.0029997825622558594,0.002000093460083008,6.678231610401539,47.581248179501,1.7314996071489926e39,6.678231610401539
0.0019998550415039062,0.0009999275207519531,0.0009999275207519531,7.6476636152017266,53.66569370215134,2.6012657911095863e47,7.6476636152017266
0.0029997825622558594,0.0009999275207519531,0.0019998550415039062,6.185354473069058,46.53141176676878,6.65750887605344e36,6.185354473069058
0.0019998550415039062,0.0009999275207519531,0.0009999275207519531,15.344638023485611,55.1501912684591,2.545282386912862e65,15.344638023485611
0.003000020980834961,0.002000093460083008,0.0009999275207519531,14.904773608175235,25.12763221428607,3.0401059017203616e29,14.904773608175235
0.003000020980834961,0.0010001659393310547,0.0019998550415039062,3.5687667393531863,51.978463529535546,5.236548945515252e28,3.5687667393531863
0.005000114440917969,0.003000020980834961,0.002000093460083008,5.5741563340260285,49.66580733335133,1.147069269980228e37,5.5741563340260285
0.003000020980834961,0.002000093460083008,0.0009999275207519531,6.212721739012112,53.66569370215134,3.732704391697836e42,6.212721739012112
0.004000186920166016,0.002000093460083008,0.002000093460083008,11.91514234612789,53.0210942659733,1.1375198469403024e57,11.91514234612789
0.003000020980834961,0.002000093460083008,0.0009999275207519531,5.35735349166385,53.66569370215134,1.3171149932478473e39,5.35735349166385
0.009000062942504883,0.006000041961669922,0.003000020980834961,15.44903175379069,49.18475344875401,2.990994637151408e58,15.44903175379069
0.002000093460083008,0.0010001659393310547,0.0009999275207519531,4.288664118079231,53.66569370215134,8.590147314904906e33,4.288664118079231
0.005000114440917969,0.003000020980834961,0.002000093460083008,3.5687667393531863,51.978463529535546,5.236548945515252e28,3.5687667393531863
0.003000020980834961,0.0010001659393310547,0.0019998550415039062,5.149164185894395,53.66569370215134,1.569805627967625e38,5.149164185894395
0.003000020980834961,0.0010001659393310547,0.0019998550415039062,5.5741563340260285,49.66580733335133,1.147069269980228e37,5.5741563340260285
0.0019998550415039062,0.0009999275207519531,0.0009999275207519531,5.35735349166385,53.66569370215134,1.3171149932478473e39,5.35735349166385
0.0019998550415039062,0.0009999275207519531,0.0009999275207519531,3.5687667393531863,51.978463529535546,5.236548945515252e28,3.5687667393531863
0.003000020980834961,0.0019998550415039062,0.0010001659393310547,5.35735349166385,46.312455884830996,5.747497054576857e33,5.35735349166385
0.003999948501586914,0.002000093460083008,0.0019998550415039062,1.465704394631926,50.59205306965062,2.515520002200493e8,1.465704394631926
0.003000020980834961,0.002000093460083008,0.0009999275207519531,4.948257369011427,52.303715136091135,2.1010395782528022e36,4.948257369011427
0.0019998550415039062,0.0009999275207519531,0.0009999275207519531,5.5741563340260285,51.39656159700034,2.244100908619472e38,5.5741563340260285
0.002000093460083008,0.0010001659393310547,0.0009999275207519531,1.4032796753143426,50.76832780119913,2.9530225255333953e7,1.4032796753143426
0.002000093460083008,0.0009999275207519531,0.0010001659393310547,3.8936786248645885,51.978463529535546,4.8530088542071765e30,3.8936786248645885
0.003000020980834961,0.0009999275207519531,0.002000093460083008,3.544836688398082,51.978463529535546,3.6912010141065393e28,3.544836688398082
0.003000020980834961,0.002000093460083008,0.0009999275207519531,5.012568076806065,53.220492142190906,1.8094760505643767e37,5.012568076806065
0.005000114440917969,0.002000093460083008,0.003000020980834961,5.281683373721256,52.605195643273674,1.0509487516269142e38,5.281683373721256
0.002000093460083008,0.0010001659393310547,0.0009999275207519531,3.5687667393531863,51.978463529535546,5.236548945515252e28,3.5687667393531863
0.003999948501586914,0.002000093460083008,0.0019998550415039062,3.5687667393531863,55.30008607466747,3.5834549817423635e30,3.5687667393531863
0.003999948501586914,0.0019998550415039062,0.002000093460083008,3.5687667393531863,51.978463529535546,5.236548945515252e28,3.5687667393531863
0.003000020980834961,0.0010001659393310547,0.0019998550415039062,1.3407572340375506,50.81451137516878,2.9596175125986263e6,1.3407572340375506
0.003000020980834961,0.0010001659393310547,0.0019998550415039062,0.804874591693594,52.04182683515282,1.2414357123999501e-5,0.804874591693594
0.003000020980834961,0.002000093460083008,0.0009999275207519531,1.577496443364832,51.86173179683695,1.8491982841841183e10,1.577496443364832
0.0029997825622558594,0.0019998550415039062,0.0009999275207519531,4.099826966284463,50.5853033422473,9.929562048422263e30,4.099826966284463
0.006000041961669922,0.003999948501586914,0.002000093460083008,1.6698311138881428,51.978463529535546,3.751258273858661e11,1.6698311138881428
0.003000020980834961,0.0009999275207519531,0.002000093460083008,1.3407572340375506,47.160081461002704,1.0135458385598729e6,1.3407572340375506
0.003000020980834961,0.0010001659393310547,0.0019998550415039062,3.5690701120116306,55.981706810752236,8.569913836380432e30,3.5690701120116306
0.003000020980834961,0.0019998550415039062,0.0010001659393310547,3.544533315739638,51.978463529535546,3.674816850219841e28,3.544533315739638
0.003999948501586914,0.0019998550415039062,0.002000093460083008,4.285383034721244,53.57338875402434,7.208202714536125e33,4.285383034721244
0.003000020980834961,0.0010001659393310547,0.0019998550415039062,0.728710349927082,50.74852209128022,1.0589275048711827e-7,0.728710349927082
0.0029997825622558594,0.0019998550415039062,0.0009999275207519531,3.361994481262323,50.59205306965062,4.3815036558979656e26,3.361994481262323
0.003999948501586914,0.0019998550415039062,0.002000093460083008,3.479425142582743,53.203892771959424,6.461105406777407e28,3.479425142582743
0.002000093460083008,0.0010001659393310547,0.0009999275207519531,1.1413564754022287,46.117836702534575,444.78124293276,1.1413564754022287
0.003000020980834961,0.0009999275207519531,0.002000093460083008,1.577496443364832,52.4498144200468,2.4177158139838074e10,1.577496443364832
0.005000114440917969,0.002000093460083008,0.003000020980834961,1.577496443364832,51.64734043640371,1.6770297603589605e10,1.577496443364832
0.003000020980834961,0.0009999275207519531,0.002000093460083008,3.9969085129511166,51.24853819691738,6.878377984752692e30,3.9969085129511166
0.002000093460083008,0.0009999275207519531,0.0010001659393310547,0.728710349927082,51.15976553398041,9.297000373542577e-8,0.728710349927082
0.002000093460083008,0.0009999275207519531,0.0010001659393310547,1.465704394631926,48.57219745447366,1.1620853915488541e8,1.465704394631926
0.004999876022338867,0.0019998550415039062,0.003000020980834961,0.728710349927082,54.300537817175936,3.440798235689854e-8,0.728710349927082
0.003000020980834961,0.0009999275207519531,0.002000093460083008,1.1566608354897134,47.18493712369828,960.2240541449188,1.1566608354897134
0.004999876022338867,0.002000093460083008,0.0029997825622558594,1.0159809519114749,53.21946560343469,2.3251240331943617,1.0159809519114749
0.003000020980834961,0.0019998550415039062,0.0010001659393310547,1.0514308374676173,52.04182683515282,13.599030709113372,1.0514308374676173
0.003000020980834961,0.0019998550415039062,0.0010001659393310547,0.5522283061495448,50.74852209128022,8.182826091766144e-14,0.5522283061495448
0.003000020980834961,0.0009999275207519531,0.002000093460083008,0.804874591693594,53.2330033824243,9.585833880694373e-6,0.804874591693594
0.003000020980834961,0.0010001659393310547,0.0019998550415039062,0.5363774076065142,52.045097739889805,8.322705564490901e-15,0.5363774076065142
0.006999969482421875,0.005000114440917969,0.0019998550415039062,0.728710349927082,54.77145712821934,2.964378623801278e-8,0.728710349927082
0.0029997825622558594,0.0009999275207519531,0.0019998550415039062,1.1413564754022287,46.117836702534575,444.78124293276,1.1413564754022287
0.003999948501586914,0.003000020980834961,0.0009999275207519531,0.8839059969769902,46.117836702534575,0.003375704085718135,0.8839059969769902
0.003999948501586914,0.0019998550415039062,0.002000093460083008,0.33430261421833585,52.02248245631193,1.7561826260059206e-25,0.33430261421833585
0.006000041961669922,0.003000020980834961,0.003000020980834961,0.804874591693594,51.61547817308169,1.361811140923474e-5,0.804874591693594
0.003999948501586914,0.0019998550415039062,0.002000093460083008,0.06804742723420354,52.02248245631193,1.905318801397445e-61,0.06804742723420354
0.003000020980834961,0.002000093460083008,0.0009999275207519531,0.20081179204513466,52.02248245631193,5.36245922539733e-37,0.20081179204513466
0.0019998550415039062,0.0009999275207519531,0.0009999275207519531,0.728710349927082,55.617451219179394,2.2680674324159047e-8,0.728710349927082
0.0019998550415039062,0.0009999275207519531,0.0009999275207519531,0.4251687457954234,50.77805705351811,1.3774191725224175e-19,0.4251687457954234
0.008999824523925781,0.007999897003173828,0.0009999275207519531,0.7158524446537573,52.02248245631193,2.802584540354096e-8,0.7158524446537573
0.003000020980834961,0.0019998550415039062,0.0010001659393310547,0.4706940555104211,51.05414044256895,1.9586476694114944e-17,0.4706940555104211
0.003000020980834961,0.0009999275207519531,0.002000093460083008,0.804874591693594,51.033934883770954,1.5450409877121836e-5,0.804874591693594
0.003000020980834961,0.002000093460083008,0.0009999275207519531,0.7276737691458202,54.77145712821934,2.7420348863200095e-8,0.7276737691458202
0.006000041961669922,0.0009999275207519531,0.005000114440917969,2.538608071524915,52.16724030890562,1.27831782173783e21,2.538608071524915
0.006999969482421875,0.005000114440917969,0.0019998550415039062,0.029847605707198133,50.83483277437812,2.966739497130087e-78,0.029847605707198133
0.004999876022338867,0.003000020980834961,0.0019998550415039062,0.4104988651293452,52.02248245631193,7.647654591785764e-21,0.4104988651293452
0.003999948501586914,0.0009999275207519531,0.003000020980834961,0.04605944147874266,47.95827317157397,7.853649333430101e-65,0.04605944147874266
0.006999969482421875,0.003000020980834961,0.003999948501586914,1.8321575896122355,55.69147175946406,4.4135372476413056e14,1.8321575896122355
0.003999948501586914,0.0019998550415039062,0.002000093460083008,0.20081179204513466,52.02248245631193,5.36245922539733e-37,0.20081179204513466
0.003000020980834961,0.0009999275207519531,0.002000093460083008,0.13522523499942318,50.76826462394449,7.679088053160109e-45,0.13522523499942318
0.004000186920166016,0.002000093460083008,0.002000093460083008,0.33430261421833585,51.216717785871325,4.24620576406614e-25,0.33430261421833585
0.003000020980834961,0.0009999275207519531,0.002000093460083008,0.794109021112912,52.02248245631193,6.1875083975124044e-6,0.794109021112912
0.003000020980834961,0.002000093460083008,0.0009999275207519531,3.638550692745446,53.72656646942782,1.3701199058098956e30,3.638550692745446
0.003999948501586914,0.0019998550415039062,0.002000093460083008,0.33478380002772345,55.22147245050543,5.7120541745281585e-27,0.33478380002772345
0.003999948501586914,0.002000093460083008,0.0019998550415039062,0.20033060623633475,52.02248245631193,4.733271746260241e-37,0.20033060623633475
0.0019998550415039062,0.0009999275207519531,0.0009999275207519531,0.013288254678740202,50.6307935415706,9.765463296225012e-96,0.013288254678740202
0.0029997825622558594,0.0019998550415039062,0.0009999275207519531,0.04167831426128199,48.095744253947196,4.2029215710919486e-67,0.04167831426128199
0.003000020980834961,0.0019998550415039062,0.0010001659393310547,0.20081179204513466,52.02248245631193,5.36245922539733e-37,0.20081179204513466
0.003000020980834961,0.002000093460083008,0.0009999275207519531,0.12941977606359933,50.83483277437812,7.222727584465319e-46,0.12941977606359933
0.003000020980834961,0.0019998550415039062,0.0010001659393310547,1.5160907413130875,52.32294715891557,2.8580831298032937e9,1.5160907413130875
0.003000020980834961,0.002000093460083008,0.0009999275207519531,0.13522523499942318,49.76054470902032,5.767134272666703e-44,0.13522523499942318
0.003999948501586914,0.003000020980834961,0.0009999275207519531,0.1218185115654169,50.188935915902206,1.296948831556257e-46,0.1218185115654169
0.003000020980834961,0.0010001659393310547,0.0019998550415039062,2.927252326712766,46.73299681819134,6.296238447596071e21,2.927252326712766
0.007999897003173828,0.0029997825622558594,0.005000114440917969,0.8990456763425787,50.632199287150044,0.004569500179550955,0.8990456763425787
0.004000186920166016,0.002000093460083008,0.002000093460083008,0.010054563132032679,52.44197513290758,1.737724368424989e-105,0.010054563132032679
0.006999969482421875,0.003999948501586914,0.003000020980834961,0.01559038446607297,49.07225091415255,2.086491835059487e-89,0.01559038446607297
0.006000041961669922,0.003999948501586914,0.002000093460083008,0.5045491315428017,55.141295231915024,4.1467909280823886e-17,0.5045491315428017
0.003999948501586914,0.0019998550415039062,0.002000093460083008,0.010716395146941338,52.02248245631193,3.297949837662021e-103,0.010716395146941338
0.003999948501586914,0.002000093460083008,0.0019998550415039062,0.3439339295476862,49.76054470902032,8.604875522921908e-24,0.3439339295476862
0.003000020980834961,0.0019998550415039062,0.0010001659393310547,0.029847605707198133,50.83483277437812,2.966739497130087e-78,0.029847605707198133
0.003000020980834961,0.002000093460083008,0.0009999275207519531,0.13967488512774526,52.28982631631896,1.9878590220227332e-45,0.13967488512774526
0.003999948501586914,0.002000093460083008,0.0019998550415039062,0.7426138138815075,50.76826462394449,2.747027341459828e-7,0.7426138138815075
0.00599980354309082,0.0019998550415039062,0.003000020980834961,0.013288254678740202,47.305155444059324,1.6996494252291353e-89,0.013288254678740202
0.004000186920166016,0.002000093460083008,0.002000093460083008,0.0016498619631929723,49.87951348185912,1.6130229952651337e-139,0.0016498619631929723
0.002000093460083008,0.0009999275207519531,0.0010001659393310547,0.04167831426128199,49.44062559654715,5.854559023863883e-69,0.04167831426128199
0.003000020980834961,0.002000093460083008,0.0009999275207519531,0.010716395146941338,47.96091962044962,3.306168295785866e-95,0.010716395146941338
0.003000020980834961,0.002000093460083008,0.0009999275207519531,0.04167831426128199,48.095744253947196,4.2029215710919486e-67,0.04167831426128199
0.0029997825622558594,0.0019998550415039062,0.0009999275207519531,0.0027653098266035014,52.44197513290758,6.918179317670771e-135,0.0027653098266035014
0.006999969482421875,0.0019998550415039062,0.005000114440917969,0.01559038446607297,49.05985056900682,2.196978913730264e-89,0.01559038446607297
0.002000093460083008,0.0010001659393310547,0.0009999275207519531,0.010716395146941338,52.034882801406944,3.1175682507886536e-103,0.010716395146941338
0.006000041961669922,0.002000093460083008,0.003999948501586914,0.3735550962341213,50.6307935415706,2.228319023455604e-22,0.3735550962341213
0.006000041961669922,0.003999948501586914,0.002000093460083008,0.04605944147874266,47.95827317157397,7.853649333430101e-65,0.04605944147874266
0.006000041961669922,0.003000020980834961,0.003000020980834961,1.4459956701122536,54.483980507938,5.3276452376353747e8,1.4459956701122536
0.0070002079010009766,0.002000093460083008,0.005000114440917969,0.010716395146941338,52.61522372476895,2.24167487693491e-104,0.010716395146941338
0.003000020980834961,0.0009999275207519531,0.002000093460083008,0.0016498619631929723,50.038828807453704,5.812156754748763e-140,0.0016498619631929723
0.004000186920166016,0.002000093460083008,0.002000093460083008,0.010716395146941338,53.032148867950376,3.382598132059743e-105,0.010716395146941338
0.003000020980834961,0.002000093460083008,0.0009999275207519531,0.013656106962919523,52.98328198021175,1.5977170134847707e-99,0.013656106962919523
0.005000114440917969,0.003000020980834961,0.002000093460083008,1.0475912351621925,46.92833287884113,8.862783653575988,1.0475912351621925
0.006000041961669922,0.003000020980834961,0.003000020980834961,0.0015882090766251578,50.73561789528033,9.689944254959626e-143,0.0015882090766251578
0.006000041961669922,0.003999948501586914,0.002000093460083008,0.0027653098266035014,50.98961834637324,3.5932925160049087e-131,0.0027653098266035014
0.002000093460083008,0.0010001659393310547,0.0009999275207519531,0.009985378919446206,53.37467939848572,1.6471162676271905e-107,0.009985378919446206
0.0019998550415039062,0.0009999275207519531,0.0009999275207519531,0.0022217980637910077,55.14658388423184,4.7843370758593736e-147,0.0022217980637910077
0.003000020980834961,0.0010001659393310547,0.0019998550415039062,2.767724780197478,52.61522372476895,1.829765390947428e23,2.767724780197478
0.003999948501586914,0.002000093460083008,0.0019998550415039062,0.0027653098266035014,51.1309419089684,1.56297018019649e-131,0.0027653098266035014
0.003000020980834961,0.0019998550415039062,0.0010001659393310547,0.001588265023868246,50.038828807453704,8.658921139715406e-141,0.001588265023868246
0.003000020980834961,0.0009999275207519531,0.002000093460083008,0.0004785915341806446,49.87951348185912,2.5019006542722695e-166,0.0004785915341806446
0.004000186920166016,0.002000093460083008,0.002000093460083008,0.8801760995447084,49.90878898668135,0.0017121209423087117,0.8801760995447084
0.003000020980834961,0.0019998550415039062,0.0010001659393310547,0.0022217980637910077,55.974509422438274,3.0415204057280546e-149,0.0022217980637910077
0.003999948501586914,0.0019998550415039062,0.002000093460083008,0.0022336088948640086,50.91824522562283,1.0377553377472586e-135,0.0022336088948640086
0.015000104904174805,0.00800013542175293,0.006999969482421875,0.0009732722922082999,55.509869967022986,6.565698544984197e-168,0.0009732722922082999
0.003999948501586914,0.002000093460083008,0.0019998550415039062,4.334325969281731,52.75963330291215,4.0155817684488793e33,4.334325969281731
0.006999969482421875,0.006000041961669922,0.0009999275207519531,0.0015882090766251578,46.1461606043728,6.80198959931287e-130,0.0015882090766251578
0.003000020980834961,0.0009999275207519531,0.002000093460083008,0.0011340886769540814,50.81801506404218,2.1038152862268853e-150,0.0011340886769540814
0.005000114440917969,0.003000020980834961,0.002000093460083008,0.00129976648138223,55.974509422438274,2.818563955087215e-162,0.00129976648138223
0.003000020980834961,0.002000093460083008,0.0009999275207519531,0.00022719436966605906,49.82420404265572,2.886747526514977e-182,0.00022719436966605906
0.004000186920166016,0.002000093460083008,0.002000093460083008,0.18801904645321016,50.97355466482624,1.0080640144732239e-37,0.18801904645321016
0.009999990463256836,0.007999897003173828,0.002000093460083008,0.0015882090766251578,46.53255909394824,5.637297004050782e-131,0.0015882090766251578
0.003000020980834961,0.002000093460083008,0.0009999275207519531,0.21341338438110005,50.044637357448224,2.698614686473369e-34,0.21341338438110005
0.003000020980834961,0.0009999275207519531,0.002000093460083008,0.0008535215849289346,47.297485085809214,7.147661678805645e-146,0.0008535215849289346
0.003000020980834961,0.002000093460083008,0.0009999275207519531,0.0003291215749377692,55.509869967022986,4.774237173046364e-194,0.0003291215749377692
0.003000020980834961,0.002000093460083008,0.0009999275207519531,0.00035214995471999355,52.51386719788292,4.521824736514192e-182,0.00035214995471999355
0.002000093460083008,0.0010001659393310547,0.0009999275207519531,0.5857130514291039,48.76714252019506,4.684427073283738e-12,0.5857130514291039
0.006000041961669922,0.002000093460083008,0.003999948501586914,0.00014545472081209376,49.87951348185912,3.969452576738213e-192,0.00014545472081209376
0.002000093460083008,0.0010001659393310547,0.0009999275207519531,0.0004785915341806446,49.87951348185912,2.5019006542722695e-166,0.0004785915341806446
0.002000093460083008,0.0010001659393310547,0.0009999275207519531,0.0004785915341806446,50.1110329650141,4.2620375947241325e-167,0.0004785915341806446
0.003999948501586914,0.0009999275207519531,0.003000020980834961,0.8258757122336114,52.49150762600351,4.352382394809569e-5,0.8258757122336114
0.006000041961669922,0.003999948501586914,0.002000093460083008,0.0004833287371538138,55.509869967022986,8.764736480336144e-185,0.0004833287371538138
0.004000186920166016,0.002000093460083008,0.002000093460083008,0.0003243843719646204,49.87951348185912,9.405164208007291e-175,0.0003243843719646204
0.003999948501586914,0.002000093460083008,0.0019998550415039062,0.3705862228050135,49.27523727919426,5.713687279707765e-22,0.3705862228050135
0.008999824523925781,0.003999948501586914,0.004999876022338867,0.0008535215849289346,48.44249105297854,2.1897084190452885e-149,0.0008535215849289346
0.005000114440917969,0.003000020980834961,0.002000093460083008,4.9020740661984315e-5,50.11702443940749,1.0343381886565994e-216,4.9020740661984315e-5
0.004000186920166016,0.002000093460083008,0.002000093460083008,0.18582779617652503,49.87951348185912,3.496198888519509e-37,0.18582779617652503
0.006999969482421875,0.003000020980834961,0.003999948501586914,0.5194015646713163,55.49830733375209,1.625219902409244e-16,0.5194015646713163
0.014000177383422852,0.012000083923339844,0.002000093460083008,6.712189514997572e-5,49.92460216237203,4.54837137578039e-209,6.712189514997572e-5
0.003000020980834961,0.0009999275207519531,0.002000093460083008,0.00020256929724278908,55.509869967022986,9.514412866226297e-206,0.00020256929724278908
0.002000093460083008,0.0010001659393310547,0.0009999275207519531,0.0004785915341806446,48.734187713157084,1.5877849653858059e-162,0.0004785915341806446
0.002000093460083008,0.0010001659393310547,0.0009999275207519531,0.00011204088852008812,55.509869967022986,5.028120570228704e-220,0.00011204088852008812
0.002000093460083008,0.0009999275207519531,0.0010001659393310547,4.604471555560985e-5,49.73947509846662,1.9446407337374453e-216,4.604471555560985e-5
0.003999948501586914,0.002000093460083008,0.0019998550415039062,1.865633400180422e-5,49.87951348185912,1.2915674308195208e-236,1.865633400180422e-5
0.003000020980834961,0.002000093460083008,0.0009999275207519531,0.00011204088852008812,55.509869967022986,5.028120570228704e-220,0.00011204088852008812
0.006000041961669922,0.003000020980834961,0.002000093460083008,0.01992850670767346,49.328064766844655,1.3073163222135837e-84,0.01992850670767346
0.026999950408935547,0.020999908447265625,0.006000041961669922,0.00015796854964439519,50.11702443940749,3.0455897217023085e-191,0.00015796854964439519
0.012000083923339844,0.006000041961669922,0.006000041961669922,4.792546404808854e-5,51.039585218108634,3.45061843666436e-221,4.792546404808854e-5
0.01900005340576172,0.014999866485595703,0.004000186920166016,0.14384582496049111,55.509869967022986,1.7988148915728144e-47,0.14384582496049111
0.003999948501586914,0.002000093460083008,0.0019998550415039062,0.00022719436966605906,48.3631860376612,6.078236073531138e-177,0.00022719436966605906
0.005000114440917969,0.002000093460083008,0.003000020980834961,2.7125113623201392e-5,49.92460216237203,1.0301304196806773e-228,2.7125113623201392e-5
0.003000020980834961,0.002000093460083008,0.0009999275207519531,1.7878614179860704e-6,52.74870767453958,6.5771624728948725e-304,1.7878614179860704e-6
0.003000020980834961,0.0009999275207519531,0.002000093460083008,0.038122503311812383,50.11702443940749,7.816891629885987e-72,0.038122503311812383
0.005000114440917969,0.003000020980834961,0.002000093460083008,1.4011983423447774,52.74870767453958,5.34152615026176e7,1.4011983423447774
0.003000020980834961,0.0009999275207519531,0.002000093460083008,6.712189514997572e-5,49.92460216237203,4.54837137578039e-209,6.712189514997572e-5
0.003000020980834961,0.002000093460083008,0.0009999275207519531,0.9799876583846509,54.69488071865884,0.3309878966037053,0.9799876583846509
0.002000093460083008,0.0010001659393310547,0.0009999275207519531,4.604471555560985e-5,50.201704366563526,1.924128839709893e-218,4.604471555560985e-5
0.006000041961669922,0.0019998550415039062,0.004000186920166016,0.9533684775572634,49.88928125457207,0.09232846795823889,0.9533684775572634
0.003999948501586914,0.002000093460083008,0.0019998550415039062,6.428000483356836e-5,49.92460216237203,5.2463474591793e-210,6.428000483356836e-5
0.003000020980834961,0.0010001659393310547,0.0019998550415039062,2.7125113623201392e-5,49.92460216237203,1.0301304196806773e-228,2.7125113623201392e-5
0.003999948501586914,0.002000093460083008,0.0019998550415039062,5.2711003270003806e-6,55.161139429700384,7.145962200312077e-292,5.2711003270003806e-6
0.009000062942504883,0.0070002079010009766,0.0019998550415039062,2.0999510696115906,49.715772798829384,1.044427171033438e16,2.0999510696115906
0.006000041961669922,0.003999948501586914,0.002000093460083008,2.6763265081165468e-6,55.50925733561055,4.7515321034133e-310,2.6763265081165468e-6
0.003999948501586914,0.0010001659393310547,0.0029997825622558594,3.737841125762895e-5,49.73947509846662,6.088137092555379e-221,3.737841125762895e-5
0.007999897003173828,0.0019998550415039062,0.006000041961669922,1.3290541078119198,54.974196687105824,6.189543293790823e6,1.3290541078119198
0.004000186920166016,0.002000093460083008,0.002000093460083008,2.5127043327938248e-5,50.201704366563526,1.2002117227838833e-231,2.5127043327938248e-5
0.003999948501586914,0.002000093460083008,0.0019998550415039062,0.5788826321609899,53.43184813872275,2.0642995267509837e-13,0.5788826321609899
0.004999876022338867,0.0019998550415039062,0.003000020980834961,1.7878614179860704e-6,51.07619242887419,2.6983471927020254e-294,1.7878614179860704e-6
0.003000020980834961,0.0019998550415039062,0.0010001659393310547,0.01957943380433443,53.04304271820031,2.4653651884278703e-91,0.01957943380433443
0.003999948501586914,0.0019998550415039062,0.002000093460083008,1.7878614179860704e-6,50.944674910441755,1.5382134962525404e-293,1.7878614179860704e-6
0.004000186920166016,0.002000093460083008,0.002000093460083008,0.2447159342898466,52.74870767453958,5.658791136541476e-33,0.2447159342898466
0.006000041961669922,0.004999876022338867,0.0010001659393310547,7.015256899461149e-7,52.74870767453958,0.0,7.015256899461149e-7
0.006000041961669922,0.002000093460083008,0.003999948501586914,1.6182210429054663e-6,53.13563313642864,1.9658907936637103e-308,1.6182210429054663e-6
0.015000104904174805,0.00800013542175293,0.006999969482421875,1.729932867034637e-7,53.71719287727357,0.0,1.729932867034637e-7
0.018000125885009766,0.005000114440917969,0.013000011444091797,1.9270216645255064e-5,49.87951348185912,6.492881224189324e-236,1.9270216645255064e-5
0.007999897003173828,0.005000114440917969,0.0029997825622558594,0.8507500006780108,55.47306060599232,0.00012761442501322556,0.8507500006780108
0.003999948501586914,0.0019998550415039062,0.0010001659393310547,3.3145232368782387e-7,52.74870767453958,0.0,3.3145232368782387e-7
0.003999948501586914,0.002000093460083008,0.0019998550415039062,2.123100606251845e-6,49.87951348185912,1.076594804651869e-283,2.123100606251845e-6
0.004000186920166016,0.002000093460083008,0.002000093460083008,0.183484862876648,55.512724987905074,1.319601299082369e-41,0.183484862876648
0.005000114440917969,0.003000020980834961,0.002000093460083008,0.8379240054311842,55.15767177739984,5.809601307005354e-5,0.8379240054311842
0.004999876022338867,0.003000020980834961,0.0019998550415039062,1.2719553304212297,52.74870767453958,324157.1354111111,1.2719553304212297
0.0029997825622558594,0.0009999275207519531,0.0019998550415039062,7.087425660430766e-7,52.72777409417851,0.0,7.087425660430766e-7
0.003000020980834961,0.0009999275207519531,0.002000093460083008,2.624878549699957e-7,53.13563313642864,0.0,2.624878549699957e-7
0.005000114440917969,0.002000093460083008,0.003000020980834961,2.9894107443952236e-7,51.586542080839365,0.0,2.9894107443952236e-7
0.003999948501586914,0.0019998550415039062,0.002000093460083008,1.6182210429054663e-6,54.54904274750858,1.2839787e-316,1.6182210429054663e-6
0.006000041961669922,0.002000093460083008,0.003999948501586914,0.7517895151175615,51.13876099129991,4.6101651616125013e-7,0.7517895151175615
0.00800013542175293,0.0010001659393310547,0.006999969482421875,1.0050983458480885e-6,52.74870767453958,4.2097135e-317,1.0050983458480885e-6
0.01399993896484375,0.005000114440917969,0.008999824523925781,1.7878614179860704e-6,52.68121213123169,1.606868804727069e-303,1.7878614179860704e-6
0.015000104904174805,0.005000114440917969,0.009999990463256836,1.7878614179860704e-6,51.07619242887419,2.6983471927020254e-294,1.7878614179860704e-6
0.003999948501586914,0.0009999275207519531,0.003000020980834961,1.5431739074244346,54.80307517752219,2.116968355907831e10,1.5431739074244346
0.003999948501586914,0.0019998550415039062,0.002000093460083008,1.729932867034637e-7,54.55841533717877,0.0,1.729932867034637e-7
0.006999969482421875,0.003999948501586914,0.003000020980834961,1.1305557288574035,53.71719287727357,728.9459066130486,1.1305557288574035
0.006999969482421875,0.004999876022338867,0.002000093460083008,0.9829607033719459,48.77819217147987,0.4324413202394847,0.9829607033719459
0.003000020980834961,0.0009999275207519531,0.002000093460083008,0.9074462864650048,54.13172520068695,0.005209236204136796,0.9074462864650048
0.005000114440917969,0.003000020980834961,0.002000093460083008,4.4785930756802735e-7,51.586542080839365,0.0,4.4785930756802735e-7
0.003000020980834961,0.002000093460083008,0.0009999275207519531,1.9673245878523126e-8,52.74870767453958,0.0,1.9673245878523126e-8
0.003000020980834961,0.002000093460083008,0.0009999275207519531,1.3410087780931565e-8,52.72777409417851,0.0,1.3410087780931565e-8
0.0029997825622558594,0.0009999275207519531,0.0019998550415039062,1.0127250827013936,49.36515932011733,1.8667753430095604,1.0127250827013936
0.012000083923339844,0.007999897003173828,0.004000186920166016,0.08714442176341462,51.45042573477225,2.9845293847895564e-55,0.08714442176341462
0.007999897003173828,0.006000041961669922,0.0019998550415039062,1.729932867034637e-7,53.85330921782194,0.0,1.729932867034637e-7
0.00599980354309082,0.003000020980834961,0.0029997825622558594,1.20682122395703e-7,52.74870767453958,0.0,1.20682122395703e-7
0.007999897003173828,0.0019998550415039062,0.006000041961669922,1.6380535626838024e-7,52.74870767453958,0.0,1.6380535626838024e-7
0.003999948501586914,0.0019998550415039062,0.002000093460083008,8.200124594410248e-8,49.83531437738893,0.0,8.200124594410248e-8
0.008999824523925781,0.00599980354309082,0.003000020980834961,1.2534535224937442,54.82981913936955,239473.1291238538,1.2534535224937442
0.004999876022338867,0.003000020980834961,0.0019998550415039062,1.729932867034637e-7,53.801977799527585,0.0,1.729932867034637e-7
0.003999948501586914,0.0009999275207519531,0.003000020980834961,1.9673245878523126e-8,52.74870767453958,0.0,1.9673245878523126e-8
0.003999948501586914,0.002000093460083008,0.0019998550415039062,0.10046845256449562,52.74870767453958,2.282217728689197e-53,0.10046845256449562
0.003999948501586914,0.0019998550415039062,0.002000093460083008,6.701176576575438e-9,55.986473181599486,0.0,6.701176576575438e-9
0.008999824523925781,0.006999969482421875,0.0019998550415039062,9.367519959801624e-9,53.025992025148334,0.0,9.367519959801624e-9
0.003999948501586914,0.0009999275207519531,0.003000020980834961,4.5932536610448654e-8,52.74870767453958,0.0,4.5932536610448654e-8
0.003000020980834961,0.002000093460083008,0.0009999275207519531,0.3837717447171344,53.12690055612668,7.999953246093598e-23,0.3837717447171344
0.004000186920166016,0.002000093460083008,0.002000093460083008,2.1848585333936707e-10,54.29342970384901,0.0,2.1848585333936707e-10
0.02500009536743164,0.013000011444091797,0.012000083923339844,1.20682122395703e-7,53.24787603566415,0.0,1.20682122395703e-7
0.032000064849853516,0.016000032424926758,0.016000032424926758,8.173608027690101e-8,49.83531437738893,0.0,8.173608027690101e-8
0.012999773025512695,0.009999990463256836,0.0029997825622558594,1.9673245878523126e-8,54.02313811745672,0.0,1.9673245878523126e-8
0.0019998550415039062,0.0009999275207519531,0.0009999275207519531,1.3410087780931565e-8,52.72777409417851,0.0,1.3410087780931565e-8
0.006000041961669922,0.003000020980834961,0.003000020980834961,2.4397801129804938e-9,52.74870767453958,0.0,2.4397801129804938e-9
0.003999948501586914,0.0019998550415039062,0.002000093460083008,1.1716458987686236,52.74870767453958,4255.199844524719,1.1716458987686236
0.003999948501586914,0.0019998550415039062,0.002000093460083008,1.9673245878523126e-8,51.30302056658737,0.0,1.9673245878523126e-8
0.006999969482421875,0.003999948501586914,0.003000020980834961,2.4397801129804938e-9,50.62146656027407,0.0,2.4397801129804938e-9
0.006999969482421875,0.002000093460083008,0.004999876022338867,4.2459209652287963e-10,52.74870767453958,0.0,4.2459209652287963e-10
0.013000011444091797,0.004999876022338867,0.00800013542175293,1.7331328224143933e-9,52.72777409417851,0.0,1.7331328224143933e-9
0.019999980926513672,0.016000032424926758,0.003999948501586914,1.9669130981248945e-8,54.29342970384901,0.0,1.9669130981248945e-8
0.00599980354309082,0.003999948501586914,0.0019998550415039062,4.813036085362263e-10,54.12474074056974,0.0,4.813036085362263e-10
0.007999897003173828,0.003000020980834961,0.004999876022338867,0.0654227505841682,54.29342970384901,5.033323168337085e-65,0.0654227505841682
0.003999948501586914,0.0019998550415039062,0.002000093460083008,2.2413237713233705,52.72777409417851,3.029194940523468e18,2.2413237713233705
0.0029997825622558594,0.0019998550415039062,0.0009999275207519531,2.4397801129804938e-9,50.845262024761524,0.0,2.4397801129804938e-9
0.006000041961669922,0.003999948501586914,0.002000093460083008,2.1848585333936707e-10,53.16716649663188,0.0,2.1848585333936707e-10
0.003000020980834961,0.002000093460083008,0.0009999275207519531,2.1848585333936707e-10,54.29342970384901,0.0,2.1848585333936707e-10
0.00800013542175293,0.005000114440917969,0.003000020980834961,1.001588325096869e-9,52.24917878001565,0.0,1.001588325096869e-9
0.01399993896484375,0.002000093460083008,0.011999845504760742,1.837126630307417e-9,50.91324189004741,0.0,1.837126630307417e-9
0.006000041961669922,0.003000020980834961,0.003000020980834961,2.2243602686098338e-10,53.49147924104919,0.0,2.2243602686098338e-10
0.01100015640258789,0.002000093460083008,0.009000062942504883,2.1848585333936707e-10,54.521295401664396,0.0,2.1848585333936707e-10
0.009999990463256836,0.00800013542175293,0.0019998550415039062,1.0372654017596314e-10,55.05326126732439,0.0,1.0372654017596314e-10
0.004999876022338867,0.003000020980834961,0.0019998550415039062,3.6491316805717897e-10,54.29512230933504,0.0,3.6491316805717897e-10
0.009999990463256836,0.003999948501586914,0.006000041961669922,1.0966845380375698e-10,53.089867525734796,0.0,1.0966845380375698e-10
0.005000114440917969,0.003000020980834961,0.002000093460083008,2.1848585333936707e-10,54.29342970384901,0.0,2.1848585333936707e-10
0.003000020980834961,0.002000093460083008,0.0009999275207519531,2.1848585333936707e-10,54.29342970384901,0.0,2.1848585333936707e-10
0.004000186920166016,0.002000093460083008,0.002000093460083008,3.1361202725584363,53.065521578365136,2.1945124845874215e26,3.1361202725584363
0.007999897003173828,0.006000041961669922,0.0019998550415039062,1.3034008097762724,54.29342970384901,1.7700216126609957e6,1.3034008097762724
0.003999948501586914,0.0019998550415039062,0.002000093460083008,0.9883574507506283,55.56369775793839,0.5216813204294984,0.9883574507506283
0.004999876022338867,0.0029997825622558594,0.0010001659393310547,6.7352362986602136e-12,54.574437703287906,0.0,6.7352362986602136e-12
0.00800013542175293,0.006000041961669922,0.002000093460083008,2.1848585333936707e-10,54.52566754129013,0.0,2.1848585333936707e-10
0.015000104904174805,0.009000062942504883,0.006000041961669922,1.0372654017596314e-10,54.553239985144174,0.0,1.0372654017596314e-10
0.010999917984008789,0.009000062942504883,0.0019998550415039062,1.0372654017596314e-10,54.40454640793531,0.0,1.0372654017596314e-10
0.004999876022338867,0.0019998550415039062,0.003000020980834961,1.0372654017596314e-10,55.170563155154426,0.0,1.0372654017596314e-10
0.005000114440917969,0.003000020980834961,0.002000093460083008,1.0372654017596314e-10,54.855773639407296,0.0,1.0372654017596314e-10
0.007999897003173828,0.0019998550415039062,0.006000041961669922,0.4236928735080931,51.63859176563094,5.513749903044102e-20,0.4236928735080931
0.006000041961669922,0.003999948501586914,0.002000093460083008,1.3216848870528764e-11,55.187610226005255,0.0,1.3216848870528764e-11
0.005000114440917969,0.002000093460083008,0.003000020980834961,7.605521095609885e-11,53.66997451835929,0.0,7.605521095609885e-11
0.003000020980834961,0.0009999275207519531,0.002000093460083008,1.0966845380375698e-10,53.152083367513455,0.0,1.0966845380375698e-10
0.003000020980834961,0.002000093460083008,0.0009999275207519531,1.849682202259336e-10,54.3608516948027,0.0,1.849682202259336e-10
0.003000020980834961,0.0010001659393310547,0.0019998550415039062,2.1848585333936707e-10,55.18992132894544,0.0,2.1848585333936707e-10
0.013000011444091797,0.009000062942504883,0.003999948501586914,6.7352362986602136e-12,54.1895727768594,0.0,6.7352362986602136e-12
0.005000114440917969,0.003000020980834961,0.002000093460083008,7.605521095609885e-11,53.528389081460006,0.0,7.605521095609885e-11
0.003999948501586914,0.002000093460083008,0.0019998550415039062,6.7352362986602136e-12,54.574437703287906,0.0,6.7352362986602136e-12
0.006999969482421875,0.003000020980834961,0.003999948501586914,1.3216848870528764e-11,51.9210856638029,0.0,1.3216848870528764e-11
0.02200007438659668,0.006000041961669922,0.016000032424926758,1.0372654017596314e-10,51.96788570260643,0.0,1.0372654017596314e-10
0.007999897003173828,0.003999948501586914,0.003999948501586914,6.7352362986602136e-12,54.553301015159,0.0,6.7352362986602136e-12
0.005000114440917969,0.002000093460083008,0.003000020980834961,6.7352362986602136e-12,52.920492863897245,0.0,6.7352362986602136e-12
0.007999897003173828,0.006000041961669922,0.0019998550415039062,1.3074479215162971e-11,53.42195127598379,0.0,1.3074479215162971e-11
0.004999876022338867,0.0019998550415039062,0.003000020980834961,6.100188728574624e-12,55.21481830350832,0.0,6.100188728574624e-12
0.003000020980834961,0.0019998550415039062,0.0010001659393310547,6.7352362986602136e-12,54.59014607301914,0.0,6.7352362986602136e-12
0.005000114440917969,0.003000020980834961,0.002000093460083008,6.7352362986602136e-12,52.90478448892207,0.0,6.7352362986602136e-12
0.003999948501586914,0.0019998550415039062,0.002000093460083008,6.7352362986602136e-12,52.920492863897245,0.0,6.7352362986602136e-12
0.006999969482421875,0.003999948501586914,0.003000020980834961,2.2943442001595874e-12,55.21481830350832,0.0,2.2943442001595874e-12
0.003999948501586914,0.002000093460083008,0.0019998550415039062,0.5108397150081918,54.1895727768594,1.556216531204749e-16,0.5108397150081918
0.017999887466430664,0.007999897003173828,0.009999990463256836,6.7352362986602136e-12,54.574437703287906,0.0,6.7352362986602136e-12
0.031000137329101562,0.016000032424926758,0.015000104904174805,0.2162544257770433,53.17011027202691,4.3653185934255855e-36,0.2162544257770433
0.009999990463256836,0.004000186920166016,0.00599980354309082,6.7352362986602136e-12,54.652298170666164,0.0,6.7352362986602136e-12
0.009000062942504883,0.006000041961669922,0.003000020980834961,1.2636203951124798,53.69056347116332,285662.9759473036,1.2636203951124798
0.006999969482421875,0.003999948501586914,0.003000020980834961,0.3952597240078332,54.1895727768594,1.42967826016461e-22,0.3952597240078332
0.01399993896484375,0.00800013542175293,0.00599980354309082,6.7352362986602136e-12,54.59014607301914,0.0,6.7352362986602136e-12
0.016000032424926758,0.010999917984008789,0.005000114440917969,6.7352362986602136e-12,54.72538951637846,0.0,6.7352362986602136e-12
0.023999929428100586,0.013000011444091797,0.009999990463256836,2.2943442001595874e-12,55.21481830350832,0.0,2.2943442001595874e-12
0.003999948501586914,0.0019998550415039062,0.002000093460083008,4.590285415084411e-12,52.67011289807162,0.0,4.590285415084411e-12
0.01100015640258789,0.003000020980834961,0.00800013542175293,5.001067934195719e-12,52.85462674831354,0.0,5.001067934195719e-12
0.005000114440917969,0.003000020980834961,0.002000093460083008,0.010082795799340528,54.986703758463136,1.6730091548604108e-110,0.010082795799340528
0.005000114440917969,0.003000020980834961,0.002000093460083008,1.0224362027937224,52.920492863897245,3.235589707701278,1.0224362027937224
0.003999948501586914,0.002000093460083008,0.0019998550415039062,6.7352362986602136e-12,50.5058545370713,0.0,6.7352362986602136e-12
0.004999876022338867,0.003000020980834961,0.0019998550415039062,6.7352362986602136e-12,54.61902604975861,0.0,6.7352362986602136e-12
0.004999876022338867,0.003999948501586914,0.0009999275207519531,2.2943442001595874e-12,55.18593832674988,0.0,2.2943442001595874e-12
0.009999990463256836,0.004999876022338867,0.005000114440917969,5.7578764950802045e-12,55.21481830350832,0.0,5.7578764950802045e-12
0.020999908447265625,0.006999969482421875,0.01399993896484375,0.13834159478324104,52.85462674831354,3.938943166625666e-46,0.13834159478324104
0.009999990463256836,0.006999969482421875,0.003000020980834961,1.01590774992485,54.392831289041474,2.359518222578654,1.01590774992485
0.007999897003173828,0.003000020980834961,0.004999876022338867,2.2943442001595874e-12,54.59690661815332,0.0,2.2943442001595874e-12
0.006000041961669922,0.003000020980834961,0.003000020980834961,1.2751594635536937e-12,55.489802596112916,0.0,1.2751594635536937e-12
0.007999897003173828,0.006000041961669922,0.0019998550415039062,1.0730988730719152e-12,55.21481830350832,0.0,1.0730988730719152e-12
0.003999948501586914,0.0019998550415039062,0.002000093460083008,2.2943442001595874e-12,55.18593832674988,0.0,2.2943442001595874e-12
0.003999948501586914,0.003000020980834961,0.0009999275207519531,2.2943442001595874e-12,55.18593832674988,0.0,2.2943442001595874e-12
0.003999948501586914,0.0019998550415039062,0.002000093460083008,0.01595632858958425,55.21481830350832,5.960333004872187e-100,0.01595632858958425
0.00800013542175293,0.003000020980834961,0.004000186920166016,2.927944179623319,55.805635898855606,1.0885122912164492e26,2.927944179623319
0.003999948501586914,0.002000093460083008,0.0019998550415039062,0.0980465760055333,55.12188270168926,2.5459906714616e-56,0.0980465760055333
0.003999948501586914,0.0019998550415039062,0.002000093460083008,1.4483542553952181e-12,54.57061359505926,0.0,1.4483542553952181e-12
0.006000041961669922,0.003999948501586914,0.002000093460083008,2.2943442001595874e-12,55.469975672304024,0.0,2.2943442001595874e-12
0.006999969482421875,0.005000114440917969,0.0019998550415039062,2.2943442001595874e-12,55.61892294436521,0.0,2.2943442001595874e-12
0.003999948501586914,0.0019998550415039062,0.002000093460083008,2.2943442001595874e-12,55.22498980720205,0.0,2.2943442001595874e-12
0.01399993896484375,0.00599980354309082,0.00800013542175293,7.133866130933645e-13,55.68524946705978,0.0,7.133866130933645e-13
0.006999969482421875,0.005000114440917969,0.0019998550415039062,2.2943442001595874e-12,55.182496827250475,0.0,2.2943442001595874e-12
0.004999876022338867,0.0019998550415039062,0.003000020980834961,8.865814049348889e-13,55.21481830350832,0.0,8.865814049348889e-13
0.018000125885009766,0.014000177383422852,0.003999948501586914,2.2943442001595874e-12,55.21481830350832,0.0,2.2943442001595874e-12
0.005000114440917969,0.003000020980834961,0.002000093460083008,2.2943442001595874e-12,54.570536902259164,0.0,2.2943442001595874e-12
0.003999948501586914,0.002000093460083008,0.0019998550415039062,2.2943442001595874e-12,55.18075144999166,0.0,2.2943442001595874e-12
0.016000032424926758,0.009000062942504883,0.006999969482421875,0.46356218830221846,55.664619248967135,2.594353736203431e-19,0.46356218830221846
0.009999990463256836,0.006999969482421875,0.003000020980834961,2.2943442001595874e-12,55.946876086821185,0.0,2.2943442001595874e-12
0.0280001163482666,0.024000167846679688,0.003999948501586914,1.468338269838471e-12,55.21481830350832,0.0,1.468338269838471e-12
0.006000041961669922,0.003000020980834961,0.003000020980834961,2.2943442001595874e-12,51.20007470137536,0.0,2.2943442001595874e-12
0.006000041961669922,0.003000020980834961,0.003000020980834961,2.2943442001595874e-12,51.38042628231972,0.0,2.2943442001595874e-12
0.00599980354309082,0.0029997825622558594,0.003000020980834961,3.958628280505697e-13,54.72145743248304,0.0,3.958628280505697e-13
0.004999876022338867,0.0019998550415039062,0.003000020980834961,1.0730988730719152e-12,55.69180597332078,0.0,1.0730988730719152e-12
0.003999948501586914,0.0019998550415039062,0.002000093460083008,8.399520379006323e-13,55.21481830350832,0.0,8.399520379006323e-13
0.004999876022338867,0.003000020980834961,0.0019998550415039062,5.098470826521958e-13,55.21481830350832,0.0,5.098470826521958e-13
0.004000186920166016,0.002000093460083008,0.002000093460083008,4.5285291924121776e-13,55.81968807275408,0.0,4.5285291924121776e-13
0.005000114440917969,0.003000020980834961,0.002000093460083008,3.9683407681414564e-13,53.14241860708306,0.0,3.9683407681414564e-13
0.006999969482421875,0.005000114440917969,0.0019998550415039062,0.5097681938954254,53.94138995680852,1.6416424838656933e-16,0.5097681938954254
0.013000011444091797,0.006000041961669922,0.006999969482421875,1.4483542553952181e-12,55.57549224361357,0.0,1.4483542553952181e-12
0.005000114440917969,0.002000093460083008,0.003000020980834961,1.0730988730719152e-12,53.76062407522514,0.0,1.0730988730719152e-12
0.031999826431274414,0.010999917984008789,0.020999908447265625,1.0730988730719152e-12,55.21481830350832,0.0,1.0730988730719152e-12
0.006999969482421875,0.003999948501586914,0.003000020980834961,1.0730988730719152e-12,53.34447662080091,0.0,1.0730988730719152e-12
0.009999990463256836,0.006999969482421875,0.003000020980834961,4.5337595884881874e-13,55.692038556235985,0.0,4.5337595884881874e-13
0.007999897003173828,0.006000041961669922,0.0019998550415039062,1.104403584244886e-12,55.685016884144574,0.0,1.104403584244886e-12
0.004999876022338867,0.002000093460083008,0.0029997825622558594,1.3162974818978245e-13,54.72145743248304,0.0,1.3162974818978245e-13
0.008999824523925781,0.004999876022338867,0.003999948501586914,1.662603971794913,53.84119465916835,7.718510414320576e11,1.662603971794913
0.013000011444091797,0.003000020980834961,0.009999990463256836,3.773577535667071e-13,54.778995263257755,0.0,3.773577535667071e-13
0.012000083923339844,0.006999969482421875,0.005000114440917969,8.057301832943748e-14,55.57672181529102,0.0,8.057301832943748e-14
0.006999969482421875,0.003000020980834961,0.003999948501586914,0.3602953172137915,54.72195487048891,5.48899556771741e-25,0.3602953172137915
0.015000104904174805,0.00800013542175293,0.006999969482421875,4.957829002668338e-13,55.203894896668935,0.0,4.957829002668338e-13
0.006000041961669922,0.003000020980834961,0.003000020980834961,4.5285291924121776e-13,55.83059200082818,0.0,4.5285291924121776e-13
0.00800013542175293,0.005000114440917969,0.003000020980834961,1.4687445510202497,54.6550310838056,1.3318444000484388e9,1.4687445510202497
0.006000041961669922,0.003000020980834961,0.003000020980834961,4.5337595884881874e-13,54.86147853663422,0.0,4.5337595884881874e-13
0.004000186920166016,0.002000093460083008,0.002000093460083008,3.773577535667071e-13,51.50695443572623,0.0,3.773577535667071e-13
0.003999948501586914,0.002000093460083008,0.0019998550415039062,8.057301832943748e-14,54.76840125029247,0.0,8.057301832943748e-14
0.004999876022338867,0.0019998550415039062,0.003000020980834961,9.73212429110211e-14,55.57672181529102,0.0,9.73212429110211e-14
0.003999948501586914,0.0019998550415039062,0.002000093460083008,1.1052553967036842,53.67303368248826,215.16516601226465,1.1052553967036842
0.014000177383422852,0.009000062942504883,0.005000114440917969,1.3162974818978245e-13,54.65120566544557,0.0,1.3162974818978245e-13
0.009999990463256836,0.005000114440917969,0.004999876022338867,3.616409734443122e-14,55.62379005632762,0.0,3.616409734443122e-14
0.005000114440917969,0.003000020980834961,0.002000093460083008,4.5285291924121776e-13,55.83059200082818,0.0,4.5285291924121776e-13
0.012000083923339844,0.00800013542175293,0.003999948501586914,0.5472559993177113,51.52184466307574,3.2440924269444615e-14,0.5472559993177113
0.005000114440917969,0.002000093460083008,0.003000020980834961,2.948922992426805e-14,51.071647517534956,0.0,2.948922992426805e-14
0.006000041961669922,0.003000020980834961,0.003000020980834961,3.773577535667071e-13,54.120428965065145,0.0,3.773577535667071e-13
0.009000062942504883,0.004000186920166016,0.004999876022338867,8.621901266476954e-14,55.57672181529102,0.0,8.621901266476954e-14
0.004000186920166016,0.002000093460083008,0.002000093460083008,2.843877333264292e-15,51.071647517534956,0.0,2.843877333264292e-15
0.003000020980834961,0.0009999275207519531,0.002000093460083008,8.057301832943748e-14,55.63040348814433,0.0,8.057301832943748e-14
0.005000114440917969,0.002000093460083008,0.003000020980834961,2.857406605676523e-15,54.76178675511902,0.0,2.857406605676523e-15
0.00800013542175293,0.002000093460083008,0.006000041961669922,3.616409734443122e-14,55.62379005632762,0.0,3.616409734443122e-14
0.02200007438659668,0.01900005340576172,0.003000020980834961,1.1312467370591985e-13,52.607556953214655,0.0,1.1312467370591985e-13
0.006999969482421875,0.004999876022338867,0.002000093460083008,7.391168018168654e-14,54.76840125029247,0.0,7.391168018168654e-14
0.013000011444091797,0.00800013542175293,0.004999876022338867,9.73212429110211e-14,55.57672181529102,0.0,9.73212429110211e-14
0.007999897003173828,0.0019998550415039062,0.006000041961669922,3.773577535667071e-13,53.43385452147028,0.0,3.773577535667071e-13
0.006000041961669922,0.003000020980834961,0.003000020980834961,0.07324275111949394,55.63040348814433,7.021006198384017e-64,0.07324275111949394
0.004999876022338867,0.0019998550415039062,0.003000020980834961,2.843877333264292e-15,51.071647517534956,0.0,2.843877333264292e-15
0.006999969482421875,0.003999948501586914,0.003000020980834961,2.843877333264292e-15,55.64055536490574,0.0,2.843877333264292e-15
0.003999948501586914,0.002000093460083008,0.0019998550415039062,3.616409734443122e-14,51.04597307410973,0.0,3.616409734443122e-14
0.004000186920166016,0.003000020980834961,0.0010001659393310547,8.054502162164994e-14,52.1455870127144,0.0,8.054502162164994e-14
0.006000041961669922,0.003999948501586914,0.002000093460083008,2.1611436876014305,55.57672181529102,3.9867564628465905e18,2.1611436876014305
0.01900005340576172,0.003000020980834961,0.016000032424926758,3.6026958998937654e-14,54.76178675511902,0.0,3.6026958998937654e-14
0.03399991989135742,0.023999929428100586,0.009999990463256836,3.036290841410544e-15,55.719268719784466,0.0,3.036290841410544e-15
0.00800013542175293,0.003000020980834961,0.005000114440917969,1.382504029794803e-15,51.47512782209526,0.0,1.382504029794803e-15
0.006999969482421875,0.004999876022338867,0.002000093460083008,3.5445816546490876e-14,55.865032244892596,0.0,3.5445816546490876e-14
0.005000114440917969,0.003999948501586914,0.0010001659393310547,3.036290841410544e-15,55.778265274869796,0.0,3.036290841410544e-15
0.004999876022338867,0.002000093460083008,0.0029997825622558594,1.1505458276633478,54.76178675511902,2163.7524872499503,1.1505458276633478
0.006999969482421875,0.003999948501586914,0.003000020980834961,0.038623340260655684,51.112807679619685,5.887448828663189e-73,0.038623340260655684
0.006999969482421875,0.003999948501586914,0.002000093460083008,3.5445816546490876e-14,54.99814739469624,0.0,3.5445816546490876e-14
0.004999876022338867,0.003000020980834961,0.0019998550415039062,1.3986474102427089,55.64055536490574,1.2802291223988038e8,1.3986474102427089
0.01900005340576172,0.003000020980834961,0.016000032424926758,6.234312840139788e-16,51.003173021705,0.0,6.234312840139788e-16
0.013000011444091797,0.010999917984008789,0.002000093460083008,1.616655362876617e-14,51.071647517534956,0.0,1.616655362876617e-14
0.006999969482421875,0.003999948501586914,0.003000020980834961,6.234312840139788e-16,49.355213525360284,0.0,6.234312840139788e-16
0.006999969482421875,0.002000093460083008,0.004999876022338867,2.9646901027463763e-15,51.49982977262261,0.0,2.9646901027463763e-15
0.016000032424926758,0.01399993896484375,0.002000093460083008,1.2616912849053796e-15,55.61036861054656,0.0,1.2616912849053796e-15
0.003999948501586914,0.0019998550415039062,0.002000093460083008,2.843877333264292e-15,54.86407739681779,0.0,2.843877333264292e-15
0.004000186920166016,0.003000020980834961,0.0010001659393310547,1.2616912849053796e-15,51.81384025484903,0.0,1.2616912849053796e-15
0.003999948501586914,0.0019998550415039062,0.002000093460083008,0.4807951152315743,54.9096201008984,3.439909259175712e-18,0.4807951152315743
0.006000041961669922,0.003000020980834961,0.003000020980834961,4.6302370168169285,55.61036861054656,1.0338095982466309e37,4.6302370168169285
0.003000020980834961,0.002000093460083008,0.0009999275207519531,6.234312840139788e-16,47.49506757460333,0.0,6.234312840139788e-16
0.00599980354309082,0.003000020980834961,0.0029997825622558594,1.5652840862316937,55.52799045594343,6.3880408159927284e10,1.5652840862316937
0.006000041961669922,0.0019998550415039062,0.004000186920166016,6.027092159277034e-16,47.05745906801432,0.0,6.027092159277034e-16
0.012000083923339844,0.009000062942504883,0.003000020980834961,1.2824133544081656e-15,55.807227765023725,0.0,1.2824133544081656e-15
0.004999876022338867,0.003000020980834961,0.0019998550415039062,1.382504029794803e-15,49.74219906910564,0.0,1.382504029794803e-15
0.007999897003173828,0.004999876022338867,0.003000020980834961,0.0,55.61036861054656,0.0,0.0
0.005000114440917969,0.003000020980834961,0.002000093460083008,1.2824133544081656e-15,55.807227765023725,0.0,1.2824133544081656e-15
0.004999876022338867,0.003000020980834961,0.0019998550415039062,6.234312840139788e-16,47.11050136014688,0.0,6.234312840139788e-16
0.004999876022338867,0.003000020980834961,0.0019998550415039062,6.234312840139788e-16,51.003173021705,0.0,6.234312840139788e-16
0.003999948501586914,0.0019998550415039062,0.002000093460083008,0.10982445614348195,47.05745906801432,7.20668173416983e-46,0.10982445614348195
0.003999948501586914,0.002000093460083008,0.0019998550415039062,6.234312840139788e-16,49.20108230173125,0.0,6.234312840139788e-16
0.004999876022338867,0.0019998550415039062,0.003000020980834961,6.234312840139788e-16,47.49506757460333,0.0,6.234312840139788e-16
0.004000186920166016,0.002000093460083008,0.002000093460083008,0.35777592718586065,51.26230186939098,1.3094178925633747e-23,0.35777592718586065
0.004999876022338867,0.003000020980834961,0.0019998550415039062,1.2616912849053796e-15,51.81384025484903,0.0,1.2616912849053796e-15
0.003999948501586914,0.003000020980834961,0.0009999275207519531,0.9463004586428827,48.90154057895477,0.06726414779241757,0.9463004586428827
0.005000114440917969,0.002000093460083008,0.0019998550415039062,0.0,55.76582392942304,0.0,0.0
0.004999876022338867,0.0019998550415039062,0.003000020980834961,6.689745383094106e-16,55.76582392942304,0.0,6.689745383094106e-16
0.00599980354309082,0.0019998550415039062,0.003999948501586914,1.1292172153528775e-18,51.003173021705,0.0,1.1292172153528775e-18
0.008999824523925781,0.00599980354309082,0.003000020980834961,6.065050547439637e-16,55.61036861054656,0.0,6.065050547439637e-16
0.003999948501586914,0.0019998550415039062,0.002000093460083008,2.942433325485686e-17,46.49795959477986,0.0,2.942433325485686e-17
0.003999948501586914,0.003000020980834961,0.0009999275207519531,6.234312840139788e-16,55.81230054538336,0.0,6.234312840139788e-16
0.003999948501586914,0.0019998550415039062,0.002000093460083008,0.0,49.05017706263838,0.0,0.0
0.005000114440917969,0.002000093460083008,0.003000020980834961,0.0,55.54495252220155,0.0,0.0
0.007999897003173828,0.006000041961669922,0.0019998550415039062,0.38848897448504455,45.37148183126245,2.341547910390191e-19,0.38848897448504455
0.003999948501586914,0.0019998550415039062,0.002000093460083008,0.0,55.61036861054656,0.0,0.0
0.005000114440917969,0.003000020980834961,0.002000093460083008,0.05816822515436977,47.11050136014688,6.363987210089858e-59,0.05816822515436977
0.006000041961669922,0.003000020980834961,0.003000020980834961,0.0,55.61036861054656,0.0,0.0
0.026999950408935547,0.003999948501586914,0.023000001907348633,0.0,55.65493715053482,0.0,0.0
0.006000041961669922,0.003999948501586914,0.002000093460083008,6.027092159277034e-16,45.86560919285904,0.0,6.027092159277034e-16
0.006999969482421875,0.003000020980834961,0.003999948501586914,0.5331518788374856,49.05017706263838,3.999359451616319e-14,0.5331518788374856
0.016000032424926758,0.009000062942504883,0.006999969482421875,0.0,49.05017706263838,0.0,0.0
0.018999814987182617,0.006000041961669922,0.012999773025512695,0.0,48.34932611754518,0.0,0.0
0.006000041961669922,0.003000020980834961,0.003000020980834961,6.234312840139788e-16,55.82361565659298,0.0,6.234312840139788e-16
0.009999990463256836,0.003000020980834961,0.006999969482421875,6.027092159277034e-16,52.71914784852134,0.0,6.027092159277034e-16
0.007999897003173828,0.003999948501586914,0.003999948501586914,0.0,55.36401361499651,0.0,0.0
0.008999824523925781,0.00599980354309082,0.003000020980834961,0.0,49.41560036553313,0.0,0.0
0.009999990463256836,0.006000041961669922,0.003999948501586914,0.0,55.61036861054656,0.0,0.0
0.013000011444091797,0.003999948501586914,0.009000062942504883,0.0,48.34932611754518,0.0,0.0
0.013000011444091797,0.009000062942504883,0.003999948501586914,1.1029212206267736,49.01083858023306,121.65816702651549,1.1029212206267736
0.014000177383422852,0.009000062942504883,0.005000114440917969,0.0,50.720466222292195,0.0,0.0
0.006999969482421875,0.003999948501586914,0.003000020980834961,0.0,48.37892049423852,0.0,0.0
0.007999897003173828,0.003000020980834961,0.004999876022338867,0.0,49.05017706263838,0.0,0.0
0.004000186920166016,0.003000020980834961,0.0010001659393310547,0.0,55.83466504664246,0.0,0.0
0.004999876022338867,0.003000020980834961,0.0019998550415039062,0.0,43.99912958490119,0.0,0.0
0.009000062942504883,0.003999948501586914,0.005000114440917969,0.7764684907547581,49.97987122745335,3.224062896266024e-6,0.7764684907547581
0.006000041961669922,0.003000020980834961,0.003000020980834961,1.4407099285992997,55.61036861054656,6.584159587847831e8,1.4407099285992997
0.02200007438659668,0.01399993896484375,0.00800013542175293,0.0,55.48953623424736,0.0,0.0
0.032000064849853516,0.016000032424926758,0.016000032424926758,0.5436507123952139,46.58135051297272,4.686475502234254e-13,0.5436507123952139
0.006000041961669922,0.003999948501586914,0.002000093460083008,0.0,45.07912967975861,0.0,0.0
0.00800013542175293,0.005000114440917969,0.003000020980834961,0.0,49.05017706263838,0.0,0.0
0.005000114440917969,0.003000020980834961,0.002000093460083008,0.0,49.029232877755504,0.0,0.0
0.003999948501586914,0.0019998550415039062,0.002000093460083008,0.8322614408592033,51.741744136346234,7.48344598824064e-5,0.8322614408592033
0.006000041961669922,0.003000020980834961,0.003000020980834961,0.0,48.73121153679461,0.0,0.0
0.004000186920166016,0.002000093460083008,0.002000093460083008,0.0,43.99912958490119,0.0,0.0
0.026999950408935547,0.013000011444091797,0.01399993896484375,0.0,43.99912958490119,0.0,0.0
0.009000062942504883,0.003000020980834961,0.006000041961669922,0.0,43.99912958490119,0.0,0.0
0.015000104904174805,0.00800013542175293,0.006999969482421875,0.1938189505813459,49.00546599918313,1.1981758444970847e-35,0.1938189505813459
0.00800013542175293,0.005000114440917969,0.003000020980834961,0.0,45.07912967975861,0.0,0.0
0.006000041961669922,0.004000186920166016,0.0019998550415039062,1.5982594848738296,55.07081181870704,1.6406714050807202e11,1.5982594848738296
0.005000114440917969,0.003000020980834961,0.002000093460083008,0.0,55.751335782593365,0.0,0.0
0.010999917984008789,0.003000020980834961,0.007999897003173828,0.0,44.76101018760901,0.0,0.0
0.003000020980834961,0.0019998550415039062,0.0010001659393310547,0.009166562604190354,48.34932611754518,2.978913800336639e-99,0.009166562604190354
0.003999948501586914,0.0019998550415039062,0.002000093460083008,0.0,43.99912958490119,0.0,0.0
0.01399993896484375,0.007999897003173828,0.006000041961669922,0.5352654268080448,44.75773191348129,7.101869736079449e-13,0.5352654268080448
0.015999794006347656,0.003999948501586914,0.011999845504760742,0.0,45.082407953886324,0.0,0.0
0.010999917984008789,0.003000020980834961,0.006999969482421875,0.0,43.99912958490119,0.0,0.0
0.004999876022338867,0.0019998550415039062,0.0019998550415039062,0.0,55.48953623424736,0.0,0.0
0.010000228881835938,0.0070002079010009766,0.003000020980834961,0.0,55.79321412647795,0.0,0.0
0.006000041961669922,0.003000020980834961,0.003000020980834961,0.0,44.5195104933797,0.0,0.0
0.009000062942504883,0.006000041961669922,0.003000020980834961,0.49297711178578174,43.73020736841262,3.691903539009686e-14,0.49297711178578174
0.003999948501586914,0.002000093460083008,0.0019998550415039062,1.316233281614878,54.20940198296187,2.9441735637203916e6,1.316233281614878
0.003999948501586914,0.0019998550415039062,0.002000093460083008,0.6314849116935406,50.44487102145622,8.498380792630077e-11,0.6314849116935406
0.006999969482421875,0.003999948501586914,0.003000020980834961,0.0,45.617229834755186,0.0,0.0
0.0070002079010009766,0.003000020980834961,0.004000186920166016,0.4702174140969917,45.51949287254191,1.2111652764258191e-15,0.4702174140969917
0.016000032424926758,0.009999990463256836,0.006000041961669922,0.0,43.99912958490119,0.0,0.0
0.009999990463256836,0.005000114440917969,0.004999876022338867,0.0,45.34375453731417,0.0,0.0
0.008999824523925781,0.006999969482421875,0.0019998550415039062,0.0,45.96086752699072,0.0,0.0
0.010999917984008789,0.007999897003173828,0.003000020980834961,0.0,45.082407953886324,0.0,0.0
0.006999969482421875,0.003000020980834961,0.003999948501586914,0.0,49.05308965157603,0.0,0.0
0.006999969482421875,0.005000114440917969,0.0019998550415039062,2.03372276703214,44.1837338528305,4.182930532233708e13,2.03372276703214
0.006000041961669922,0.0019998550415039062,0.004000186920166016,0.12224381479565505,45.084178253328496,7.053011545084699e-42,0.12224381479565505
0.005000114440917969,0.003000020980834961,0.002000093460083008,0.0,46.181231414533755,0.0,0.0
0.004000186920166016,0.002000093460083008,0.002000093460083008,0.2926595721740566,40.90149458625026,1.490864688712839e-22,0.2926595721740566
0.009000062942504883,0.003999948501586914,0.005000114440917969,2.325118009308713,45.96086752699072,6.95232557449726e16,2.325118009308713
0.009000062942504883,0.003000020980834961,0.006000041961669922,0.0,46.926427734727596,0.0,0.0
0.010999917984008789,0.006999969482421875,0.003999948501586914,0.8388079874056675,45.96086752699072,0.00031007368394160475,0.8388079874056675
0.010999917984008789,0.007999897003173828,0.003000020980834961,0.0,43.99912958490119,0.0,0.0
0.014000177383422852,0.003999948501586914,0.010000228881835938,0.0,44.42645837538581,0.0,0.0
0.010999917984008789,0.004999876022338867,0.004999876022338867,1.5975586268378694,45.082407953886324,1.487040076892151e9,1.5975586268378694
0.0070002079010009766,0.004000186920166016,0.003000020980834961,0.0,50.54072798416576,0.0,0.0
0.004999876022338867,0.0019998550415039062,0.003000020980834961,0.0,44.035247786288515,0.0,0.0
0.00599980354309082,0.003000020980834961,0.0029997825622558594,0.8066080445998525,50.16324841116772,2.0791712585283784e-5,0.8066080445998525
0.003000020980834961,0.002000093460083008,0.0009999275207519531,0.0,45.99470940724974,0.0,0.0
0.003999948501586914,0.0019998550415039062,0.002000093460083008,0.0,46.29772216118847,0.0,0.0
0.037000179290771484,0.026000022888183594,0.01100015640258789,1.9640516360766913,42.644193263550115,3.171531181486083e12,1.9640516360766913
0.015000104904174805,0.007999897003173828,0.0070002079010009766,0.0,46.926427734727596,0.0,0.0
0.006999969482421875,0.003000020980834961,0.003999948501586914,0.0,40.58283945441637,0.0,0.0
0.006000041961669922,0.003000020980834961,0.003000020980834961,0.0,43.99912958490119,0.0,0.0
0.006000041961669922,0.003999948501586914,0.002000093460083008,0.02151148691636129,50.54072798416576,5.394482379094935e-85,0.02151148691636129
0.003000020980834961,0.0019998550415039062,0.0010001659393310547,0.4371004898419595,46.181231414533755,2.521166489354325e-17,0.4371004898419595
0.003000020980834961,0.0009999275207519531,0.002000093460083008,0.0,45.99470940724974,0.0,0.0
0.003999948501586914,0.002000093460083008,0.0019998550415039062,0.0,43.99912958490119,0.0,0.0
0.010999917984008789,0.007999897003173828,0.003000020980834961,0.0,44.02578735539815,0.0,0.0
0.006999969482421875,0.003999948501586914,0.003000020980834961,0.0,44.39980060488885,0.0,0.0
0.007999897003173828,0.003000020980834961,0.004999876022338867,0.0,46.926427734727596,0.0,0.0
0.009999990463256836,0.0070002079010009766,0.0029997825622558594,0.0,43.996228211804095,0.0,0.0
0.006000041961669922,0.003000020980834961,0.003000020980834961,0.1328286308330795,43.99912958490119,2.664389581803954e-39,0.1328286308330795
0.009000062942504883,0.003999948501586914,0.005000114440917969,0.0,43.99912958490119,0.0,0.0
0.009999990463256836,0.006000041961669922,0.003999948501586914,0.0,43.16621006256133,0.0,0.0
0.004999876022338867,0.0029997825622558594,0.002000093460083008,0.0,43.99912958490119,0.0,0.0
0.005000114440917969,0.003000020980834961,0.002000093460083008,0.0,44.4334033725153,0.0,0.0
0.007999897003173828,0.006999969482421875,0.0009999275207519531,0.0,43.996228211804095,0.0,0.0
0.004999876022338867,0.0029997825622558594,0.002000093460083008,0.7270881463056322,43.6857199070837,8.981135824725088e-7,0.7270881463056322
0.006000041961669922,0.003000020980834961,0.003000020980834961,0.0,43.16621006256133,0.0,0.0
0.006999969482421875,0.003999948501586914,0.003000020980834961,0.0,43.43459850601549,0.0,0.0
0.01399993896484375,0.007999897003173828,0.006000041961669922,0.0,43.61056299856303,0.0,0.0
0.013000011444091797,0.009000062942504883,0.003999948501586914,1.17991091755979,43.201514000209414,1270.5596738874965,1.17991091755979
0.006999969482421875,0.003000020980834961,0.003999948501586914,0.0,47.282648633787886,0.0,0.0
0.009000062942504883,0.006000041961669922,0.003000020980834961,0.0,43.35937927190285,0.0,0.0
0.007999897003173828,0.00599980354309082,0.002000093460083008,0.0,43.72336522014172,0.0,0.0
0.006000041961669922,0.003000020980834961,0.003000020980834961,0.0,41.10021060520794,0.0,0.0
0.006999969482421875,0.003000020980834961,0.003999948501586914,1.7267939007455624,46.56322791800784,1.1134834142580159e11,1.7267939007455624
0.009000062942504883,0.0070002079010009766,0.0019998550415039062,0.0,44.4334033725153,0.0,0.0
0.009000062942504883,0.002000093460083008,0.006000041961669922,1.059571053576509,43.996228211804095,12.753487699801587,1.059571053576509
0.007999897003173828,0.003999948501586914,0.003999948501586914,0.6584359397625827,45.149619983031975,6.3966820621593496e-9,0.6584359397625827
0.012000083923339844,0.009000062942504883,0.003000020980834961,0.0,47.282648633787886,0.0,0.0
0.015000104904174805,0.009000062942504883,0.006000041961669922,0.0,44.4334033725153,0.0,0.0
0.01699995994567871,0.01399993896484375,0.003000020980834961,0.0,43.72336522014172,0.0,0.0
0.009000062942504883,0.005000114440917969,0.003999948501586914,0.0,47.23719817528617,0.0,0.0
0.006999969482421875,0.003000020980834961,0.003999948501586914,0.09945922069659163,46.22144145080826,4.674223340875599e-47,0.09945922069659163
0.006999969482421875,0.003999948501586914,0.003000020980834961,0.0,43.72336522014172,0.0,0.0
0.006999969482421875,0.002000093460083008,0.004999876022338867,0.9621666241209126,44.4334033725153,0.18019937750246345,0.9621666241209126
0.006000041961669922,0.003000020980834961,0.002000093460083008,0.9873147772808522,42.771460484435146,0.5792412819360803,0.9873147772808522
0.006000041961669922,0.003000020980834961,0.003000020980834961,0.0,46.00993050833171,0.0,0.0
0.01100015640258789,0.003000020980834961,0.00800013542175293,0.0,41.116177373458704,0.0,0.0
0.015000104904174805,0.009999990463256836,0.005000114440917969,0.0,43.98115343174997,0.0,0.0
0.016000032424926758,0.01100015640258789,0.004999876022338867,0.29742096602796586,44.4334033725153,3.982052501153884e-24,0.29742096602796586
0.00599980354309082,0.003999948501586914,0.0019998550415039062,0.0,44.05976531211644,0.0,0.0
0.00599980354309082,0.0019998550415039062,0.003999948501586914,0.43708840927142223,48.074459461226134,5.254881212118181e-18,0.43708840927142223
0.015000104904174805,0.009000062942504883,0.006000041961669922,0.0,42.876431819484715,0.0,0.0
0.003999948501586914,0.002000093460083008,0.0019998550415039062,0.0,43.72336522014172,0.0,0.0
0.005000114440917969,0.002000093460083008,0.003000020980834961,0.0,50.919192723505255,0.0,0.0
0.003000020980834961,0.002000093460083008,0.0009999275207519531,0.0,44.10015036818486,0.0,0.0
0.006999969482421875,0.003999948501586914,0.003000020980834961,0.0,45.89680180753346,0.0,0.0
0.029999971389770508,0.026999950408935547,0.003000020980834961,0.0,43.98115343174997,0.0,0.0
0.009999990463256836,0.00599980354309082,0.004000186920166016,0.0,43.16621006256133,0.0,0.0
0.01399993896484375,0.004999876022338867,0.009000062942504883,0.0,41.05978526873568,0.0,0.0
0.006999969482421875,0.0029997825622558594,0.004000186920166016,0.0,44.10019064858869,0.0,0.0
0.004999876022338867,0.003000020980834961,0.0019998550415039062,0.0,45.29439104887086,0.0,0.0
0.018999814987182617,0.003000020980834961,0.015999794006347656,0.0,50.296584019922776,0.0,0.0
0.006000041961669922,0.003000020980834961,0.003000020980834961,0.0,44.367021275584634,0.0,0.0
0.003999948501586914,0.0019998550415039062,0.002000093460083008,0.0,48.03496881120662,0.0,0.0
0.018000125885009766,0.006000041961669922,0.012000083923339844,0.44207728970953264,43.05026064371137,5.477789343511755e-16,0.44207728970953264
0.009000062942504883,0.005000114440917969,0.003999948501586914,0.0,51.11431925395362,0.0,0.0
0.006000041961669922,0.003000020980834961,0.003000020980834961,0.0,41.70338392936745,0.0,0.0
0.01100015640258789,0.005000114440917969,0.006000041961669922,0.0,41.024898673246305,0.0,0.0
0.005000114440917969,0.002000093460083008,0.003000020980834961,0.0,43.16621006256133,0.0,0.0
0.004999876022338867,0.0019998550415039062,0.003000020980834961,0.23025854784027633,42.876431819484715,4.509076232862807e-28,0.23025854784027633
0.009000062942504883,0.006999969482421875,0.002000093460083008,0.0,48.03496881120662,0.0,0.0
0.00599980354309082,0.003000020980834961,0.0029997825622558594,0.0,46.92377974851925,0.0,0.0
0.016000032424926758,0.007999897003173828,0.00800013542175293,0.0,45.2808794913734,0.0,0.0
0.02200007438659668,0.016000032424926758,0.006000041961669922,0.0,45.004669132921215,0.0,0.0
0.006000041961669922,0.002000093460083008,0.003999948501586914,0.0,50.777272822273204,0.0,0.0
0.009000062942504883,0.004000186920166016,0.004999876022338867,0.0,45.769928533692784,0.0,0.0
0.009999990463256836,0.004000186920166016,0.00599980354309082,0.0,40.42394075243674,0.0,0.0
0.004999876022338867,0.003000020980834961,0.0019998550415039062,0.0,42.50213576585344,0.0,0.0
0.004999876022338867,0.0019998550415039062,0.003000020980834961,0.0,42.876431819484715,0.0,0.0
0.003999948501586914,0.002000093460083008,0.0019998550415039062,0.0,49.66494982864531,0.0,0.0
0.009000062942504883,0.004999876022338867,0.004000186920166016,0.0,45.64301618821273,0.0,0.0
0.006000041961669922,0.0019998550415039062,0.004000186920166016,0.0,51.603272531461876,0.0,0.0
0.009999990463256836,0.004999876022338867,0.005000114440917969,5.011656755373566,46.04831683942217,1.7098639322916065e32,5.011656755373566
0.006999969482421875,0.004000186920166016,0.0029997825622558594,0.0,42.025965538708164,0.0,0.0
0.006999969482421875,0.003999948501586914,0.003000020980834961,0.0,50.777272822273204,0.0,0.0
0.019999980926513672,0.006000041961669922,0.01399993896484375,0.0,51.11431925395362,0.0,0.0
0.011999845504760742,0.00599980354309082,0.006000041961669922,0.0,46.92377974851925,0.0,0.0
0.006000041961669922,0.0019998550415039062,0.004000186920166016,0.0,51.11431925395362,0.0,0.0
0.006999969482421875,0.003999948501586914,0.003000020980834961,0.0,50.707961111397104,0.0,0.0
0.003999948501586914,0.002000093460083008,0.0019998550415039062,2.253094806696536,51.11431925395362,1.0766691738229293e18,2.253094806696536
0.009000062942504883,0.006000041961669922,0.003000020980834961,2.381215441893003,50.777272822273204,1.3577189924741362e19,2.381215441893003
0.018999814987182617,0.015999794006347656,0.003000020980834961,0.0,45.70154648873021,0.0,0.0
0.014999866485595703,0.003999948501586914,0.010999917984008789,0.0,51.05578894694801,0.0,0.0
0.014999866485595703,0.011999845504760742,0.003000020980834961,0.0,50.9274714231521,0.0,0.0
0.006999969482421875,0.003000020980834961,0.003999948501586914,0.0,42.025965538708164,0.0,0.0
0.004999876022338867,0.003000020980834961,0.0019998550415039062,0.0,50.2343445300597,0.0,0.0
0.007999897003173828,0.003000020980834961,0.004999876022338867,0.0,48.75134709126834,0.0,0.0
0.005000114440917969,0.002000093460083008,0.003000020980834961,0.3312823835548451,49.66494982864531,1.4814081818349562e-24,0.3312823835548451
0.006000041961669922,0.003999948501586914,0.002000093460083008,0.008844854750866826,49.66494982864531,1.0531661687532055e-102,0.008844854750866826
0.006999969482421875,0.003000020980834961,0.003999948501586914,0.0,43.171217560893126,0.0,0.0
0.010999917984008789,0.00599980354309082,0.005000114440917969,0.9664906206057067,42.025965538708164,0.23873532534858624,0.9664906206057067
0.03800010681152344,0.029000043869018555,0.007999897003173828,0.0,51.83433697746367,0.0,0.0
0.018000125885009766,0.003999948501586914,0.014000177383422852,0.0,39.97821199070482,0.0,0.0
0.004999876022338867,0.003000020980834961,0.0019998550415039062,0.0,52.21453108619796,0.0,0.0
0.010999917984008789,0.007999897003173828,0.003000020980834961,0.5026337948697401,47.725395136851674,5.5222826715250825e-15,0.5026337948697401
0.006999969482421875,0.004999876022338867,0.002000093460083008,0.0,51.05578894694801,0.0,0.0
0.006000041961669922,0.002000093460083008,0.003999948501586914,0.3514976945179993,43.05134973906347,2.8271569104974546e-20,0.3514976945179993
0.016000032424926758,0.002000093460083008,0.013000011444091797,0.0,52.21453108619796,0.0,0.0
0.013000011444091797,0.007999897003173828,0.005000114440917969,0.0,45.70154648873021,0.0,0.0
0.012000083923339844,0.005000114440917969,0.006999969482421875,0.0,46.32361747561959,0.0,0.0
0.006000041961669922,0.003000020980834961,0.003000020980834961,0.0,44.791591843061,0.0,0.0
0.006999969482421875,0.003999948501586914,0.003000020980834961,1.0184726337263794,48.76453973470221,2.441445749614588,1.0184726337263794
0.007999897003173828,0.003999948501586914,0.003999948501586914,0.0,47.48351315185531,0.0,0.0
0.004999876022338867,0.0019998550415039062,0.003000020980834961,0.0,51.83433697746367,0.0,0.0
0.010999917984008789,0.007999897003173828,0.003000020980834961,0.0,50.2343445300597,0.0,0.0
0.006000041961669922,0.003000020980834961,0.003000020980834961,0.0,47.48351315185531,0.0,0.0
0.009000062942504883,0.002000093460083008,0.006999969482421875,0.0,46.58426562553656,0.0,0.0
0.007999897003173828,0.003999948501586914,0.003999948501586914,0.0,50.2343445300597,0.0,0.0
0.01100015640258789,0.006999969482421875,0.004000186920166016,0.0,54.41347472862569,0.0,0.0
0.01699995994567871,0.004999876022338867,0.012000083923339844,0.0,52.21453108619796,0.0,0.0
0.006000041961669922,0.003000020980834961,0.003000020980834961,0.0,47.48351315185531,0.0,0.0
0.008999824523925781,0.006999969482421875,0.0019998550415039062,1.1796162104694163,45.70133869388487,1899.5358488650045,1.1796162104694163
0.003999948501586914,0.0019998550415039062,0.002000093460083008,0.0,47.24269990795512,0.0,0.0
0.006000041961669922,0.003000020980834961,0.003000020980834961,0.870143142410893,50.2343445300597,0.000923375834962328,0.870143142410893
0.006000041961669922,0.003000020980834961,0.003000020980834961,0.0,51.91626396802177,0.0,0.0
0.006999969482421875,0.004000186920166016,0.0029997825622558594,0.0,47.24269990795512,0.0,0.0
0.019999980926513672,0.003000020980834961,0.01699995994567871,0.0,49.325667011874316,0.0,0.0
0.01100015640258789,0.003000020980834961,0.00800013542175293,0.0,53.21256395462351,0.0,0.0
0.01100015640258789,0.003000020980834961,0.00800013542175293,0.0,47.48351315185531,0.0,0.0
0.006999969482421875,0.003000020980834961,0.003999948501586914,0.0,47.48351315185531,0.0,0.0
0.01100015640258789,0.00800013542175293,0.003000020980834961,2.9099231272351656,46.58426562553656,4.069862797493913e21,2.9099231272351656
0.006000041961669922,0.003000020980834961,0.003000020980834961,0.0,54.49688129870348,0.0,0.0
0.006000041961669922,0.003999948501586914,0.002000093460083008,0.0,54.41347472862569,0.0,0.0
0.003999948501586914,0.0019998550415039062,0.002000093460083008,0.0,53.21256395462351,0.0,0.0
0.006999969482421875,0.003999948501586914,0.003000020980834961,0.38758023290791366,51.5517750191813,6.016041344329989e-22,0.38758023290791366
0.007999897003173828,0.00599980354309082,0.002000093460083008,0.0,51.358081663954714,0.0,0.0
0.013000011444091797,0.009000062942504883,0.003999948501586914,0.0,52.18444563098839,0.0,0.0
0.004999876022338867,0.003000020980834961,0.0019998550415039062,0.0,46.59895847692417,0.0,0.0
0.00800013542175293,0.004000186920166016,0.003999948501586914,0.0,54.49688129870348,0.0,0.0
0.018000125885009766,0.015000104904174805,0.003000020980834961,0.5561752890024807,47.24269990795512,9.185700699196722e-13,0.5561752890024807
0.019999980926513672,0.004999876022338867,0.015000104904174805,0.0,54.3585261630793,0.0,0.0
0.00599980354309082,0.003000020980834961,0.0029997825622558594,0.0,54.21433964437097,0.0,0.0
0.003999948501586914,0.0019998550415039062,0.002000093460083008,0.0,54.49688129870348,0.0,0.0
0.005000114440917969,0.002000093460083008,0.003000020980834961,0.0,53.3868883614874,0.0,0.0
0.006000041961669922,0.002000093460083008,0.003999948501586914,0.6764514827757062,47.48351315185531,8.690402353514218e-9,0.6764514827757062
0.01399993896484375,0.00800013542175293,0.00599980354309082,0.0,50.94126310148375,0.0,0.0
0.032000064849853516,0.005000114440917969,0.026999950408935547,0.0,52.67021224444452,0.0,0.0
0.010999917984008789,0.003999948501586914,0.006999969482421875,2.9686029151148707,52.18444563098839,4.569512507478849e24,2.9686029151148707
0.009000062942504883,0.005000114440917969,0.003999948501586914,0.0,47.48351315185531,0.0,0.0
0.010999917984008789,0.003999948501586914,0.006999969482421875,3.0311449146061276,42.39353472553176,2.612223631948253e20,3.0311449146061276
0.004999876022338867,0.0019998550415039062,0.003000020980834961,0.0,46.59895847692417,0.0,0.0
0.005000114440917969,0.003000020980834961,0.002000093460083008,0.0,49.19567653178509,0.0,0.0
0.00599980354309082,0.003999948501586914,0.0019998550415039062,0.0,53.35674537418911,0.0,0.0
0.023000001907348633,0.008999824523925781,0.014000177383422852,0.0,46.59895847692417,0.0,0.0
0.01900005340576172,0.005000114440917969,0.01399993896484375,0.0,53.3868883614874,0.0,0.0
0.01699995994567871,0.00800013542175293,0.008999824523925781,0.27188026388435427,46.197037279574104,7.4118176308154e-27,0.27188026388435427
0.009999990463256836,0.00599980354309082,0.004000186920166016,0.0,53.21256395462351,0.0,0.0
0.006000041961669922,0.003999948501586914,0.002000093460083008,0.0,50.94126310148375,0.0,0.0
0.003999948501586914,0.003000020980834961,0.0009999275207519531,0.0,47.753191231711526,0.0,0.0
0.004999876022338867,0.003000020980834961,0.0019998550415039062,0.0,53.6521353344235,0.0,0.0
0.006999969482421875,0.003000020980834961,0.003999948501586914,0.0,53.21256395462351,0.0,0.0
0.014000177383422852,0.006999969482421875,0.0070002079010009766,0.0,52.64118942442705,0.0,0.0
0.01699995994567871,0.009999990463256836,0.006999969482421875,0.0,52.29495860015301,0.0,0.0
0.012000083923339844,0.007999897003173828,0.004000186920166016,0.0,52.14757269873137,0.0,0.0
0.007999897003173828,0.006000041961669922,0.0019998550415039062,0.0,54.4124436266641,0.0,0.0
0.007999897003173828,0.003999948501586914,0.003999948501586914,0.0,53.29700162658486,0.0,0.0
0.006999969482421875,0.003999948501586914,0.003000020980834961,0.0,51.98861027152354,0.0,0.0
0.005000114440917969,0.003000020980834961,0.002000093460083008,2.3347399020733572,44.222520814516834,1.925018838756192e16,2.3347399020733572
0.006000041961669922,0.002000093460083008,0.003999948501586914,0.6701075279562341,53.298289518035084,5.417501703009413e-10,0.6701075279562341
0.005000114440917969,0.003000020980834961,0.002000093460083008,0.0,50.99971895730986,0.0,0.0
0.009999990463256836,0.004999876022338867,0.005000114440917969,0.0,46.72363543513566,0.0,0.0
0.013000011444091797,0.003999948501586914,0.009000062942504883,0.0,51.80953519340282,0.0,0.0
0.01900005340576172,0.007999897003173828,0.01100015640258789,0.0,50.98381173248906,0.0,0.0
0.006000041961669922,0.003000020980834961,0.003000020980834961,0.0,52.29495860015301,0.0,0.0
0.006999969482421875,0.003999948501586914,0.003000020980834961,0.0,49.252529898648085,0.0,0.0
0.009000062942504883,0.003999948501586914,0.005000114440917969,0.0,53.35155957205326,0.0,0.0
0.006999969482421875,0.005000114440917969,0.0019998550415039062,0.0,51.47345704027922,0.0,0.0
0.006000041961669922,0.003000020980834961,0.003000020980834961,0.0,54.31981849318592,0.0,0.0
0.003999948501586914,0.0019998550415039062,0.002000093460083008,0.0,51.043251801497185,0.0,0.0
0.01900005340576172,0.01100015640258789,0.007999897003173828,0.11536879715111414,50.49207151481057,4.394390359091575e-48,0.11536879715111414
0.01100015640258789,0.004000186920166016,0.006999969482421875,0.8564326075204565,52.40298757695101,0.0002971134329833653,0.8564326075204565
0.01399993896484375,0.006999969482421875,0.006999969482421875,0.05736046860480126,51.03699417511205,4.3986876377520606e-64,0.05736046860480126
0.008999824523925781,0.00599980354309082,0.003000020980834961,0.0,54.326075363519706,0.0,0.0
0.010999917984008789,0.003999948501586914,0.006999969482421875,0.0,49.252529898648085,0.0,0.0
0.006999969482421875,0.003000020980834961,0.003999948501586914,0.0,51.517846253347706,0.0,0.0
0.006000041961669922,0.003000020980834961,0.003000020980834961,0.0,46.72363543513566,0.0,0.0
0.003999948501586914,0.0019998550415039062,0.002000093460083008,0.0,51.26860650442578,0.0,0.0
0.012000083923339844,0.009999990463256836,0.002000093460083008,0.0,50.98381173248906,0.0,0.0
0.013000011444091797,0.005000114440917969,0.007999897003173828,0.0,51.81145696205853,0.0,0.0
0.009999990463256836,0.004999876022338867,0.004000186920166016,0.0,51.51592448469201,0.0,0.0
0.009000062942504883,0.003999948501586914,0.005000114440917969,0.0,50.98381173248906,0.0,0.0
0.01699995994567871,0.006999969482421875,0.009999990463256836,0.0,50.98381173248906,0.0,0.0
0.009000062942504883,0.006000041961669922,0.003000020980834961,0.0,53.90990290489249,0.0,0.0
0.006000041961669922,0.003000020980834961,0.003000020980834961,0.0,46.72363543513566,0.0,0.0
0.006000041961669922,0.002000093460083008,0.003999948501586914,0.14479067688374148,42.354854633891534,2.8398149774021665e-36,0.14479067688374148
0.009999990463256836,0.003999948501586914,0.006000041961669922,0.15947580653593807,54.31981849318592,4.903731079293569e-44,0.15947580653593807
0.0070002079010009766,0.003000020980834961,0.004000186920166016,0.0,50.98381173248906,0.0,0.0
0.026000022888183594,0.020999908447265625,0.005000114440917969,0.0,51.517846253347706,0.0,0.0
0.021000146865844727,0.013000011444091797,0.00800013542175293,1.780230062415542,52.384900332060596,1.321804231112383e13,1.780230062415542
0.006999969482421875,0.003000020980834961,0.003999948501586914,0.0,54.32895545284796,0.0,0.0
0.006000041961669922,0.003999948501586914,0.002000093460083008,0.30748092345898703,48.23009351351454,1.9834568971593473e-25,0.30748092345898703
0.004999876022338867,0.003000020980834961,0.0019998550415039062,0.0,50.98381173248906,0.0,0.0
0.007999897003173828,0.004999876022338867,0.003000020980834961,0.0,53.90990290489249,0.0,0.0
0.005000114440917969,0.003000020980834961,0.002000093460083008,0.0,53.87768607608618,0.0,0.0
0.006000041961669922,0.003000020980834961,0.003000020980834961,0.0,50.25056676063789,0.0,0.0
0.009000062942504883,0.003999948501586914,0.005000114440917969,0.0,51.644377610512635,0.0,0.0
0.02500009536743164,0.009000062942504883,0.016000032424926758,0.4598768693832178,50.98381173248906,6.312205459598394e-18,0.4598768693832178
0.01399993896484375,0.009999990463256836,0.003999948501586914,0.0,54.3754132582437,0.0,0.0
0.009000062942504883,0.004999876022338867,0.004000186920166016,0.0,50.98381173248906,0.0,0.0
0.004999876022338867,0.0019998550415039062,0.003000020980834961,0.0,48.48926244844377,0.0,0.0
0.006999969482421875,0.004999876022338867,0.002000093460083008,0.1452851087272089,51.51592448469201,6.934986085163254e-44,0.1452851087272089
0.00800013542175293,0.003000020980834961,0.005000114440917969,0.6689357488718217,47.75700825719797,4.58017033903875e-9,0.6689357488718217
0.004999876022338867,0.0019998550415039062,0.003000020980834961,0.0,50.25056676063789,0.0,0.0
0.004999876022338867,0.0019998550415039062,0.003000020980834961,1.3410500434976713,54.32895545284796,8.39368930043331e6,1.3410500434976713
0.012000083923339844,0.006000041961669922,0.006000041961669922,0.0,51.644377610512635,0.0,0.0
0.0070002079010009766,0.002000093460083008,0.005000114440917969,0.0,53.88305548318405,0.0,0.0
0.019999980926513672,0.01399993896484375,0.006000041961669922,0.0,50.94384256656947,0.0,0.0
0.012000083923339844,0.009000062942504883,0.003000020980834961,0.0,51.644377610512635,0.0,0.0
0.008999824523925781,0.004999876022338867,0.003999948501586914,0.0,49.02227695409721,0.0,0.0
0.004999876022338867,0.003000020980834961,0.0019998550415039062,0.3088364145264544,50.29934641851378,2.156140937778871e-26,0.3088364145264544
0.00599980354309082,0.0019998550415039062,0.003999948501586914,0.0,51.89262613639245,0.0,0.0
0.003999948501586914,0.0019998550415039062,0.002000093460083008,0.4868081009755443,50.97739813077437,1.154287335211597e-16,0.4868081009755443
0.006999969482421875,0.003999948501586914,0.003000020980834961,1.4087495004441575,51.644377610512635,4.857666327316534e7,1.4087495004441575
0.004999876022338867,0.0019998550415039062,0.003000020980834961,0.0,51.521661505413086,0.0,0.0
0.012000083923339844,0.009000062942504883,0.003000020980834961,0.0,50.355843579699794,0.0,0.0
0.023000001907348633,0.003999948501586914,0.01900005340576172,0.0,48.30766423648177,0.0,0.0
0.006000041961669922,0.002000093460083008,0.003999948501586914,0.0,50.24727045321745,0.0,0.0
0.005000114440917969,0.002000093460083008,0.003000020980834961,0.0,50.37004075365785,0.0,0.0
0.014999866485595703,0.010999917984008789,0.003999948501586914,0.0,46.92281173218215,0.0,0.0
0.004999876022338867,0.003000020980834961,0.0019998550415039062,0.0,52.0039247325237,0.0,0.0
0.00599980354309082,0.0029997825622558594,0.003000020980834961,0.0,50.355843579699794,0.0,0.0
0.013000011444091797,0.009999990463256836,0.003000020980834961,0.0,50.37154205744166,0.0,0.0
0.007999897003173828,0.003999948501586914,0.003999948501586914,0.0,50.50023236104562,0.0,0.0
0.0279998779296875,0.010999917984008789,0.01699995994567871,0.0,48.24431065836842,0.0,0.0
0.010999917984008789,0.006999969482421875,0.003999948501586914,0.21611189951717513,49.45761377474013,1.2439277278515068e-33,0.21611189951717513
0.012000083923339844,0.004999876022338867,0.0070002079010009766,0.0,52.70463223990334,0.0,0.0
0.010999917984008789,0.004999876022338867,0.006000041961669922,0.0,50.461703876728905,0.0,0.0
0.006000041961669922,0.004000186920166016,0.0019998550415039062,0.0,50.85383122800242,0.0,0.0
0.006000041961669922,0.003999948501586914,0.002000093460083008,0.0,55.28416113127239,0.0,0.0
0.009999990463256836,0.002000093460083008,0.007999897003173828,0.0,52.70463223990334,0.0,0.0
0.006999969482421875,0.003999948501586914,0.003000020980834961,0.0,50.601745369802764,0.0,0.0
0.011999845504760742,0.007999897003173828,0.003999948501586914,0.0,46.92281173218215,0.0,0.0
0.016000032424926758,0.00599980354309082,0.010000228881835938,0.0,51.644377610512635,0.0,0.0
0.00800013542175293,0.005000114440917969,0.003000020980834961,0.0,46.92281173218215,0.0,0.0
0.005000114440917969,0.002000093460083008,0.003000020980834961,0.0,50.37158752505864,0.0,0.0
0.005000114440917969,0.003000020980834961,0.002000093460083008,1.6493345354912958,50.5951933754401,9.880487413672668e10,1.6493345354912958
0.010999917984008789,0.008999824523925781,0.002000093460083008,0.0,50.37158752505864,0.0,0.0
0.006000041961669922,0.004000186920166016,0.0019998550415039062,0.0,55.28416113127239,0.0,0.0
0.0029997825622558594,0.0029997825622558594,0.0,0.0,55.77944681243315,0.0,0.0
0.003999948501586914,0.0019998550415039062,0.0009999275207519531,0.0,50.601745369802764,0.0,0.0
0.00599980354309082,0.0029997825622558594,0.003000020980834961,0.8976467591428761,47.126156501126516,0.006166530879498188,0.8976467591428761
0.021999835968017578,0.004999876022338867,0.01699995994567871,0.0,50.85383122800242,0.0,0.0
0.00599980354309082,0.003000020980834961,0.0029997825622558594,0.9169138712035418,52.51173629876571,0.01051492976268466,0.9169138712035418
0.007999897003173828,0.003999948501586914,0.003999948501586914,0.0,45.76000911618362,0.0,0.0
0.01399993896484375,0.00599980354309082,0.00800013542175293,1.6087380196615486,45.858399111452385,2.945007989509783e9,1.6087380196615486
0.009000062942504883,0.003999948501586914,0.005000114440917969,0.7039573768689,50.434767377835314,2.0466159237396833e-8,0.7039573768689
0.007999897003173828,0.003999948501586914,0.003999948501586914,1.3742961548891675,50.85383122800242,1.0517532644829344e7,1.3742961548891675
0.01399993896484375,0.003999948501586914,0.009999990463256836,0.0,50.26101658991038,0.0,0.0
0.006000041961669922,0.003000020980834961,0.003000020980834961,0.0,55.41591330748621,0.0,0.0
0.006000041961669922,0.003999948501586914,0.002000093460083008,0.0,55.28416113127239,0.0,0.0
0.006000041961669922,0.003000020980834961,0.0019998550415039062,1.3477353356929567,49.45741276353561,2.5698569248231784e6,1.3477353356929567
0.012000083923339844,0.005000114440917969,0.006999969482421875,0.0,50.37158752505864,0.0,0.0
0.014000177383422852,0.009000062942504883,0.005000114440917969,0.0,52.70463223990334,0.0,0.0
0.010999917984008789,0.005000114440917969,0.00599980354309082,0.0,50.85383122800242,0.0,0.0
0.006000041961669922,0.003000020980834961,0.003000020980834961,1.176838713547681,55.81829873557182,8857.26525707592,1.176838713547681
0.007999897003173828,0.003999948501586914,0.003999948501586914,0.0,49.19464704532682,0.0,0.0
0.01399993896484375,0.004999876022338867,0.009000062942504883,0.0,50.37158752505864,0.0,0.0
0.006999969482421875,0.003000020980834961,0.003999948501586914,0.0,48.907530118106294,0.0,0.0
0.008999824523925781,0.004999876022338867,0.003999948501586914,0.0,55.35601774929365,0.0,0.0
0.01699995994567871,0.003000020980834961,0.01399993896484375,0.46952114119934274,55.70758990318494,5.113283420185402e-19,0.46952114119934274
0.012000083923339844,0.005000114440917969,0.006999969482421875,0.0,53.932347902682714,0.0,0.0
0.023000001907348633,0.01699995994567871,0.006000041961669922,0.0,55.28416113127239,0.0,0.0
0.006999969482421875,0.003000020980834961,0.003999948501586914,0.8516789213518061,55.28416113127239,0.00013975313352027096,0.8516789213518061
0.024000167846679688,0.01100015640258789,0.013000011444091797,0.5403989394958386,50.86323034323969,2.5409460221854285e-14,0.5403989394958386
0.004999876022338867,0.003000020980834961,0.0019998550415039062,0.0,50.37158752505864,0.0,0.0
0.005000114440917969,0.003000020980834961,0.002000093460083008,0.18175700613403567,50.130784862293396,7.545893599958881e-38,0.18175700613403567
0.004999876022338867,0.003000020980834961,0.0019998550415039062,0.34599936301685563,55.33254424883397,3.1323018060745307e-26,0.34599936301685563
0.012000083923339844,0.009000062942504883,0.003000020980834961,0.0,55.73115037727485,0.0,0.0
0.00800013542175293,0.004000186920166016,0.003999948501586914,0.25697740450338014,48.907530118106294,1.378538584527046e-29,0.25697740450338014
0.0070002079010009766,0.004000186920166016,0.003000020980834961,0.09706595494477943,44.69902554136508,5.28297920090604e-46,0.09706595494477943
0.019999980926513672,0.01399993896484375,0.006000041961669922,0.0,52.582017104389365,0.0,0.0
0.00599980354309082,0.003999948501586914,0.0019998550415039062,0.0,55.62753563206001,0.0,0.0
0.007999897003173828,0.003000020980834961,0.004999876022338867,0.8238788289890242,51.2165069421943,4.906980417941479e-5,0.8238788289890242
0.009999990463256836,0.006000041961669922,0.003999948501586914,0.3606088225777371,55.35601774929365,3.015061745465532e-25,0.3606088225777371
0.024000167846679688,0.005000114440917969,0.01900005340576172,0.8794453399224955,55.70950031130553,0.0007796559929610158,0.8794453399224955
0.006999969482421875,0.003000020980834961,0.003999948501586914,0.10630754464424186,54.7905792266426,4.622559536882807e-54,0.10630754464424186
0.014000177383422852,0.004000186920166016,0.009999990463256836,0.0,53.51756151695803,0.0,0.0
0.01399993896484375,0.009999990463256836,0.003999948501586914,0.0,55.899992020394116,0.0,0.0
0.009000062942504883,0.006000041961669922,0.003000020980834961,0.0,55.62753563206001,0.0,0.0
0.0070002079010009766,0.004000186920166016,0.003000020980834961,0.0,55.320933439346696,0.0,0.0
0.006000041961669922,0.003999948501586914,0.002000093460083008,0.49890827185563813,53.69812950446812,6.085225632870773e-17,0.49890827185563813
0.006999969482421875,0.005000114440917969,0.0019998550415039062,0.0,50.58059412472076,0.0,0.0
0.006999969482421875,0.003999948501586914,0.003000020980834961,0.0,55.79935993476752,0.0,0.0
0.006999969482421875,0.003999948501586914,0.003000020980834961,0.36851008841355837,53.51756151695803,6.27231866251381e-24,0.36851008841355837
0.019999980926513672,0.015999794006347656,0.004000186920166016,0.0,51.022170494598775,0.0,0.0
0.006000041961669922,0.003000020980834961,0.003000020980834961,0.0,55.899992020394116,0.0,0.0
0.013000011444091797,0.003000020980834961,0.009999990463256836,0.05692599925003705,55.737897587801726,4.203714290268324e-70,0.05692599925003705
0.00800013542175293,0.004000186920166016,0.003999948501586914,0.0,55.34123822868196,0.0,0.0
0.009000062942504883,0.005000114440917969,0.003999948501586914,0.0,55.62753563206001,0.0,0.0
0.009999990463256836,0.006000041961669922,0.003999948501586914,3.0778032005586664,55.73115037727485,1.6226470352090496e27,3.0778032005586664
0.003999948501586914,0.0019998550415039062,0.002000093460083008,0.0,55.73115037727485,0.0,0.0
0.00800013542175293,0.005000114440917969,0.003000020980834961,0.0,55.12837015153518,0.0,0.0
0.018000125885009766,0.005000114440917969,0.013000011444091797,1.2129010492270553,52.41223675003184,24744.303248160064,1.2129010492270553
0.009999990463256836,0.003999948501586914,0.006000041961669922,0.0,52.453148669002225,0.0,0.0
0.01900005340576172,0.006000041961669922,0.013000011444091797,0.010320530278200568,53.27428843951454,1.5184065793144828e-106,0.010320530278200568
0.005000114440917969,0.002000093460083008,0.003000020980834961,0.0,55.62753563206001,0.0,0.0
0.012000083923339844,0.003000020980834961,0.009000062942504883,0.0,55.83672472139187,0.0,0.0
0.006999969482421875,0.003000020980834961,0.003999948501586914,0.6788720375038104,55.39818108912138,4.801277022756011e-10,0.6788720375038104
0.006000041961669922,0.003999948501586914,0.002000093460083008,0.9892607519980512,55.899992020394116,0.5468555121921285,0.9892607519980512
0.006999969482421875,0.003000020980834961,0.003999948501586914,0.0,46.424922973892635,0.0,0.0
0.012000083923339844,0.009000062942504883,0.003000020980834961,0.0,55.68900147907059,0.0,0.0
0.008999824523925781,0.003999948501586914,0.004999876022338867,0.0,55.899992020394116,0.0,0.0
0.013000011444091797,0.003999948501586914,0.009000062942504883,0.04143271147270422,53.51756151695803,1.0082958519730457e-74,0.04143271147270422
0.006000041961669922,0.003000020980834961,0.003000020980834961,0.0,45.081722644813844,0.0,0.0
0.004999876022338867,0.003000020980834961,0.0019998550415039062,0.1979515716995306,55.857668562779885,5.0982745244649886e-40,0.1979515716995306
0.013000011444091797,0.0019998550415039062,0.01100015640258789,0.0,53.21749643086399,0.0,0.0
0.013000011444091797,0.002000093460083008,0.010999917984008789,0.0,55.68900147907059,0.0,0.0
0.024000167846679688,0.016000032424926758,0.00800013542175293,0.14329945433903646,51.022170494598775,8.907685899037462e-44,0.14329945433903646
0.013000011444091797,0.009000062942504883,0.003999948501586914,2.206987437306951,55.34123822868196,1.062453701796069e19,2.206987437306951
0.013000011444091797,0.006999969482421875,0.006000041961669922,0.0,52.453148669002225,0.0,0.0
0.013000011444091797,0.009999990463256836,0.003000020980834961,0.0,49.364234332628584,0.0,0.0
0.009000062942504883,0.003999948501586914,0.005000114440917969,0.0,55.862773288837005,0.0,0.0
0.006000041961669922,0.003999948501586914,0.002000093460083008,0.0,54.156324089318126,0.0,0.0
0.009000062942504883,0.006000041961669922,0.003000020980834961,0.0,55.53976376849554,0.0,0.0
0.009000062942504883,0.004000186920166016,0.004999876022338867,0.0,52.21531749361379,0.0,0.0
0.021999835968017578,0.007999897003173828,0.01399993896484375,0.0,45.91341199010987,0.0,0.0
0.016000032424926758,0.008999824523925781,0.0070002079010009766,0.0,55.91272193539721,0.0,0.0
0.007999897003173828,0.004999876022338867,0.003000020980834961,0.0,50.11558738290705,0.0,0.0
0.009999990463256836,0.004999876022338867,0.005000114440917969,0.5841143932435755,52.71936258766238,4.896869615993593e-13,0.5841143932435755
0.006000041961669922,0.003000020980834961,0.003000020980834961,1.587027406223498,53.491249153257286,5.364281251489678e10,1.587027406223498
0.005000114440917969,0.003000020980834961,0.002000093460083008,0.33660399774277483,54.40099075178862,1.8828675109240396e-26,0.33660399774277483
0.00800013542175293,0.005000114440917969,0.003000020980834961,0.0,46.79596343826415,0.0,0.0
0.006999969482421875,0.005000114440917969,0.0019998550415039062,0.0,52.86409949016874,0.0,0.0
0.008999824523925781,0.0019998550415039062,0.006999969482421875,0.5415606351060553,49.364234332628584,7.107100884913057e-14,0.5415606351060553
0.021999835968017578,0.01699995994567871,0.004999876022338867,0.10294582849430745,47.10724569130519,3.0670293998473756e-47,0.10294582849430745
0.010999917984008789,0.006000041961669922,0.004999876022338867,0.0,55.899992020394116,0.0,0.0
0.005000114440917969,0.003000020980834961,0.002000093460083008,0.8805036811891731,55.95749559823219,0.0008077835857953671,0.8805036811891731
0.007999897003173828,0.003999948501586914,0.003999948501586914,0.1101118269000545,55.899992020394116,2.7448996318274e-54,0.1101118269000545
0.01100015640258789,0.00800013542175293,0.003000020980834961,0.0,49.364234332628584,0.0,0.0
0.005000114440917969,0.003000020980834961,0.002000093460083008,0.0,44.94094891935066,0.0,0.0
0.009999990463256836,0.004999876022338867,0.005000114440917969,0.12560482133584516,52.86409949016874,2.3430412628500858e-48,0.12560482133584516
0.005000114440917969,0.003000020980834961,0.002000093460083008,0.0,55.692632750875525,0.0,0.0
0.009999990463256836,0.003999948501586914,0.006000041961669922,0.0,52.86409949016874,0.0,0.0
0.021000146865844727,0.017000198364257812,0.003999948501586914,0.0,45.91341199010987,0.0,0.0
0.016000032424926758,0.0070002079010009766,0.008999824523925781,0.0,51.577335224376355,0.0,0.0
0.014999866485595703,0.010999917984008789,0.003999948501586914,0.6859483070890215,55.899992020394116,7.058134488836535e-10,0.6859483070890215
0.006000041961669922,0.003000020980834961,0.003000020980834961,0.0,46.79596343826415,0.0,0.0
0.015000104904174805,0.003999948501586914,0.01100015640258789,0.0,47.76995241971827,0.0,0.0
0.009999990463256836,0.003999948501586914,0.006000041961669922,0.0,46.724158156377285,0.0,0.0
0.01900005340576172,0.0070002079010009766,0.011999845504760742,0.0,52.906681418096724,0.0,0.0
0.017999887466430664,0.010999917984008789,0.006999969482421875,0.0,46.5408563895826,0.0,0.0
0.023000001907348633,0.01100015640258789,0.011999845504760742,0.0,52.02262234357921,0.0,0.0
0.006000041961669922,0.003000020980834961,0.003000020980834961,0.9814300160513145,52.86409949016874,0.37123690619234784,0.9814300160513145
0.009000062942504883,0.003999948501586914,0.005000114440917969,1.0738910102486443,50.24837464287634,35.950097435930466,1.0738910102486443
0.013000011444091797,0.007999897003173828,0.005000114440917969,0.0,47.24598790486285,0.0,0.0
0.012000083923339844,0.004000186920166016,0.007999897003173828,0.0,41.01081134450501,0.0,0.0
0.00800013542175293,0.003000020980834961,0.005000114440917969,0.0,43.64368932372339,0.0,0.0
0.018000125885009766,0.006999969482421875,0.01100015640258789,0.0,41.01081134450501,0.0,0.0
0.021000146865844727,0.009999990463256836,0.01100015640258789,0.0,52.02262234357921,0.0,0.0
0.012000083923339844,0.006999969482421875,0.005000114440917969,0.0,44.03631416489546,0.0,0.0
0.006000041961669922,0.003000020980834961,0.003000020980834961,0.0,44.97338813954333,0.0,0.0
0.009999990463256836,0.006999969482421875,0.003000020980834961,0.0,49.58830432155246,0.0,0.0
0.010999917984008789,0.004999876022338867,0.006000041961669922,0.0,41.01081134450501,0.0,0.0
0.013000011444091797,0.005000114440917969,0.007999897003173828,0.0,55.03349654069866,0.0,0.0
0.01399993896484375,0.007999897003173828,0.006000041961669922,0.0,43.64368932372339,0.0,0.0
0.019999980926513672,0.015000104904174805,0.004999876022338867,0.0,53.597861313180545,0.0,0.0
0.009000062942504883,0.003999948501586914,0.005000114440917969,0.0,53.02810067905079,0.0,0.0
0.009999990463256836,0.003999948501586914,0.006000041961669922,1.861405343062914,41.01081134450501,1.1651894604598535e11,1.861405343062914
0.009999990463256836,0.005000114440917969,0.004999876022338867,0.0,44.97338813954333,0.0,0.0
0.02700018882751465,0.006000041961669922,0.021000146865844727,0.0,53.597861313180545,0.0,0.0
0.039999961853027344,0.00800013542175293,0.031999826431274414,0.8885848947124564,50.449309737287344,0.0025816433331716272,0.8885848947124564
0.009999990463256836,0.005000114440917969,0.004999876022338867,0.0,38.19864950591404,0.0,0.0
0.007999897003173828,0.003999948501586914,0.003999948501586914,0.0,53.02810067905079,0.0,0.0
0.013000011444091797,0.00800013542175293,0.004999876022338867,0.0,49.87317371664079,0.0,0.0
0.009999990463256836,0.004999876022338867,0.005000114440917969,0.0,42.7384074421218,0.0,0.0
0.026000022888183594,0.019999980926513672,0.006000041961669922,2.5059660991304478,54.493630860438046,5.515778401985108e21,2.5059660991304478
0.009000062942504883,0.003999948501586914,0.005000114440917969,0.0,53.02810067905079,0.0,0.0
0.013000011444091797,0.00800013542175293,0.004999876022338867,0.0,53.597861313180545,0.0,0.0
0.007999897003173828,0.004999876022338867,0.003000020980834961,0.0,44.97338813954333,0.0,0.0
0.008999824523925781,0.003999948501586914,0.004999876022338867,0.0,42.606201268902296,0.0,0.0
0.012000083923339844,0.007999897003173828,0.004000186920166016,1.0487377551505284,41.147625438088944,7.08588319459349,1.0487377551505284
0.009000062942504883,0.003999948501586914,0.005000114440917969,0.0,42.7384074421218,0.0,0.0
0.009999990463256836,0.003999948501586914,0.006000041961669922,0.3083441609587356,53.597861313180545,4.105895116157495e-28,0.3083441609587356
0.029999971389770508,0.015000104904174805,0.014999866485595703,0.1569553842035365,52.05841253137127,1.3595231498807305e-42,0.1569553842035365
0.014999866485595703,0.009999990463256836,0.004999876022338867,0.0,44.68787921752536,0.0,0.0
0.015000104904174805,0.01100015640258789,0.003999948501586914,0.0,42.285883482852846,0.0,0.0
0.01699995994567871,0.006999969482421875,0.009999990463256836,0.0,47.23421039400543,0.0,0.0
0.009999990463256836,0.006000041961669922,0.003999948501586914,0.0879430417185989,40.93519811156973,6.035017395882214e-44,0.0879430417185989
0.029000043869018555,0.020999908447265625,0.00800013542175293,0.0,52.02262234357921,0.0,0.0
0.017999887466430664,0.013000011444091797,0.004999876022338867,0.0,47.29982867739626,0.0,0.0
0.010999917984008789,0.006999969482421875,0.003999948501586914,0.0,42.606201268902296,0.0,0.0
0.005000114440917969,0.003000020980834961,0.002000093460083008,0.0,53.597861313180545,0.0,0.0
0.006000041961669922,0.003000020980834961,0.003000020980834961,0.0,42.7384074421218,0.0,0.0
0.011999845504760742,0.004999876022338867,0.006999969482421875,0.0,53.597861313180545,0.0,0.0
0.01900005340576172,0.009000062942504883,0.009999990463256836,0.0,42.801463721570215,0.0,0.0
0.024000167846679688,0.009999990463256836,0.014000177383422852,0.0,52.14862197785451,0.0,0.0
0.009000062942504883,0.003000020980834961,0.006000041961669922,0.8813407163187192,41.63151666680953,0.005203009499917839,0.8813407163187192
0.006999969482421875,0.003000020980834961,0.003999948501586914,0.0,42.826451902159754,0.0,0.0
0.0070002079010009766,0.004000186920166016,0.003000020980834961,2.209627800448064,42.68293621346357,4.972230626856464e14,2.209627800448064
0.029999971389770508,0.012000083923339844,0.017999887466430664,1.1522890706524924,46.625449351639965,741.8736174615907,1.1522890706524924
0.019999980926513672,0.01399993896484375,0.006000041961669922,0.0,37.765613683023574,0.0,0.0
0.008999824523925781,0.004999876022338867,0.003999948501586914,0.0,42.32633838132878,0.0,0.0
0.016000032424926758,0.010999917984008789,0.005000114440917969,5.48330655749107,44.81497406142761,1.31877793079743e33,5.48330655749107
0.009000062942504883,0.005000114440917969,0.003999948501586914,0.0,44.68787921752536,0.0,0.0
0.010999917984008789,0.003000020980834961,0.007999897003173828,0.0,52.02262234357921,0.0,0.0
0.009999990463256836,0.006000041961669922,0.003999948501586914,0.0,39.92219805127075,0.0,0.0
0.009000062942504883,0.005000114440917969,0.003999948501586914,0.705448099428645,44.12203319096198,2.0604908483073043e-7,0.705448099428645
0.01699995994567871,0.005000114440917969,0.011999845504760742,0.0,42.801463721570215,0.0,0.0
0.011999845504760742,0.003999948501586914,0.007999897003173828,0.0,35.258900236185674,0.0,0.0
0.010999917984008789,0.004999876022338867,0.006000041961669922,0.0,41.875105388267116,0.0,0.0
0.01900005340576172,0.013000011444091797,0.006000041961669922,0.0,42.285883482852846,0.0,0.0
0.006999969482421875,0.003000020980834961,0.003999948501586914,1.3832235693907369,52.889323872001476,2.8294546793323547e7,1.3832235693907369
0.010999917984008789,0.004999876022338867,0.006000041961669922,0.0,37.765613683023574,0.0,0.0
0.013000011444091797,0.005000114440917969,0.007999897003173828,0.0,41.875105388267116,0.0,0.0
0.014999866485595703,0.003999948501586914,0.010999917984008789,0.0,35.682188263154835,0.0,0.0
0.013000011444091797,0.0070002079010009766,0.00599980354309082,0.0,42.78394107245429,0.0,0.0
0.006000041961669922,0.003000020980834961,0.003000020980834961,0.0,36.54214438761393,0.0,0.0
0.037000179290771484,0.0280001163482666,0.009000062942504883,0.0,52.02262234357921,0.0,0.0
0.006999969482421875,0.003000020980834961,0.003999948501586914,0.0,40.73161050031802,0.0,0.0
0.02500009536743164,0.018000125885009766,0.006999969482421875,0.0,44.68787921752536,0.0,0.0
0.017999887466430664,0.00599980354309082,0.012000083923339844,0.0,42.801463721570215,0.0,0.0
0.01100015640258789,0.004000186920166016,0.006999969482421875,0.09964503416467485,42.285883482852846,4.454641439692316e-43,0.09964503416467485
0.007999897003173828,0.003000020980834961,0.004999876022338867,0.0,37.765613683023574,0.0,0.0
0.014999866485595703,0.011999845504760742,0.003000020980834961,0.0,41.88133781871316,0.0,0.0
0.006999969482421875,0.003000020980834961,0.003999948501586914,0.0,42.77770864200825,0.0,0.0
0.015000104904174805,0.003999948501586914,0.01100015640258789,0.32806412085049974,37.765613683023574,5.246680400870482e-19,0.32806412085049974
0.01900005340576172,0.013000011444091797,0.006000041961669922,0.4964258371205399,46.993926181663376,5.09334431901549e-15,0.4964258371205399
0.019999980926513672,0.00599980354309082,0.014000177383422852,1.306100862068913,42.59557939230231,87115.49695836568,1.306100862068913
0.009000062942504883,0.004999876022338867,0.004000186920166016,0.023113624308421787,41.875105388267116,3.0676242444377536e-69,0.023113624308421787
0.009000062942504883,0.004999876022338867,0.004000186920166016,2.116422402925917,42.4660736421998,6.715113749862877e13,2.116422402925917
0.010999917984008789,0.004999876022338867,0.006000041961669922,0.0,39.68487141499229,0.0,0.0
0.008999824523925781,0.003999948501586914,0.004999876022338867,0.0,44.78681375087325,0.0,0.0
0.00599980354309082,0.003000020980834961,0.0029997825622558594,2.833033766368811,41.77617085491923,7.822515128764378e18,2.833033766368811
0.031999826431274414,0.02499985694885254,0.006999969482421875,0.0,36.07868972124313,0.0,0.0
0.02499985694885254,0.011999845504760742,0.013000011444091797,0.0,42.77770864200825,0.0,0.0
0.013000011444091797,0.004999876022338867,0.00800013542175293,0.0,43.533369651500585,0.0,0.0
0.009000062942504883,0.003000020980834961,0.006000041961669922,0.0,42.344096251897646,0.0,0.0
0.009000062942504883,0.005000114440917969,0.003999948501586914,0.0,41.88133781871316,0.0,0.0
0.010999917984008789,0.00599980354309082,0.005000114440917969,0.0,40.73161050031802,0.0,0.0
0.02200007438659668,0.015000104904174805,0.006999969482421875,0.0,43.46102615710659,0.0,0.0
0.020999908447265625,0.006999969482421875,0.01399993896484375,0.0,36.54214438761393,0.0,0.0
0.015000104904174805,0.003999948501586914,0.01100015640258789,0.0,40.8590691708353,0.0,0.0
0.009999990463256836,0.005000114440917969,0.004999876022338867,0.0,35.626388481249975,0.0,0.0
0.00599980354309082,0.003000020980834961,0.0029997825622558594,0.0,42.77770864200825,0.0,0.0
0.009999990463256836,0.003999948501586914,0.006000041961669922,0.0,40.23551964415237,0.0,0.0
0.029999971389770508,0.023999929428100586,0.006000041961669922,0.0,40.2242319174819,0.0,0.0
0.04199981689453125,0.03099989891052246,0.010999917984008789,0.0,40.73161050031802,0.0,0.0
0.007999897003173828,0.003999948501586914,0.003999948501586914,0.0,41.88133781871316,0.0,0.0
0.013000011444091797,0.007999897003173828,0.005000114440917969,0.0,41.88133781871316,0.0,0.0
0.02500009536743164,0.006999969482421875,0.018000125885009766,0.0,37.81483176181274,0.0,0.0
0.016000032424926758,0.007999897003173828,0.00800013542175293,0.0,44.26262337828787,0.0,0.0
0.01699995994567871,0.009999990463256836,0.006999969482421875,0.0,41.86148195916992,0.0,0.0
0.009999990463256836,0.005000114440917969,0.004999876022338867,0.0,38.88516453053003,0.0,0.0
0.010999917984008789,0.003999948501586914,0.006999969482421875,0.0,41.72355399653493,0.0,0.0
0.00800013542175293,0.004000186920166016,0.003999948501586914,0.0,41.88133781871316,0.0,0.0
0.00800013542175293,0.005000114440917969,0.003000020980834961,1.3940715031172601,40.23551964415237,638828.0105112073,1.3940715031172601
0.00800013542175293,0.003999948501586914,0.004000186920166016,0.0,41.02653038117537,0.0,0.0
0.009000062942504883,0.004999876022338867,0.004000186920166016,0.0,39.87249594552932,0.0,0.0
0.010999917984008789,0.004999876022338867,0.006000041961669922,0.0,42.09863854378435,0.0,0.0
0.026000022888183594,0.01900005340576172,0.006000041961669922,0.0,41.27541360380835,0.0,0.0
0.008999824523925781,0.003999948501586914,0.004999876022338867,0.40326254873422895,42.09863854378435,2.4876379384043663e-17,0.40326254873422895
0.010999917984008789,0.006000041961669922,0.004999876022338867,0.0,46.69336575705719,0.0,0.0
0.024000167846679688,0.005000114440917969,0.01900005340576172,0.782013424232062,39.99962133281562,5.353142068593865e-5,0.782013424232062
0.0279998779296875,0.011999845504760742,0.016000032424926758,0.0,42.11926633764976,0.0,0.0
0.011999845504760742,0.006000041961669922,0.00599980354309082,0.0,41.88133781871316,0.0,0.0
0.010999917984008789,0.004999876022338867,0.006000041961669922,0.0,41.02653038117537,0.0,0.0
0.007999897003173828,0.003999948501586914,0.003999948501586914,0.0,40.6807133606079,0.0,0.0
0.006999969482421875,0.005000114440917969,0.0019998550415039062,0.0,35.51854304463234,0.0,0.0
0.010999917984008789,0.003999948501586914,0.006999969482421875,0.0,40.32831024339435,0.0,0.0
0.03299999237060547,0.019999980926513672,0.013000011444091797,0.0,40.29090531684366,0.0,0.0
0.019999980926513672,0.010999917984008789,0.009000062942504883,0.14342399734522004,35.512013699816976,1.121870183688055e-30,0.14342399734522004
0.02500009536743164,0.019999980926513672,0.005000114440917969,0.0,46.69989507376285,0.0,0.0
0.007999897003173828,0.004999876022338867,0.003000020980834961,1.2612250050426943,41.88133781871316,16646.68561899695,1.2612250050426943
0.028999805450439453,0.006999969482421875,0.021999835968017578,0.0,42.49088656936189,0.0,0.0
0.04500007629394531,0.012000083923339844,0.03299999237060547,0.018460493742964434,44.82293287939984,1.9406193831174773e-78,0.018460493742964434
0.010999917984008789,0.005000114440917969,0.00599980354309082,0.0,41.02653038117537,0.0,0.0
0.007999897003173828,0.003999948501586914,0.003999948501586914,0.0,47.39121350167546,0.0,0.0
0.017000198364257812,0.012000083923339844,0.005000114440917969,0.6368008687274895,38.88516453053003,2.3913854023913015e-8,0.6368008687274895
0.018000125885009766,0.005000114440917969,0.013000011444091797,0.0,41.34914378679013,0.0,0.0
0.029999971389770508,0.02200007438659668,0.007999897003173828,0.0,47.24523867134762,0.0,0.0
0.014999866485595703,0.008999824523925781,0.006000041961669922,0.383212727229012,43.54071812800852,7.289121087603132e-19,0.383212727229012
0.00800013542175293,0.005000114440917969,0.003000020980834961,0.0,42.464544934127865,0.0,0.0
0.006000041961669922,0.003000020980834961,0.003000020980834961,0.0,37.05921380243772,0.0,0.0
0.00800013542175293,0.003999948501586914,0.004000186920166016,0.0,41.27541360380835,0.0,0.0
0.006999969482421875,0.003000020980834961,0.003999948501586914,0.0,41.88133781871316,0.0,0.0
0.008999824523925781,0.003999948501586914,0.004999876022338867,0.0,42.95257220853621,0.0,0.0
0.008999824523925781,0.003999948501586914,0.004999876022338867,0.0,47.39121350167546,0.0,0.0
0.006999969482421875,0.003999948501586914,0.003000020980834961,0.0,38.101396910742665,0.0,0.0
0.0070002079010009766,0.004000186920166016,0.003000020980834961,0.0,47.24523867134762,0.0,0.0
0.006999969482421875,0.003999948501586914,0.003000020980834961,0.0,43.130867250283245,0.0,0.0
0.009000062942504883,0.003999948501586914,0.005000114440917969,0.918171676690489,47.1247437518559,0.017897727793986632,0.918171676690489
0.01100015640258789,0.004000186920166016,0.006999969482421875,0.38585145138601895,37.12234163960938,4.4355458694120603e-16,0.38585145138601895
0.010999917984008789,0.006000041961669922,0.004999876022338867,1.5810615384993354,42.37864627277975,2.698856038606577e8,1.5810615384993354
0.007999897003173828,0.003999948501586914,0.003999948501586914,0.0,34.62691875568945,0.0,0.0
0.006999969482421875,0.004000186920166016,0.0029997825622558594,0.4501633886548406,47.34038735632015,3.8941228008249534e-17,0.4501633886548406
0.007999897003173828,0.003999948501586914,0.003999948501586914,0.0,42.79477917935349,0.0,0.0
0.007999897003173828,0.003999948501586914,0.003999948501586914,0.0,47.39121350167546,0.0,0.0
0.009000062942504883,0.005000114440917969,0.003999948501586914,0.0,49.26746856073905,0.0,0.0
0.007999897003173828,0.004999876022338867,0.003000020980834961,1.8099666477031917,35.28369347887812,1.234722856477952e9,1.8099666477031917
0.007999897003173828,0.004999876022338867,0.003000020980834961,0.0,47.39121350167546,0.0,0.0
0.0070002079010009766,0.004000186920166016,0.003000020980834961,0.0,42.464544934127865,0.0,0.0
0.006999969482421875,0.003999948501586914,0.003000020980834961,1.1128435543420445,42.464544934127865,93.7138002209615,1.1128435543420445
0.006999969482421875,0.003999948501586914,0.003000020980834961,0.0,45.79808359702405,0.0,0.0
0.008999824523925781,0.003000020980834961,0.00599980354309082,0.0,43.130867250283245,0.0,0.0
0.008999824523925781,0.004999876022338867,0.003999948501586914,0.0,43.130867250283245,0.0,0.0
0.009000062942504883,0.005000114440917969,0.003999948501586914,0.5584131871250819,39.80520431137432,8.46288765230872e-11,0.5584131871250819
0.010999917984008789,0.00800013542175293,0.0029997825622558594,0.0,42.48194286808766,0.0,0.0
0.009999990463256836,0.004999876022338867,0.005000114440917969,1.0868547532483497,45.79808359702405,45.350888035955286,1.0868547532483497
0.00800013542175293,0.005000114440917969,0.003000020980834961,0.0,48.41096166131079,0.0,0.0
0.03500008583068848,0.031000137329101562,0.003999948501586914,0.20135176345464467,47.24523867134762,1.3037926275522242e-33,0.20135176345464467
0.03500008583068848,0.01399993896484375,0.021000146865844727,0.11803902791423848,37.05921380243772,4.0737953469220634e-35,0.11803902791423848
0.04799985885620117,0.009999990463256836,0.037999868392944336,0.0,42.79722486885279,0.0,0.0
0.01399993896484375,0.009999990463256836,0.003999948501586914,0.13088524496661424,38.893684128250506,4.4939211970573904e-35,0.13088524496661424
0.031000137329101562,0.016000032424926758,0.015000104904174805,0.0,45.94241167529996,0.0,0.0
0.0280001163482666,0.018000125885009766,0.009999990463256836,0.3899713032218788,34.78895231373871,5.921808467989031e-15,0.3899713032218788
0.010999917984008789,0.006000041961669922,0.004999876022338867,0.0,43.130867250283245,0.0,0.0
0.020000219345092773,0.014000177383422852,0.006000041961669922,0.0,42.60284500692987,0.0,0.0
0.026999950408935547,0.016000032424926758,0.010999917984008789,0.0,48.765066060530025,0.0,0.0
0.006000041961669922,0.004000186920166016,0.0019998550415039062,0.0,42.79722486885279,0.0,0.0
0.026999950408935547,0.006999969482421875,0.019999980926513672,0.0,42.25438196045454,0.0,0.0
0.016000032424926758,0.009999990463256836,0.006000041961669922,0.0,43.98727266205587,0.0,0.0
0.01399993896484375,0.006999969482421875,0.006999969482421875,0.7225617213314495,47.27699389864124,2.1282953515144474e-7,0.7225617213314495
0.013000011444091797,0.006000041961669922,0.006999969482421875,1.9887848950539389,47.39121350167546,1.4139654125363272e14,1.9887848950539389
0.006999969482421875,0.004000186920166016,0.0029997825622558594,0.0,42.48093869445512,0.0,0.0
0.009000062942504883,0.004000186920166016,0.004999876022338867,0.0,50.196481218388136,0.0,0.0
0.021999835968017578,0.006000041961669922,0.015999794006347656,0.2557324740644651,44.018779789745054,8.539984299800322e-27,0.2557324740644651
0.017999887466430664,0.013000011444091797,0.004999876022338867,0.6384233067090439,43.88467856609279,2.8006536534611972e-9,0.6384233067090439
0.010999917984008789,0.006000041961669922,0.004999876022338867,0.24384582028889934,42.79722486885279,5.891642051537839e-27,0.24384582028889934
0.01399993896484375,0.009999990463256836,0.003999948501586914,0.0,42.48393308656298,0.0,0.0
0.01100015640258789,0.006999969482421875,0.004000186920166016,0.0,42.794230476744936,0.0,0.0
0.01399993896484375,0.003999948501586914,0.009999990463256836,0.0,42.79722486885279,0.0,0.0
0.016000032424926758,0.009999990463256836,0.006000041961669922,0.0,45.57631618818545,0.0,0.0
0.01699995994567871,0.003000020980834961,0.01399993896484375,1.9106190930454936,41.96282877889987,6.293049924925062e11,1.9106190930454936
0.01900005340576172,0.01100015640258789,0.007999897003173828,0.42876709749342545,46.53409783470135,7.68700269365999e-18,0.42876709749342545
0.010999917984008789,0.006999969482421875,0.003999948501586914,0.0,50.196481218388136,0.0,0.0
0.009999990463256836,0.004999876022338867,0.005000114440917969,0.0,43.09637992035918,0.0,0.0
0.015000104904174805,0.00800013542175293,0.006999969482421875,0.0,40.798271541761636,0.0,0.0
0.02200007438659668,0.014000177383422852,0.007999897003173828,0.7005795700823625,42.79722486885279,2.432251769155441e-7,0.7005795700823625
0.03600001335144043,0.016000032424926758,0.019999980926513672,1.1139551840400186,42.84208168777293,101.83818311671894,1.1139551840400186
0.008999824523925781,0.00599980354309082,0.003000020980834961,0.0,47.20475944766705,0.0,0.0
0.00599980354309082,0.0029997825622558594,0.003000020980834961,0.0,45.465219052190434,0.0,0.0
0.014999866485595703,0.009999990463256836,0.004999876022338867,0.0,42.48393308656298,0.0,0.0
0.02700018882751465,0.009000062942504883,0.018000125885009766,0.8980445589745489,54.301098279006034,0.002910877398082173,0.8980445589745489
0.013000011444091797,0.00800013542175293,0.004999876022338867,0.0,41.50597513227192,0.0,0.0
0.018999814987182617,0.01399993896484375,0.004999876022338867,0.24334062344901763,47.20475944766705,1.062694944713043e-29,0.24334062344901763
0.006000041961669922,0.003000020980834961,0.003000020980834961,0.0,39.18548897666168,0.0,0.0
0.012000083923339844,0.003000020980834961,0.009000062942504883,0.0,50.196481218388136,0.0,0.0
0.012000083923339844,0.003999948501586914,0.00800013542175293,0.0,41.79492081731235,0.0,0.0
0.01900005340576172,0.006000041961669922,0.013000011444091797,0.0,48.855721619346724,0.0,0.0
0.006999969482421875,0.004000186920166016,0.0029997825622558594,2.855999324551237,42.49327513700206,2.3262391253136028e19,2.855999324551237
0.013000011444091797,0.005000114440917969,0.007999897003173828,0.0,43.12785858838392,0.0,0.0
0.009000062942504883,0.005000114440917969,0.003999948501586914,0.0,48.983919403032395,0.0,0.0
0.009999990463256836,0.005000114440917969,0.004999876022338867,0.10377079321939986,47.94933989539981,6.62906515055353e-48,0.10377079321939986
0.009999990463256836,0.004999876022338867,0.005000114440917969,0.0,41.79492081731235,0.0,0.0
0.006000041961669922,0.003000020980834961,0.003000020980834961,0.8899857949049905,40.798271541761636,0.008608291116157973,0.8899857949049905
0.006000041961669922,0.003000020980834961,0.003000020980834961,0.22161548180142487,39.29201277932383,1.9378074712868438e-26,0.22161548180142487
0.02200007438659668,0.003000020980834961,0.01900005340576172,0.9076517025392117,41.68839701465021,0.017608404762703964,0.9076517025392117
0.011999845504760742,0.006000041961669922,0.00599980354309082,0.0,37.855282477053265,0.0,0.0
0.01699995994567871,0.010999917984008789,0.006000041961669922,0.0,40.774452872790775,0.0,0.0
0.009999990463256836,0.004999876022338867,0.005000114440917969,0.0,43.12785858838392,0.0,0.0
0.014999866485595703,0.006000041961669922,0.008999824523925781,0.0,41.50597513227192,0.0,0.0
0.009999990463256836,0.006000041961669922,0.003999948501586914,1.3668227494615715,41.79492081731235,469981.3177499386,1.3668227494615715
0.006000041961669922,0.003000020980834961,0.003000020980834961,0.0,41.79492081731235,0.0,0.0
0.018999814987182617,0.00599980354309082,0.013000011444091797,0.01683001653541405,50.196481218388136,9.029964917790087e-90,0.01683001653541405
0.009000062942504883,0.004999876022338867,0.004000186920166016,0.0,43.12785858838392,0.0,0.0
0.016000032424926758,0.006999969482421875,0.009000062942504883,0.15131350454393067,39.528070883547024,3.820737466796068e-33,0.15131350454393067
0.009000062942504883,0.003999948501586914,0.005000114440917969,0.16158597246644257,40.356200241750976,1.1328683466537817e-32,0.16158597246644257
0.009999990463256836,0.003999948501586914,0.006000041961669922,0.09285113235113052,41.269673775868746,2.5171822548908396e-43,0.09285113235113052
0.010999917984008789,0.006999969482421875,0.003999948501586914,0.44903122241292115,38.09158383345643,5.684112489869626e-14,0.44903122241292115
0.006999969482421875,0.003999948501586914,0.003000020980834961,1.210975858707406,48.21781613589645,10200.26721523815,1.210975858707406
0.008999824523925781,0.003999948501586914,0.004999876022338867,0.0,40.67967739771222,0.0,0.0
0.012000083923339844,0.006999969482421875,0.005000114440917969,0.0,41.26209489124027,0.0,0.0
0.015000104904174805,0.009000062942504883,0.006000041961669922,0.0,49.51674526110366,0.0,0.0
0.013000011444091797,0.007999897003173828,0.005000114440917969,0.0,41.011671013921685,0.0,0.0
0.016000032424926758,0.005000114440917969,0.010999917984008789,0.5236775170823793,40.54771943471193,4.0614677368543075e-12,0.5236775170823793
0.02200007438659668,0.016000032424926758,0.006000041961669922,0.0,41.79492081731235,0.0,0.0
0.010000228881835938,0.003000020980834961,0.0070002079010009766,0.0,43.290625014160206,0.0,0.0
0.013000011444091797,0.007999897003173828,0.005000114440917969,0.177924290899234,43.12785858838392,4.6158492227671634e-33,0.177924290899234
0.023999929428100586,0.018000125885009766,0.00599980354309082,0.0,40.67967739771222,0.0,0.0
0.014999866485595703,0.00599980354309082,0.009000062942504883,0.0,46.083626367858926,0.0,0.0
0.018999814987182617,0.010999917984008789,0.007999897003173828,0.0,40.91780167276345,0.0,0.0
0.01699995994567871,0.010999917984008789,0.006000041961669922,0.0,42.01643752060984,0.0,0.0
0.006000041961669922,0.003000020980834961,0.003000020980834961,4.012253694381343,45.959669968024485,5.389283937250284e27,4.012253694381343
0.018000125885009766,0.00800013542175293,0.009999990463256836,0.0,41.02156710333194,0.0,0.0
0.019999980926513672,0.013000011444091797,0.006999969482421875,0.0,38.986740972936374,0.0,0.0
0.011999845504760742,0.007999897003173828,0.003999948501586914,0.0,42.19668314098789,0.0,0.0
0.023999929428100586,0.00599980354309082,0.018000125885009766,0.0,50.57755156665301,0.0,0.0
0.015000104904174805,0.006000041961669922,0.009000062942504883,0.0,37.068771303831326,0.0,0.0
0.006999969482421875,0.003000020980834961,0.003999948501586914,1.5849291575084035,40.91780167276345,1.5274379709648833e8,1.5849291575084035
0.01699995994567871,0.006000041961669922,0.010999917984008789,0.6704006491291503,41.011671013921685,7.545440838498105e-8,0.6704006491291503
0.01699995994567871,0.01100015640258789,0.00599980354309082,0.0,43.63266279439152,0.0,0.0
0.020999908447265625,0.007999897003173828,0.013000011444091797,0.0,41.011671013921685,0.0,0.0
0.01399993896484375,0.006999969482421875,0.006999969482421875,1.6377783344906671,40.599001799210164,4.9950986737608427e8,1.6377783344906671
0.009999990463256836,0.005000114440917969,0.004999876022338867,0.0,51.239543768968936,0.0,0.0
0.006000041961669922,0.004000186920166016,0.0019998550415039062,0.1487355802017043,34.93780328881118,1.2189716094578603e-29,0.1487355802017043
0.017999887466430664,0.003000020980834961,0.014999866485595703,0.0,41.63674214383892,0.0,0.0
0.013000011444091797,0.006000041961669922,0.006999969482421875,0.0,43.75423874258656,0.0,0.0
0.010999917984008789,0.00599980354309082,0.004000186920166016,0.0,42.01643752060984,0.0,0.0
0.02700018882751465,0.005000114440917969,0.02200007438659668,0.0,43.330371932976256,0.0,0.0
0.010999917984008789,0.006999969482421875,0.003999948501586914,0.0,38.986740972936374,0.0,0.0
0.009000062942504883,0.004999876022338867,0.003000020980834961,1.72232752917731,43.27868814426996,1.6549299638632992e10,1.72232752917731
0.02700018882751465,0.02200007438659668,0.005000114440917969,0.0,43.330371932976256,0.0,0.0
0.04399991035461426,0.032000064849853516,0.011999845504760742,0.0,41.011671013921685,0.0,0.0
0.01399993896484375,0.007999897003173828,0.006000041961669922,1.0580711614204175,43.12984780885942,11.410979779111331,1.0580711614204175
0.006999969482421875,0.003999948501586914,0.003000020980834961,0.0,41.102529767908166,0.0,0.0
0.009999990463256836,0.004999876022338867,0.005000114440917969,0.0,41.02156710333194,0.0,0.0
0.023999929428100586,0.006999969482421875,0.01699995994567871,0.0,41.157207473152695,0.0,0.0
0.01900005340576172,0.009000062942504883,0.009999990463256836,0.0,41.70851493288664,0.0,0.0
0.011999845504760742,0.004999876022338867,0.006999969482421875,0.0,41.011671013921685,0.0,0.0
0.019999980926513672,0.016000032424926758,0.003999948501586914,0.0,42.01643752060984,0.0,0.0
0.007999897003173828,0.004999876022338867,0.003000020980834961,0.0,43.330371932976256,0.0,0.0
0.00599980354309082,0.0029997825622558594,0.003000020980834961,1.0439973545413372,41.011671013921685,5.846467855690825,1.0439973545413372
0.026999950408935547,0.018999814987182617,0.00800013542175293,0.0,41.14608905054527,0.0,0.0
0.020000219345092773,0.009000062942504883,0.01100015640258789,0.0,43.330371932976256,0.0,0.0
0.016000032424926758,0.010999917984008789,0.005000114440917969,0.0,41.73092280168617,0.0,0.0
0.013000011444091797,0.005000114440917969,0.007999897003173828,0.10156587146683771,41.102529767908166,1.4956220235978721e-41,0.10156587146683771
0.00800013542175293,0.003999948501586914,0.004000186920166016,0.0,41.011671013921685,0.0,0.0
0.009999990463256836,0.005000114440917969,0.004999876022338867,0.0,41.102529767908166,0.0,0.0
0.015000104904174805,0.009000062942504883,0.006000041961669922,0.0,43.330371932976256,0.0,0.0
0.012000083923339844,0.005000114440917969,0.006999969482421875,0.0,43.330371932976256,0.0,0.0
0.02200007438659668,0.016000032424926758,0.006000041961669922,1.869983144972731,43.330371932976256,6.009361111370057e11,1.869983144972731
0.01100015640258789,0.006000041961669922,0.005000114440917969,0.7833741723056376,41.011671013921685,4.4823082126087006e-5,0.7833741723056376
0.013000011444091797,0.009999990463256836,0.003000020980834961,0.0,41.14608905054527,0.0,0.0
0.006999969482421875,0.003999948501586914,0.003000020980834961,0.0,43.330371932976256,0.0,0.0
0.011999845504760742,0.003999948501586914,0.007999897003173828,0.0,41.73092280168617,0.0,0.0
0.013000011444091797,0.00599980354309082,0.0070002079010009766,1.103921906353209,43.330371932976256,72.53285058099122,1.103921906353209
0.032000064849853516,0.006000041961669922,0.026000022888183594,0.0,40.61307412738515,0.0,0.0
0.009000062942504883,0.005000114440917969,0.003999948501586914,0.0,43.330371932976256,0.0,0.0
0.01399993896484375,0.00800013542175293,0.00599980354309082,0.0,42.66374448428753,0.0,0.0
0.007999897003173828,0.004999876022338867,0.003000020980834961,0.0,45.32691435675595,0.0,0.0
0.006000041961669922,0.003000020980834961,0.003000020980834961,1.6569401042849674,41.885550112818414,1.533862274229613e9,1.6569401042849674
0.02499985694885254,0.00599980354309082,0.01900005340576172,0.0,41.14608905054527,0.0,0.0
0.029000043869018555,0.009000062942504883,0.019999980926513672,0.0,42.64215183049165,0.0,0.0
0.0279998779296875,0.023999929428100586,0.003999948501586914,0.0,43.330371932976256,0.0,0.0
0.013000011444091797,0.006000041961669922,0.006999969482421875,1.4021166429290566,40.77926048347388,967718.085181106,1.4021166429290566
0.01900005340576172,0.003000020980834961,0.016000032424926758,0.0,43.44675567438621,0.0,0.0
0.026999950408935547,0.010999917984008789,0.016000032424926758,0.0,44.1079300879553,0.0,0.0
0.014999866485595703,0.00599980354309082,0.009000062942504883,0.0,41.14608905054527,0.0,0.0
0.015000104904174805,0.009999990463256836,0.005000114440917969,0.0,45.32691435675595,0.0,0.0
0.012000083923339844,0.003000020980834961,0.009000062942504883,0.0,45.72650759430141,0.0,0.0
0.007999897003173828,0.003999948501586914,0.003999948501586914,0.5326418424582791,41.14608905054527,5.544746214807722e-12,0.5326418424582791
0.009999990463256836,0.004999876022338867,0.005000114440917969,0.0,44.1079300879553,0.0,0.0
0.03099989891052246,0.019999980926513672,0.010999917984008789,0.0,39.80717560154509,0.0,0.0
0.017999887466430664,0.008999824523925781,0.009000062942504883,0.0,45.202587505592845,0.0,0.0
0.009999990463256836,0.006000041961669922,0.003999948501586914,0.0,45.54429926058542,0.0,0.0
0.01100015640258789,0.006000041961669922,0.005000114440917969,0.0,42.582475162966354,0.0,0.0
0.009999990463256836,0.006000041961669922,0.003999948501586914,0.0,41.14608905054527,0.0,0.0
0.015000104904174805,0.004000186920166016,0.010999917984008789,0.0,43.330371932976256,0.0,0.0
0.026999950408935547,0.013000011444091797,0.01399993896484375,0.0,45.68038620526408,0.0,0.0
0.016000032424926758,0.009999990463256836,0.006000041961669922,0.3388931681997853,45.54429926058542,3.9540318502194916e-22,0.3388931681997853
0.013000011444091797,0.006000041961669922,0.006999969482421875,0.0,45.756590072307326,0.0,0.0
0.00800013542175293,0.003999948501586914,0.003000020980834961,0.1625815655248064,44.12618492069156,1.5402327176685444e-35,0.1625815655248064
0.013000011444091797,0.009000062942504883,0.003999948501586914,0.0,45.54623543012313,0.0,0.0
0.012000083923339844,0.006999969482421875,0.005000114440917969,0.0,41.14415288100751,0.0,0.0
0.046000003814697266,0.010999917984008789,0.03500008583068848,3.059968094109271,44.16202488671808,2.819952188313301e21,3.059968094109271
0.017999887466430664,0.011999845504760742,0.006000041961669922,0.0,45.72650759430141,0.0,0.0
0.017000198364257812,0.009000062942504883,0.00800013542175293,0.0,46.62927495323954,0.0,0.0
0.00800013542175293,0.003999948501586914,0.004000186920166016,0.0,44.85289161855931,0.0,0.0
0.031999826431274414,0.006999969482421875,0.02499985694885254,0.10350602550831756,46.25682126977054,2.72546947191447e-46,0.10350602550831756
0.023000001907348633,0.014999866485595703,0.00800013542175293,0.0,46.29586634426464,0.0,0.0
0.018000125885009766,0.005000114440917969,0.013000011444091797,0.0,45.72650759430141,0.0,0.0
0.012000083923339844,0.006000041961669922,0.006000041961669922,0.0,41.14415288100751,0.0,0.0
0.006999969482421875,0.003000020980834961,0.003999948501586914,0.0,48.54364991566105,0.0,0.0
0.00800013542175293,0.004000186920166016,0.003000020980834961,0.0,45.32691435675595,0.0,0.0
0.0280001163482666,0.01699995994567871,0.01100015640258789,1.8842071617566258,44.15127332142463,1.4037191767275176e12,1.8842071617566258
0.01900005340576172,0.009000062942504883,0.009999990463256836,0.0,45.68316436083209,0.0,0.0
0.013000011444091797,0.007999897003173828,0.005000114440917969,0.16371685152169357,45.72650759430141,1.1567384093238132e-36,0.16371685152169357
0.014000177383422852,0.005000114440917969,0.009000062942504883,3.9997632444642384,44.434141813554376,5.634777911533285e26,3.9997632444642384
0.009999990463256836,0.006000041961669922,0.003999948501586914,0.0,42.78903664762663,0.0,0.0
0.009000062942504883,0.003999948501586914,0.005000114440917969,0.0,43.120356309637856,0.0,0.0
0.02200007438659668,0.006999969482421875,0.015000104904174805,0.0,45.32691435675595,0.0,0.0
0.010999917984008789,0.004999876022338867,0.006000041961669922,0.30193218804230426,46.98248661576036,3.671563270121426e-25,0.30193218804230426
0.009999990463256836,0.004000186920166016,0.00599980354309082,0.0,41.14415288100751,0.0,0.0
0.014999866485595703,0.006999969482421875,0.007999897003173828,0.0,44.638172088473524,0.0,0.0
0.013000011444091797,0.00599980354309082,0.0070002079010009766,0.0,42.6763880502132,0.0,0.0
0.007999897003173828,0.003999948501586914,0.003999948501586914,0.0,48.26313243631962,0.0,0.0
0.026000022888183594,0.008999824523925781,0.017000198364257812,1.5672644469516839,46.29586634426464,1.082133888409535e9,1.5672644469516839
0.019999980926513672,0.013000011444091797,0.006999969482421875,0.0,46.29586634426464,0.0,0.0
0.014000177383422852,0.00800013542175293,0.006000041961669922,0.0,45.32691435675595,0.0,0.0
0.019999980926513672,0.015000104904174805,0.004999876022338867,0.0,45.59424984479214,0.0,0.0
0.006999969482421875,0.003999948501586914,0.003000020980834961,1.5726493990827795,43.87265338381731,4.234126001119966e8,1.5726493990827795
0.007999897003173828,0.0029997825622558594,0.005000114440917969,0.0,38.216076442831096,0.0,0.0
0.01699995994567871,0.003999948501586914,0.013000011444091797,0.0,45.72650759430141,0.0,0.0
0.010999917984008789,0.003999948501586914,0.006999969482421875,0.0,44.638172088473524,0.0,0.0
0.01699995994567871,0.009000062942504883,0.007999897003173828,0.0,44.70453935841589,0.0,0.0
0.015000104904174805,0.010000228881835938,0.004999876022338867,0.0,44.62119248251817,0.0,0.0
0.012000083923339844,0.006000041961669922,0.006000041961669922,0.0,46.29586634426464,0.0,0.0
0.009000062942504883,0.005000114440917969,0.003999948501586914,0.0,41.14415288100751,0.0,0.0
0.009999990463256836,0.006000041961669922,0.003999948501586914,0.11615940677638603,44.87340812132934,1.1112297659430855e-42,0.11615940677638603
0.011999845504760742,0.006999969482421875,0.004999876022338867,1.4384685006382125,47.788940835378966,3.5147203920476176e7,1.4384685006382125
0.02200007438659668,0.013000011444091797,0.009000062942504883,0.0,43.81866535208365,0.0,0.0
0.037999868392944336,0.034999847412109375,0.003000020980834961,0.0,41.14415288100751,0.0,0.0
0.01699995994567871,0.011999845504760742,0.005000114440917969,0.0,44.85169469676369,0.0,0.0
0.012000083923339844,0.006000041961669922,0.006000041961669922,0.0,41.92924664237723,0.0,0.0
0.03299999237060547,0.010999917984008789,0.02200007438659668,1.5349724620060412,45.742784258967056,3.2565598863477343e8,1.5349724620060412
0.012000083923339844,0.00800013542175293,0.003999948501586914,0.0,40.63841224342425,0.0,0.0
0.013000011444091797,0.006999969482421875,0.006000041961669922,0.0,41.14415288100751,0.0,0.0
0.01900005340576172,0.01399993896484375,0.005000114440917969,0.0,41.12753538907157,0.0,0.0
0.00800013542175293,0.003999948501586914,0.004000186920166016,0.0,41.58253351509616,0.0,0.0
0.010999917984008789,0.005000114440917969,0.00599980354309082,0.0,41.14415288100751,0.0,0.0
0.0279998779296875,0.021999835968017578,0.006000041961669922,0.0,41.22677257277002,0.0,0.0
0.018000125885009766,0.012000083923339844,0.006000041961669922,0.0,47.6361829958186,0.0,0.0
0.01399993896484375,0.006000041961669922,0.007999897003173828,0.0,44.4967741600633,0.0,0.0
0.01399993896484375,0.007999897003173828,0.006000041961669922,0.11605942022692828,45.59424984479214,2.2636241748698964e-43,0.11605942022692828
0.016000032424926758,0.009000062942504883,0.006999969482421875,1.4389716150609178,41.14415288100751,3.1836476690797242e6,1.4389716150609178
0.032000064849853516,0.023000001907348633,0.009000062942504883,0.0,42.65768418591126,0.0,0.0
0.013000011444091797,0.0070002079010009766,0.00599980354309082,0.0,41.57069383488838,0.0,0.0
0.013000011444091797,0.006999969482421875,0.006000041961669922,0.0,48.4554910226881,0.0,0.0
0.009000062942504883,0.006000041961669922,0.003000020980834961,0.7258876771083389,41.58253351509616,1.63907244807682e-6,0.7258876771083389
0.009999990463256836,0.003000020980834961,0.006999969482421875,0.0,41.14415288100751,0.0,0.0
0.011999845504760742,0.003999948501586914,0.007999897003173828,0.0,41.47297267057745,0.0,0.0
0.03099989891052246,0.023000001907348633,0.007999897003173828,0.42516652732030646,42.217136896675036,2.0836618275367996e-16,0.42516652732030646
0.018000125885009766,0.00800013542175293,0.009999990463256836,0.8293431880088997,40.63841224342425,0.0004982992620628564,0.8293431880088997
0.01699995994567871,0.006999969482421875,0.009999990463256836,0.0,48.30903410562128,0.0,0.0
0.015999794006347656,0.010999917984008789,0.004999876022338867,0.0,42.34098006665903,0.0,0.0
0.026000022888183594,0.006999969482421875,0.01900005340576172,1.2913790036852557,48.30903410562128,231685.0418769034,1.2913790036852557
0.010999917984008789,0.006999969482421875,0.003999948501586914,0.41339773122474055,48.4554910226881,2.5758903535013204e-19,0.41339773122474055
0.018999814987182617,0.011999845504760742,0.006999969482421875,0.5689735718635602,41.011523650284566,9.035530114331634e-11,0.5689735718635602
0.021999835968017578,0.013000011444091797,0.008999824523925781,0.0,41.57069383488838,0.0,0.0
0.014999866485595703,0.003999948501586914,0.010999917984008789,0.0,41.57069383488838,0.0,0.0
0.029999971389770508,0.003999948501586914,0.026000022888183594,0.0,41.126256588396735,0.0,0.0
0.020999908447265625,0.009999990463256836,0.010999917984008789,2.1015288037880753,41.22805137344485,1.983827245771897e13,2.1015288037880753
0.01399993896484375,0.006000041961669922,0.007999897003173828,0.0,41.2247625437063,0.0,0.0
0.012000083923339844,0.006000041961669922,0.006000041961669922,0.0,41.14616291007122,0.0,0.0
0.009999990463256836,0.005000114440917969,0.004999876022338867,0.0,48.4554910226881,0.0,0.0
0.016000032424926758,0.00800013542175293,0.007999897003173828,0.0,41.57069383488838,0.0,0.0
0.031999826431274414,0.02499985694885254,0.006999969482421875,0.0,36.261728648675714,0.0,0.0
0.019999980926513672,0.010999917984008789,0.009000062942504883,0.0,41.13060164599936,0.0,0.0
0.01100015640258789,0.006999969482421875,0.004000186920166016,0.23602022691397995,41.126256588396735,1.6283541841202364e-26,0.23602022691397995
0.009000062942504883,0.005000114440917969,0.003999948501586914,0.0,43.06659902293522,0.0,0.0
0.009999990463256836,0.006999969482421875,0.003000020980834961,0.0,38.612803513635306,0.0,0.0
0.017999887466430664,0.003999948501586914,0.01399993896484375,0.0,39.20457574472102,0.0,0.0
0.02200007438659668,0.009000062942504883,0.013000011444091797,0.0,41.57069383488838,0.0,0.0
0.012000083923339844,0.00800013542175293,0.003999948501586914,3.2971025441090362,41.2247625437063,2.2902737825037057e21,3.2971025441090362
0.013000011444091797,0.006000041961669922,0.006999969482421875,0.0,39.756569320845614,0.0,0.0
0.013000011444091797,0.006999969482421875,0.006000041961669922,0.0,45.8329911778482,0.0,0.0
0.011999845504760742,0.00599980354309082,0.006000041961669922,0.0,39.59432935645906,0.0,0.0
0.01900005340576172,0.00800013542175293,0.010999917984008789,2.606176962304345,36.261728648675714,1.2162436653982352e15,2.606176962304345
0.03099989891052246,0.021999835968017578,0.009000062942504883,0.0,41.79408662588767,0.0,0.0
0.015000104904174805,0.006000041961669922,0.009000062942504883,0.0,42.25760152251304,0.0,0.0
0.012000083923339844,0.00800013542175293,0.003999948501586914,0.0,42.34098006665903,0.0,0.0
0.00800013542175293,0.003999948501586914,0.004000186920166016,0.0,41.57069383488838,0.0,0.0
0.01399993896484375,0.00599980354309082,0.00800013542175293,0.0,41.57069383488838,0.0,0.0
0.023999929428100586,0.006000041961669922,0.017999887466430664,0.0,37.12028656679141,0.0,0.0
0.0409998893737793,0.029999971389770508,0.010999917984008789,0.0,45.8329911778482,0.0,0.0
0.015000104904174805,0.009999990463256836,0.005000114440917969,0.0,40.58849832398409,0.0,0.0
0.023000001907348633,0.012000083923339844,0.010999917984008789,0.0,41.57069383488838,0.0,0.0
0.019999980926513672,0.003999948501586914,0.016000032424926758,0.0,38.024123445530776,0.0,0.0
0.029999971389770508,0.012000083923339844,0.017999887466430664,0.0,37.57572800739594,0.0,0.0
0.011999845504760742,0.007999897003173828,0.003999948501586914,0.1570280293168147,38.7280155013804,7.27430955338454e-32,0.1570280293168147
0.007999897003173828,0.003999948501586914,0.003999948501586914,0.0,42.666376755008265,0.0,0.0
0.006999969482421875,0.003999948501586914,0.003000020980834961,0.672867569746709,48.42455359654965,4.65122717093285e-9,0.672867569746709
0.018000125885009766,0.005000114440917969,0.011999845504760742,0.0,39.588688922050636,0.0,0.0
0.02200007438659668,0.006000041961669922,0.016000032424926758,0.0,37.683586181085275,0.0,0.0
0.014000177383422852,0.009000062942504883,0.005000114440917969,0.21284009222500178,42.84695956588622,1.618575067349479e-29,0.21284009222500178
0.013000011444091797,0.006000041961669922,0.006999969482421875,0.0,38.56643156382135,0.0,0.0
0.012000083923339844,0.006000041961669922,0.006000041961669922,0.0,38.024123445530776,0.0,0.0
0.009000062942504883,0.003999948501586914,0.005000114440917969,0.46245969338956083,40.58386971272332,2.555066824107719e-14,0.46245969338956083
0.009000062942504883,0.005000114440917969,0.003999948501586914,0.0,45.8329911778482,0.0,0.0
0.031000137329101562,0.00800013542175293,0.023000001907348633,0.0,45.91045196305328,0.0,0.0
0.029999971389770508,0.007999897003173828,0.02200007438659668,0.0,47.28507308620027,0.0,0.0
0.012000083923339844,0.007999897003173828,0.004000186920166016,0.0,39.588688922050636,0.0,0.0
0.01399993896484375,0.004999876022338867,0.009000062942504883,0.0,36.691095128387815,0.0,0.0
0.0070002079010009766,0.004000186920166016,0.003000020980834961,0.0,38.024123445530776,0.0,0.0
0.02500009536743164,0.004999876022338867,0.020000219345092773,2.9464635601211375,37.683586181085275,4.841138216665284e17,2.9464635601211375
0.023999929428100586,0.01399993896484375,0.009999990463256836,0.0,41.57069383488838,0.0,0.0
0.018000125885009766,0.012000083923339844,0.006000041961669922,0.0,41.57069383488838,0.0,0.0
0.010999917984008789,0.006000041961669922,0.004999876022338867,1.1895294751586727,42.68503059062882,1649.654710767389,1.1895294751586727
0.012000083923339844,0.006999969482421875,0.005000114440917969,0.0,39.720279873764326,0.0,0.0
0.08000016212463379,0.07400012016296387,0.006000041961669922,0.0,39.237679900171564,0.0,0.0
0.013000011444091797,0.007999897003173828,0.005000114440917969,0.0,34.29331375693388,0.0,0.0
0.01399993896484375,0.006999969482421875,0.006999969482421875,0.5994688035688478,37.83257172337549,3.911456223945641e-9,0.5994688035688478
0.03399991989135742,0.01699995994567871,0.01699995994567871,0.19629016309199,37.683586181085275,2.2588169466983687e-27,0.19629016309199
0.016000032424926758,0.009000062942504883,0.006999969482421875,0.0,36.69600449470542,0.0,0.0
0.018999814987182617,0.013000011444091797,0.00599980354309082,0.0,39.249653584627374,0.0,0.0
0.013000011444091797,0.006000041961669922,0.006999969482421875,0.0,36.691095128387815,0.0,0.0
0.019999980926513672,0.006000041961669922,0.01399993896484375,1.3417963964777835,38.024123445530776,71642.68386370073,1.3417963964777835
0.0279998779296875,0.015999794006347656,0.012000083923339844,0.0,45.94971166942127,0.0,0.0
0.018000125885009766,0.005000114440917969,0.013000011444091797,0.0,39.07498671357213,0.0,0.0
0.013000011444091797,0.009000062942504883,0.003999948501586914,0.0,45.94971166942127,0.0,0.0
0.009999990463256836,0.004000186920166016,0.00599980354309082,0.0,36.69600449470542,0.0,0.0
0.007999897003173828,0.003000020980834961,0.004999876022338867,0.0,39.588688922050636,0.0,0.0
0.026000022888183594,0.009999990463256836,0.016000032424926758,0.0,39.249653584627374,0.0,0.0
0.01699995994567871,0.006000041961669922,0.010999917984008789,1.2681070326572308,36.691095128387815,6094.012571875465,1.2681070326572308
0.034999847412109375,0.029000043869018555,0.00599980354309082,0.0,40.85591810031834,0.0,0.0
0.006000041961669922,0.003000020980834961,0.003000020980834961,0.1885506080884891,35.077934914525265,3.832731060864593e-26,0.1885506080884891
0.013000011444091797,0.006000041961669922,0.006999969482421875,0.0,35.33027643545727,0.0,0.0
0.016000032424926758,0.007999897003173828,0.00800013542175293,0.0,39.249653584627374,0.0,0.0
0.029999971389770508,0.02499985694885254,0.005000114440917969,0.0,38.024123445530776,0.0,0.0
0.014999866485595703,0.006000041961669922,0.008999824523925781,0.0,40.75662306349648,0.0,0.0
0.009999990463256836,0.004999876022338867,0.005000114440917969,0.0,38.56266531252536,0.0,0.0
0.00800013542175293,0.004000186920166016,0.003999948501586914,0.93213665219948,42.857506307333786,0.04920068207205022,0.93213665219948
0.026000022888183594,0.003000020980834961,0.023000001907348633,0.7320457127377367,45.94971166942127,5.964436470671506e-7,0.7320457127377367
0.03900003433227539,0.007999897003173828,0.031000137329101562,1.0734898858970232,46.960096292104694,27.943128391066328,1.0734898858970232
0.01699995994567871,0.00800013542175293,0.008999824523925781,0.0,41.332348926707134,0.0,0.0
0.015999794006347656,0.011999845504760742,0.003999948501586914,0.0,35.23567031769715,0.0,0.0
0.007999897003173828,0.004999876022338867,0.003000020980834961,0.0,39.332286017931686,0.0,0.0
0.023999929428100586,0.004999876022338867,0.01900005340576172,0.0,39.237679900171564,0.0,0.0
0.013000011444091797,0.006999969482421875,0.006000041961669922,0.0,41.80626732338218,0.0,0.0
0.014999866485595703,0.007999897003173828,0.006999969482421875,0.0,38.56274719551462,0.0,0.0
0.015000104904174805,0.009000062942504883,0.006000041961669922,0.0,36.69600449470542,0.0,0.0
0.012000083923339844,0.006999969482421875,0.005000114440917969,0.0,45.94971166942127,0.0,0.0
0.012000083923339844,0.006999969482421875,0.005000114440917969,0.0,41.332348926707134,0.0,0.0
0.00800013542175293,0.003000020980834961,0.005000114440917969,0.0,42.1800068549451,0.0,0.0
0.021000146865844727,0.006999969482421875,0.014000177383422852,0.0,38.56266531252536,0.0,0.0
0.01900005340576172,0.009999990463256836,0.009000062942504883,0.2311124766869277,38.14287149774773,5.4249704613804625e-25,0.2311124766869277
0.029999971389770508,0.023000001907348633,0.006999969482421875,0.0,35.20585568221584,0.0,0.0
0.009000062942504883,0.003000020980834961,0.006000041961669922,0.0,36.69600449470542,0.0,0.0
0.010999917984008789,0.006999969482421875,0.003999948501586914,0.28312700209695896,41.80626732338218,1.2285231067784787e-23,0.28312700209695896
0.015000104904174805,0.006000041961669922,0.009000062942504883,0.0,42.1800068549451,0.0,0.0
0.02500009536743164,0.015000104904174805,0.009999990463256836,0.0,40.083970453954606,0.0,0.0
0.018000125885009766,0.006000041961669922,0.012000083923339844,0.0,43.837597007663305,0.0,0.0
0.01399993896484375,0.006000041961669922,0.007999897003173828,0.4237770748954728,38.56266531252536,4.182410167755928e-15,0.4237770748954728
0.009999990463256836,0.003999948501586914,0.006000041961669922,0.0,38.56274719551462,0.0,0.0
0.00800013542175293,0.003000020980834961,0.005000114440917969,3.3300062361010885,36.69600449470542,1.4847241955116161e19,3.3300062361010885
0.0280001163482666,0.00800013542175293,0.019999980926513672,0.24915396347154894,40.56619812264792,3.2884648901368566e-25,0.24915396347154894
0.021000146865844727,0.009999990463256836,0.01100015640258789,0.0,30.640996617859248,0.0,0.0
0.017999887466430664,0.009999990463256836,0.007999897003173828,0.0,46.727117437167834,0.0,0.0
0.01399993896484375,0.008999824523925781,0.005000114440917969,0.0,39.53437972014622,0.0,0.0
0.01900005340576172,0.006000041961669922,0.013000011444091797,0.0,42.1800068549451,0.0,0.0
0.031000137329101562,0.023999929428100586,0.0070002079010009766,2.680925108643135,45.94971166942127,4.781428421296279e19,2.680925108643135
0.029000043869018555,0.023999929428100586,0.005000114440917969,0.0,40.083970453954606,0.0,0.0
0.016000032424926758,0.007999897003173828,0.00800013542175293,0.0,45.55788231466712,0.0,0.0
0.013000011444091797,0.007999897003173828,0.003999948501586914,0.0,36.69600449470542,0.0,0.0
0.01399993896484375,0.006999969482421875,0.006999969482421875,0.0,47.47029656225449,0.0,0.0
0.029999971389770508,0.01900005340576172,0.010999917984008789,0.0,46.727117437167834,0.0,0.0
0.011999845504760742,0.00599980354309082,0.005000114440917969,0.0,40.083970453954606,0.0,0.0
0.01900005340576172,0.006999969482421875,0.012000083923339844,0.0,42.1800068549451,0.0,0.0
0.015999794006347656,0.010999917984008789,0.004999876022338867,0.0,33.34154563955964,0.0,0.0
0.01699995994567871,0.006000041961669922,0.009999990463256836,0.0,44.87772864497829,0.0,0.0
0.016000032424926758,0.00800013542175293,0.007999897003173828,0.8784073826168082,36.69600449470542,0.008587511371628304,0.8784073826168082
0.018000125885009766,0.00800013542175293,0.009999990463256836,0.0,36.7488156912496,0.0,0.0
0.016000032424926758,0.006999969482421875,0.009000062942504883,0.0,47.507919383390806,0.0,0.0
0.012000083923339844,0.00800013542175293,0.003999948501586914,0.09021056555523987,47.4913419187061,2.419759644799842e-50,0.09021056555523987
0.009999990463256836,0.003999948501586914,0.006000041961669922,0.5429933240671803,33.34154563955964,1.4376010723089292e-9,0.5429933240671803
0.01699995994567871,0.003999948501586914,0.013000011444091797,0.0,45.698674698486066,0.0,0.0
0.031000137329101562,0.015000104904174805,0.016000032424926758,0.21474790121379872,36.72560915171268,2.915297808159067e-25,0.21474790121379872
0.01399993896484375,0.006000041961669922,0.007999897003173828,0.0,36.7488156912496,0.0,0.0
0.011999845504760742,0.006999969482421875,0.004999876022338867,0.0,42.1800068549451,0.0,0.0
0.014999866485595703,0.008999824523925781,0.006000041961669922,0.94869911345693,42.1800068549451,0.1084625351878073,0.94869911345693
0.016000032424926758,0.01100015640258789,0.004999876022338867,0.0,47.756499958842866,0.0,0.0
0.009999990463256836,0.003999948501586914,0.006000041961669922,0.0,43.79050081206882,0.0,0.0
0.010999917984008789,0.006000041961669922,0.004999876022338867,0.0,33.34154563955964,0.0,0.0
0.01100015640258789,0.006000041961669922,0.005000114440917969,3.779050714755774,43.79050081206882,1.9225536891995296e25,3.779050714755774
0.010999917984008789,0.006000041961669922,0.004999876022338867,0.0,36.7488156912496,0.0,0.0
0.009999990463256836,0.004999876022338867,0.004000186920166016,0.0,45.98159778115733,0.0,0.0
0.011999845504760742,0.004999876022338867,0.006999969482421875,0.0,33.34154563955964,0.0,0.0
0.013000011444091797,0.006000041961669922,0.006999969482421875,0.0,42.1800068549451,0.0,0.0
0.009999990463256836,0.005000114440917969,0.004999876022338867,0.0,43.79050081206882,0.0,0.0
0.012000083923339844,0.006000041961669922,0.006000041961669922,0.0,36.7488156912496,0.0,0.0
0.019999980926513672,0.015000104904174805,0.004999876022338867,0.0,40.959021092845944,0.0,0.0
0.01699995994567871,0.010999917984008789,0.006000041961669922,0.0,43.79050081206882,0.0,0.0
0.009000062942504883,0.003999948501586914,0.005000114440917969,0.0,41.48159864801492,0.0,0.0
0.010999917984008789,0.006000041961669922,0.004999876022338867,1.3893983079465277,36.7488156912496,177302.34773667456,1.3893983079465277
0.01699995994567871,0.007999897003173828,0.009000062942504883,0.0,43.59881168443656,0.0,0.0
0.03500008583068848,0.023000001907348633,0.012000083923339844,1.9493226304826572,43.79050081206882,4.944854108552316e12,1.9493226304826572
0.029999971389770508,0.020999908447265625,0.009000062942504883,0.0,43.06653011277858,0.0,0.0
0.017999887466430664,0.009000062942504883,0.008999824523925781,0.0,40.959021092845944,0.0,0.0
0.03500008583068848,0.013000011444091797,0.02200007438659668,0.0,33.34154563955964,0.0,0.0
0.032000064849853516,0.015000104904174805,0.01699995994567871,1.0498469069832606,43.40800350928075,8.26107020920966,1.0498469069832606
0.01699995994567871,0.009999990463256836,0.006999969482421875,0.0,46.290205246222605,0.0,0.0
0.042999982833862305,0.010999917984008789,0.032000064849853516,0.0,40.409872187677315,0.0,0.0
0.0280001163482666,0.0070002079010009766,0.020999908447265625,0.49216586890429737,37.86427031442065,2.197993126797676e-12,0.49216586890429737
0.019999980926513672,0.01100015640258789,0.008999824523925781,0.0,41.40866703527123,0.0,0.0
0.016000032424926758,0.009000062942504883,0.006999969482421875,0.0,40.51109394636679,0.0,0.0
0.009000062942504883,0.003999948501586914,0.005000114440917969,0.0,43.59881168443656,0.0,0.0
0.029000043869018555,0.02200007438659668,0.006999969482421875,0.0,49.23749542408081,0.0,0.0
0.029999971389770508,0.009000062942504883,0.020999908447265625,0.0,48.286868665183704,0.0,0.0
0.013000011444091797,0.00599980354309082,0.0070002079010009766,0.0,41.344251854867615,0.0,0.0
0.009000062942504883,0.003999948501586914,0.005000114440917969,0.0,34.83281013270747,0.0,0.0
0.01100015640258789,0.005000114440917969,0.006000041961669922,0.0,43.29964211076067,0.0,0.0
0.0560002326965332,0.017000198364257812,0.03900003433227539,2.3882586604775025,47.25946819502106,7.377752281104934e17,2.3882586604775025
0.02499985694885254,0.007999897003173828,0.01699995994567871,0.0,41.344251854867615,0.0,0.0
0.013000011444091797,0.006999969482421875,0.006000041961669922,0.0,41.90424655373924,0.0,0.0
0.016000032424926758,0.004999876022338867,0.01100015640258789,0.0,34.83281013270747,0.0,0.0
0.0280001163482666,0.009999990463256836,0.018000125885009766,0.0,47.65855693851348,0.0,0.0
0.026999950408935547,0.01699995994567871,0.009999990463256836,0.0,48.276499600596935,0.0,0.0
0.009000062942504883,0.004999876022338867,0.004000186920166016,0.0,40.523260590951935,0.0,0.0
0.013000011444091797,0.007999897003173828,0.005000114440917969,4.6389428201949245,41.39018081500594,3.830043551232603e27,4.6389428201949245
0.009000062942504883,0.003999948501586914,0.005000114440917969,0.7206846474232531,43.29964211076067,6.925021457122523e-7,0.7206846474232531
0.03399991989135742,0.015000104904174805,0.018999814987182617,0.0,44.90443504670557,0.0,0.0
0.01399993896484375,0.006000041961669922,0.007999897003173828,0.0,36.09788858625591,0.0,0.0
0.017999887466430664,0.006999969482421875,0.010999917984008789,0.028728611996162723,38.01035863970477,2.5118095257432863e-59,0.028728611996162723
0.009000062942504883,0.004000186920166016,0.004999876022338867,1.577597523720784,40.33713045789447,9.696147002764854e7,1.577597523720784
0.009999990463256836,0.006000041961669922,0.003999948501586914,0.0,40.51109394636679,0.0,0.0
0.024000167846679688,0.015000104904174805,0.009000062942504883,0.0,47.65855693851348,0.0,0.0
0.03099989891052246,0.023999929428100586,0.006999969482421875,0.0,41.40866703527123,0.0,0.0
0.019999980926513672,0.006000041961669922,0.01399993896484375,0.0,40.9797425096224,0.0,0.0
0.009999990463256836,0.005000114440917969,0.004999876022338867,0.0,44.90443504670557,0.0,0.0
0.00800013542175293,0.004000186920166016,0.003999948501586914,0.0,40.61041647934973,0.0,0.0
0.01100015640258789,0.006000041961669922,0.005000114440917969,0.0,41.90424655373924,0.0,0.0
0.01399993896484375,0.006999969482421875,0.006999969482421875,0.0,41.344251854867615,0.0,0.0
0.01399993896484375,0.009000062942504883,0.004999876022338867,0.8425391887657607,46.051464229822024,0.0003743825709913118,0.8425391887657607
0.024000167846679688,0.009000062942504883,0.015000104904174805,0.0,34.72761795719386,0.0,0.0
0.013000011444091797,0.007999897003173828,0.005000114440917969,0.0,40.5036350359521,0.0,0.0
0.009999990463256836,0.005000114440917969,0.004999876022338867,0.0,35.68400262698601,0.0,0.0
0.016000032424926758,0.006000041961669922,0.009999990463256836,0.0,40.94712849113205,0.0,0.0
0.017000198364257812,0.00800013542175293,0.009000062942504883,0.0,42.66955531881877,0.0,0.0
0.03399991989135742,0.004999876022338867,0.029000043869018555,0.4274483798216866,34.9360516310146,1.2721344749209748e-13,0.4274483798216866
0.01399993896484375,0.006999969482421875,0.006999969482421875,0.0,47.06636089041942,0.0,0.0
0.01100015640258789,0.006999969482421875,0.004000186920166016,0.0,36.09788858625591,0.0,0.0
0.019999980926513672,0.007999897003173828,0.012000083923339844,0.0,40.12428290976854,0.0,0.0
0.026000022888183594,0.01900005340576172,0.006999969482421875,0.0,42.39894094280346,0.0,0.0
0.02500009536743164,0.006000041961669922,0.01900005340576172,0.0,38.29951800471959,0.0,0.0
0.01399993896484375,0.00800013542175293,0.00599980354309082,0.7127778561046383,34.72761795719386,7.824373986589428e-6,0.7127778561046383
0.013000011444091797,0.00599980354309082,0.0070002079010009766,0.1976630549474856,41.47968297366212,6.2404094343057605e-30,0.1976630549474856
0.016000032424926758,0.007999897003173828,0.00800013542175293,0.0,34.72761795719386,0.0,0.0
0.02500009536743164,0.012000083923339844,0.013000011444091797,0.0,40.94712849113205,0.0,0.0
0.016000032424926758,0.006000041961669922,0.009999990463256836,0.0,42.662652194744815,0.0,0.0
0.023999929428100586,0.013000011444091797,0.009999990463256836,0.0,41.344251854867615,0.0,0.0
0.009999990463256836,0.006999969482421875,0.003000020980834961,0.0,36.39819124467666,0.0,0.0
0.023000001907348633,0.006999969482421875,0.016000032424926758,0.0,41.283056701674354,0.0,0.0
0.021000146865844727,0.015000104904174805,0.006000041961669922,0.0,34.72761795719386,0.0,0.0
0.026999950408935547,0.013000011444091797,0.01399993896484375,1.3963827823777808,40.94712849113205,865998.7986106952,1.3963827823777808
0.01699995994567871,0.009999990463256836,0.006999969482421875,0.0,36.09788858625591,0.0,0.0
0.032000064849853516,0.009999990463256836,0.02200007438659668,0.0,42.14751696824673,0.0,0.0
0.018999814987182617,0.006999969482421875,0.011999845504760742,0.0,41.344251854867615,0.0,0.0
0.019999980926513672,0.011999845504760742,0.00800013542175293,0.0,41.489112844221346,0.0,0.0
0.009000062942504883,0.004999876022338867,0.004000186920166016,0.7588245584606157,41.35216443686394,1.1055707716448431e-5,0.7588245584606157
0.012000083923339844,0.006000041961669922,0.006000041961669922,0.0,36.903112509495855,0.0,0.0
0.01900005340576172,0.007999897003173828,0.01100015640258789,0.0,40.999200518243214,0.0,0.0
0.0280001163482666,0.01900005340576172,0.009000062942504883,0.0,42.064037557494935,0.0,0.0
0.03299999237060547,0.02500009536743164,0.007999897003173828,0.0,37.05626625655714,0.0,0.0
0.013000011444091797,0.009000062942504883,0.003999948501586914,1.6764190304638715,38.18279479057872,3.6944865697698104e8,1.6764190304638715
0.018999814987182617,0.004999876022338867,0.01399993896484375,0.32184125825029275,37.213032034436544,4.762724487345913e-19,0.32184125825029275
0.03099989891052246,0.009999990463256836,0.020999908447265625,0.0,39.173894433014866,0.0,0.0
0.01399993896484375,0.009999990463256836,0.003999948501586914,0.0,40.13381153267551,0.0,0.0
0.01699995994567871,0.007999897003173828,0.009000062942504883,0.0,39.479660739317694,0.0,0.0
0.007999897003173828,0.005000114440917969,0.0029997825622558594,0.0,39.390504440668316,0.0,0.0
0.0279998779296875,0.010999917984008789,0.01699995994567871,2.069364019944009,38.34342899380106,1.289049243981032e12,2.069364019944009
0.013000011444091797,0.006999969482421875,0.006000041961669922,0.0,42.127862153364674,0.0,0.0
0.01900005340576172,0.011999845504760742,0.0070002079010009766,0.9233517928310242,36.83499859999233,0.05300303540573265,0.9233517928310242
0.014999866485595703,0.004999876022338867,0.009999990463256836,0.0,39.496318397650995,0.0,0.0
0.013000011444091797,0.007999897003173828,0.005000114440917969,0.0,41.485204343403126,0.0,0.0
0.009999990463256836,0.006000041961669922,0.003999948501586914,2.0218803533166696,37.16197825946902,2.3039734408147876e11,2.0218803533166696
0.017999887466430664,0.009999990463256836,0.007999897003173828,0.0,40.08416138472438,0.0,0.0
0.023999929428100586,0.01699995994567871,0.006999969482421875,3.3575739481170586,36.54263956528702,1.668642913166132e19,3.3575739481170586
0.015000104904174805,0.006999969482421875,0.00800013542175293,0.0,36.903112509495855,0.0,0.0
0.01399993896484375,0.009999990463256836,0.003999948501586914,1.7417026072012232,42.064037557494935,1.3687983351282475e10,1.7417026072012232
0.007999897003173828,0.003999948501586914,0.003999948501586914,0.0,36.903112509495855,0.0,0.0
0.010999917984008789,0.004999876022338867,0.006000041961669922,0.0,41.485204343403126,0.0,0.0
0.01399993896484375,0.005000114440917969,0.008999824523925781,0.0,39.4781120971947,0.0,0.0
0.016000032424926758,0.006999969482421875,0.009000062942504883,0.0,37.673420254853355,0.0,0.0
0.025999784469604492,0.018999814987182617,0.006999969482421875,0.0,40.41328717176141,0.0,0.0
0.016000032424926758,0.007999897003173828,0.00800013542175293,0.0,39.00682201915742,0.0,0.0
0.01699995994567871,0.012000083923339844,0.003999948501586914,0.06681420579361497,40.08416138472438,7.867771676398574e-48,0.06681420579361497
0.013000011444091797,0.006999969482421875,0.006000041961669922,0.0,43.56983445885871,0.0,0.0
0.046000003814697266,0.03699994087219238,0.009000062942504883,0.0,42.88888417776079,0.0,0.0
0.019999980926513672,0.009000062942504883,0.010999917984008789,0.0,39.4781120971947,0.0,0.0
0.01699995994567871,0.006999969482421875,0.009999990463256836,0.6176412734358716,40.90214814593936,2.7584526810881508e-9,0.6176412734358716
0.023000001907348633,0.006999969482421875,0.016000032424926758,0.0,42.25214303559448,0.0,0.0
0.0279998779296875,0.013000011444091797,0.014999866485595703,0.0,39.00682201915742,0.0,0.0
0.014999866485595703,0.007999897003173828,0.006999969482421875,0.0,37.673420254853355,0.0,0.0
0.015999794006347656,0.008999824523925781,0.006999969482421875,0.2647007275189406,43.56983445885871,7.071911013196548e-26,0.2647007275189406
0.009999990463256836,0.005000114440917969,0.004999876022338867,0.10694165920374754,37.673420254853355,2.6585438793550632e-37,0.10694165920374754
0.02500009536743164,0.009000062942504883,0.016000032424926758,0.18902470840030494,38.42157075072936,1.5948039787584858e-28,0.18902470840030494
0.03299999237060547,0.013000011444091797,0.019999980926513672,0.0,41.485204343403126,0.0,0.0
0.012000083923339844,0.006999969482421875,0.005000114440917969,0.03332049765342182,40.99445705530673,2.7501676721351245e-61,0.03332049765342182
0.01699995994567871,0.010999917984008789,0.006000041961669922,0.0,45.70732643718871,0.0,0.0
0.007999897003173828,0.003999948501586914,0.003999948501586914,0.0,39.00682201915742,0.0,0.0
0.019999980926513672,0.006999969482421875,0.013000011444091797,0.0,39.00682201915742,0.0,0.0
0.020999908447265625,0.012000083923339844,0.008999824523925781,0.4905990321221476,42.88888417776079,5.4401728991808347e-14,0.4905990321221476
0.017999887466430664,0.00599980354309082,0.012000083923339844,0.0,42.25214303559448,0.0,0.0
0.01100015640258789,0.006000041961669922,0.005000114440917969,0.0,41.485204343403126,0.0,0.0
0.023000001907348633,0.006000041961669922,0.01699995994567871,0.0,39.4781120971947,0.0,0.0
0.0410001277923584,0.009999990463256836,0.031000137329101562,0.0,38.066394675643494,0.0,0.0
0.010999917984008789,0.006000041961669922,0.004999876022338867,0.0,39.7358599341475,0.0,0.0
0.021000146865844727,0.014000177383422852,0.006999969482421875,0.0,39.74096628827093,0.0,0.0
0.009000062942504883,0.003999948501586914,0.005000114440917969,0.0,39.47300574307126,0.0,0.0
0.02200007438659668,0.013000011444091797,0.009000062942504883,0.0,39.7358599341475,0.0,0.0
0.042999982833862305,0.0280001163482666,0.014999866485595703,0.0,42.02165143752425,0.0,0.0
0.023000001907348633,0.01100015640258789,0.011999845504760742,0.0,41.13223233921226,0.0,0.0
0.01399993896484375,0.009000062942504883,0.004999876022338867,0.0,36.38464854020347,0.0,0.0
0.01399993896484375,0.003999948501586914,0.009999990463256836,0.16568102124250084,41.49113357583447,4.0433554053578675e-33,0.16568102124250084
0.03400015830993652,0.01900005340576172,0.015000104904174805,0.0,42.882954945329445,0.0,0.0
0.029999971389770508,0.012000083923339844,0.017999887466430664,0.0,40.408973833377544,0.0,0.0
0.015999794006347656,0.007999897003173828,0.007999897003173828,0.34456801950665694,39.00682201915742,8.92415246709327e-19,0.34456801950665694
0.01100015640258789,0.005000114440917969,0.006000041961669922,0.0,42.65586609215476,0.0,0.0
0.03399991989135742,0.010999917984008789,0.023000001907348633,0.0,39.47300574307126,0.0,0.0
0.010999917984008789,0.006999969482421875,0.003999948501586914,0.0,45.550334149782806,0.0,0.0
0.012000083923339844,0.006000041961669922,0.006000041961669922,0.3781946849959139,41.13223233921226,4.270636319388586e-18,0.3781946849959139
0.01399993896484375,0.009999990463256836,0.003999948501586914,0.0,42.61981397088567,0.0,0.0
0.009000062942504883,0.005000114440917969,0.003999948501586914,0.18164362986895055,35.389525265280824,6.083500692513306e-27,0.18164362986895055
0.024000167846679688,0.004000186920166016,0.019999980926513672,0.9974229654176625,41.4007559963363,0.8986794328659389,0.9974229654176625
0.026999950408935547,0.012000083923339844,0.014999866485595703,0.0,36.814874278756584,0.0,0.0
0.023999929428100586,0.011999845504760742,0.012000083923339844,0.0,42.47719605201715,0.0,0.0
0.013000011444091797,0.0070002079010009766,0.00599980354309082,0.0,37.486015735913234,0.0,0.0
0.010999917984008789,0.00599980354309082,0.005000114440917969,0.7531855946684907,45.45552273187523,2.538144231250602e-6,0.7531855946684907
0.020999908447265625,0.01399993896484375,0.006999969482421875,0.0,42.57200746992472,0.0,0.0
0.029999971389770508,0.01699995994567871,0.013000011444091797,0.0,35.11841499526643,0.0,0.0
0.021000146865844727,0.009000062942504883,0.012000083923339844,1.9399835743111193,37.250551098295645,5.255766617656819e10,1.9399835743111193
0.009999990463256836,0.006000041961669922,0.003999948501586914,0.4164383403822147,45.550334149782806,4.6817430897424e-18,0.4164383403822147
0.013000011444091797,0.006000041961669922,0.006999969482421875,0.4405206290097108,42.08815398029817,1.0356111939347475e-15,0.4405206290097108
0.03600001335144043,0.016000032424926758,0.019999980926513672,0.0,43.605983450702965,0.0,0.0
0.016000032424926758,0.006999969482421875,0.009000062942504883,0.0,42.46227282011802,0.0,0.0
0.023999929428100586,0.006000041961669922,0.017999887466430664,0.0,45.06592257014532,0.0,0.0
0.016000032424926758,0.009000062942504883,0.006999969482421875,0.0,38.635503755863404,0.0,0.0
0.023999929428100586,0.006999969482421875,0.01699995994567871,0.0,44.37989161646556,0.0,0.0
0.024000167846679688,0.014000177383422852,0.009999990463256836,0.0,37.286399153606894,0.0,0.0
0.026999950408935547,0.018000125885009766,0.008999824523925781,1.0622931543172953,45.26327666149596,15.41369491827203,1.0622931543172953
0.013000011444091797,0.004999876022338867,0.00800013542175293,0.07005386337007868,45.550334149782806,2.564755361919953e-53,0.07005386337007868
0.017999887466430664,0.007999897003173828,0.009999990463256836,0.0,42.57085588565129,0.0,0.0
0.03299999237060547,0.023000001907348633,0.009999990463256836,0.0,41.61957995732785,0.0,0.0
0.020999908447265625,0.010999917984008789,0.009999990463256836,0.45333717129638407,38.635503755863404,5.3169799270978966e-14,0.45333717129638407
0.01399993896484375,0.006999969482421875,0.006999969482421875,0.0,35.19307815846235,0.0,0.0
0.01399993896484375,0.00599980354309082,0.00800013542175293,0.0,42.51219788391702,0.0,0.0
0.018000125885009766,0.009999990463256836,0.00800013542175293,0.0,44.65423275702063,0.0,0.0
0.026999950408935547,0.007999897003173828,0.01900005340576172,0.0,48.602513928451586,0.0,0.0
0.015000104904174805,0.00800013542175293,0.006999969482421875,0.0,35.11841499526643,0.0,0.0
0.01100015640258789,0.006999969482421875,0.004000186920166016,0.0,39.728522868160894,0.0,0.0
0.01399993896484375,0.009999990463256836,0.003999948501586914,0.2743897097507375,32.87330028321194,3.4458526923049765e-19,0.2743897097507375
0.013000011444091797,0.004999876022338867,0.00800013542175293,0.0,44.37989161646556,0.0,0.0
0.017999887466430664,0.010999917984008789,0.006999969482421875,1.939536906330288,41.61957995732785,9.416118391924252e11,1.939536906330288
0.029000043869018555,0.011999845504760742,0.017000198364257812,1.1521150441485317,42.57085588565129,414.8879930121186,1.1521150441485317
0.012000083923339844,0.006000041961669922,0.006000041961669922,0.015106314292114842,45.58256194463553,1.0031832423539854e-83,0.015106314292114842
0.019999980926513672,0.009999990463256836,0.009999990463256836,0.0,41.61957995732785,0.0,0.0
0.011999845504760742,0.006999969482421875,0.004999876022338867,0.017520415417693336,35.25492962834983,1.1920141249385214e-62,0.017520415417693336
0.012000083923339844,0.005000114440917969,0.006999969482421875,0.0,36.87638415405041,0.0,0.0
0.03500008583068848,0.026999950408935547,0.00800013542175293,0.0,39.728522868160894,0.0,0.0
0.029999971389770508,0.009000062942504883,0.020999908447265625,0.5844346072853424,48.31520527997926,5.367824652195225e-12,0.5844346072853424
0.009000062942504883,0.005000114440917969,0.003999948501586914,0.12965186224416447,37.286399153606894,8.293057458468075e-34,0.12965186224416447
0.01399993896484375,0.006999969482421875,0.006999969482421875,0.0,44.37989161646556,0.0,0.0
0.017999887466430664,0.010999917984008789,0.006999969482421875,0.0,35.74917310425928,0.0,0.0
0.0280001163482666,0.00800013542175293,0.019999980926513672,0.0,43.180223100235295,0.0,0.0
0.015000104904174805,0.006999969482421875,0.00800013542175293,0.0,36.89571467328994,0.0,0.0
0.020999908447265625,0.01399993896484375,0.006999969482421875,0.0,44.37989161646556,0.0,0.0
0.015000104904174805,0.00800013542175293,0.006999969482421875,0.0,43.26599615910642,0.0,0.0
0.04200005531311035,0.018000125885009766,0.023999929428100586,0.0,36.89571467328994,0.0,0.0
0.013000011444091797,0.006999969482421875,0.006000041961669922,0.0,42.56595204210701,0.0,0.0
0.014999866485595703,0.006999969482421875,0.007999897003173828,1.7211791330384063,42.37649671514021,9.851055693806013e9,1.7211791330384063
0.01399993896484375,0.007999897003173828,0.006000041961669922,0.0,45.06519008315499,0.0,0.0
0.02200007438659668,0.004000186920166016,0.017999887466430664,1.105088105638965,34.15877204501452,30.36581686802822,1.105088105638965
0.018000125885009766,0.009999990463256836,0.00800013542175293,0.0,35.74917310425928,0.0,0.0
0.018000125885009766,0.010999917984008789,0.0070002079010009766,0.33886079706692884,35.11841499526643,3.1267557674091997e-17,0.33886079706692884
0.019999980926513672,0.007999897003173828,0.012000083923339844,0.0,44.371508098239396,0.0,0.0
0.013000011444091797,0.006000041961669922,0.006999969482421875,0.0,44.37989161646556,0.0,0.0
0.009000062942504883,0.005000114440917969,0.003999948501586914,0.0,45.06519008315499,0.0,0.0
0.03399991989135742,0.016000032424926758,0.017999887466430664,0.0,42.56595204210701,0.0,0.0
0.021000146865844727,0.013000011444091797,0.00800013542175293,0.0,40.97808730469722,0.0,0.0
0.020999908447265625,0.006000041961669922,0.014999866485595703,0.0,44.37989161646556,0.0,0.0
0.01399993896484375,0.006999969482421875,0.006999969482421875,0.0,43.677647896549814,0.0,0.0
0.04500007629394531,0.005000114440917969,0.039999961853027344,0.0,41.61957995732785,0.0,0.0
0.02200007438659668,0.009000062942504883,0.013000011444091797,0.0,42.59912431980905,0.0,0.0
0.02200007438659668,0.012000083923339844,0.009999990463256836,0.0,44.36348592695779,0.0,0.0
0.019999980926513672,0.00800013542175293,0.011999845504760742,0.0,43.81148113027141,0.0,0.0
0.03299999237060547,0.01699995994567871,0.016000032424926758,0.471229329962386,39.28075051198676,1.4598896826944588e-13,0.471229329962386
0.01399993896484375,0.007999897003173828,0.006000041961669922,0.0,44.88517335135688,0.0,0.0
0.014000177383422852,0.0070002079010009766,0.006999969482421875,2.610020488020046,42.712094972151,6.247906608947208e17,2.610020488020046
0.01399993896484375,0.009000062942504883,0.004999876022338867,0.24473550174988423,41.45918763219111,4.5276528526984743e-26,0.24473550174988423
0.014999866485595703,0.00599980354309082,0.009000062942504883,0.0,44.36341748207699,0.0,0.0
0.021000146865844727,0.013000011444091797,0.00800013542175293,0.0,46.47647413012082,0.0,0.0
0.01699995994567871,0.006999969482421875,0.009999990463256836,0.0,43.291145938927194,0.0,0.0
0.02499985694885254,0.015999794006347656,0.009000062942504883,0.0,45.06519008315499,0.0,0.0
0.013000011444091797,0.005000114440917969,0.007999897003173828,0.0,44.357290477669615,0.0,0.0
0.023000001907348633,0.013000011444091797,0.009999990463256836,0.0,43.12906620568427,0.0,0.0
0.0280001163482666,0.015000104904174805,0.013000011444091797,0.0,46.665334792081545,0.0,0.0
0.015000104904174805,0.006999969482421875,0.00800013542175293,0.6167013688362499,44.06990776109759,5.60558254758371e-10,0.6167013688362499
0.013000011444091797,0.006999969482421875,0.006000041961669922,0.0,46.47647413012082,0.0,0.0
0.015000104904174805,0.005000114440917969,0.009999990463256836,0.0,44.37989161646556,0.0,0.0
0.015000104904174805,0.00800013542175293,0.006999969482421875,0.0,46.314351532599254,0.0,0.0
0.029000043869018555,0.009000062942504883,0.019999980926513672,0.0,45.666774935463216,0.0,0.0
0.0279998779296875,0.009999990463256836,0.017999887466430664,0.6529471119533325,46.98880184117468,2.001424787633752e-9,0.6529471119533325
0.018000125885009766,0.012000083923339844,0.004999876022338867,0.0,46.47647413012082,0.0,0.0
0.01699995994567871,0.006999969482421875,0.009999990463256836,0.5791164587955189,43.12906620568427,5.865636413140139e-11,0.5791164587955189
0.04500007629394531,0.03800010681152344,0.006999969482421875,0.0,42.589769392796775,0.0,0.0
0.02500009536743164,0.017999887466430664,0.0070002079010009766,0.22544089896415764,46.33073835134444,1.06054146154676e-30,0.22544089896415764
0.014999866485595703,0.006999969482421875,0.007999897003173828,0.0,43.92203661166507,0.0,0.0
0.01399993896484375,0.007999897003173828,0.006000041961669922,0.0,45.436699715217124,0.0,0.0
0.034999847412109375,0.011999845504760742,0.023000001907348633,0.0,44.88517335135688,0.0,0.0
0.023000001907348633,0.010999917984008789,0.010999917984008789,0.0,43.81148113027141,0.0,0.0
0.01699995994567871,0.008999824523925781,0.00800013542175293,0.0,46.46757926930877,0.0,0.0
0.009999990463256836,0.003999948501586914,0.006000041961669922,0.0,44.357290477669615,0.0,0.0
0.0279998779296875,0.01699995994567871,0.010999917984008789,0.0,44.50267481024112,0.0,0.0
0.02500009536743164,0.015000104904174805,0.009999990463256836,0.3954809642488577,46.41122380111825,2.0049582444174478e-19,0.3954809642488577
0.017999887466430664,0.006999969482421875,0.010999917984008789,0.0,43.92203661166507,0.0,0.0
0.016000032424926758,0.007999897003173828,0.00800013542175293,0.0,43.12906620568427,0.0,0.0
0.01399993896484375,0.006000041961669922,0.007999897003173828,0.0,46.292071096375324,0.0,0.0
0.018999814987182617,0.010999917984008789,0.007999897003173828,0.0,46.47569491390224,0.0,0.0
0.026000022888183594,0.01399993896484375,0.012000083923339844,0.0,44.372652333442936,0.0,0.0
0.01900005340576172,0.007999897003173828,0.01100015640258789,0.0,43.90667475589175,0.0,0.0
0.010999917984008789,0.006999969482421875,0.003999948501586914,0.3628061320165843,42.589769392796775,1.7645889454727511e-19,0.3628061320165843
0.014000177383422852,0.004000186920166016,0.009999990463256836,1.1592306915146522,43.92203661166507,658.3721004635108,1.1592306915146522
0.026999950408935547,0.016000032424926758,0.010999917984008789,0.49404563536248336,42.917225361065,7.199995024798855e-14,0.49404563536248336
0.01699995994567871,0.010999917984008789,0.006000041961669922,0.7417983744642553,46.47569491390224,9.363668015642716e-7,0.7417983744642553
0.026000022888183594,0.00800013542175293,0.017999887466430664,0.0,42.66566111730202,0.0,0.0
0.009999990463256836,0.004999876022338867,0.005000114440917969,0.0,46.10846064384251,0.0,0.0
0.03800010681152344,0.003999948501586914,0.03400015830993652,0.0,42.843738305583145,0.0,0.0
0.03099989891052246,0.010999917984008789,0.019999980926513672,0.36934885000638573,48.08299333322427,1.5887815559144817e-21,0.36934885000638573
0.01699995994567871,0.008999824523925781,0.00800013542175293,0.0,46.47677352234556,0.0,0.0
0.010999917984008789,0.006999969482421875,0.003999948501586914,0.0,46.22198983316316,0.0,0.0
0.017999887466430664,0.008999824523925781,0.009000062942504883,0.0,43.383550502641924,0.0,0.0
0.029000043869018555,0.009000062942504883,0.019999980926513672,0.09930419942721702,48.962861514588404,7.73863238896353e-50,0.09930419942721702
0.023000001907348633,0.015000104904174805,0.007999897003173828,0.0,44.50267481024112,0.0,0.0
0.011999845504760742,0.006999969482421875,0.004999876022338867,0.0,46.81280361192502,0.0,0.0
0.013000011444091797,0.006000041961669922,0.006999969482421875,0.0,46.11913428105488,0.0,0.0
0.020999908447265625,0.007999897003173828,0.012000083923339844,0.0,44.26709057626774,0.0,0.0
0.0279998779296875,0.01399993896484375,0.01399993896484375,0.0,50.643317356303136,0.0,0.0
0.0279998779296875,0.014999866485595703,0.013000011444091797,3.929184590723944,47.580594299168666,1.893489568003769e28,3.929184590723944
0.01699995994567871,0.008999824523925781,0.0070002079010009766,0.0,46.292071096375324,0.0,0.0
0.01399993896484375,0.005000114440917969,0.008999824523925781,0.0,43.383550502641924,0.0,0.0
0.03299999237060547,0.007999897003173828,0.02500009536743164,0.0588989027626452,46.59511830253491,4.931734471707132e-58,0.0588989027626452
0.023999929428100586,0.010999917984008789,0.013000011444091797,0.0,42.50595101202242,0.0,0.0
0.01699995994567871,0.009999990463256836,0.006999969482421875,0.0,48.03439336771513,0.0,0.0
0.013000011444091797,0.006000041961669922,0.006999969482421875,1.1432627888989577,44.26709057626774,374.9361099986818,1.1432627888989577
0.015999794006347656,0.008999824523925781,0.006999969482421875,0.0,48.40850224570117,0.0,0.0
0.03900003433227539,0.02500009536743164,0.01399993896484375,0.04610384152718083,43.435485122991565,9.094383939419289e-59,0.04610384152718083
0.021000146865844727,0.013000011444091797,0.00800013542175293,0.0,48.02590361868922,0.0,0.0
0.010999917984008789,0.006000041961669922,0.004999876022338867,1.177861425686355,47.78008328679611,2493.9443287659547,1.177861425686355
0.009999990463256836,0.004999876022338867,0.005000114440917969,0.0,43.7025420571265,0.0,0.0
0.05099987983703613,0.019999980926513672,0.03099989891052246,0.0,43.08042602865674,0.0,0.0
0.03299999237060547,0.009000062942504883,0.023999929428100586,0.0,44.77406967648403,0.0,0.0
0.010999917984008789,0.004999876022338867,0.006000041961669922,0.0,43.08042602865674,0.0,0.0
0.014000177383422852,0.005000114440917969,0.009000062942504883,1.339495946239393,48.12238167799608,1.2844661867437512e6,1.339495946239393
0.034999847412109375,0.01900005340576172,0.015999794006347656,0.0,46.71632555261815,0.0,0.0
0.01900005340576172,0.009000062942504883,0.009999990463256836,1.6621127022358961,46.05636282288825,1.4548512690698717e10,1.6621127022358961
0.016000032424926758,0.006000041961669922,0.009999990463256836,0.0,46.10111575964267,0.0,0.0
0.015000104904174805,0.009000062942504883,0.006000041961669922,0.0,46.11913428105488,0.0,0.0
0.016000032424926758,0.006999969482421875,0.009000062942504883,1.5467255439491367,43.7025420571265,1.8960110736893272e8,1.5467255439491367
0.01699995994567871,0.010999917984008789,0.006000041961669922,0.0,44.57603055882578,0.0,0.0
0.019999980926513672,0.008999824523925781,0.01100015640258789,0.0,44.99339684953095,0.0,0.0
0.01900005340576172,0.009999990463256836,0.009000062942504883,0.0,46.10111575964267,0.0,0.0
0.01399993896484375,0.006999969482421875,0.006999969482421875,2.0387750890158896,44.83508656292084,7.423354041656064e13,2.0387750890158896
0.01399993896484375,0.003999948501586914,0.009999990463256836,0.32990854947601234,52.123500295353445,7.888367208075426e-26,0.32990854947601234
0.015000104904174805,0.00800013542175293,0.006999969482421875,2.2261436848907024,48.03867443930509,4.96586201125488e16,2.2261436848907024
0.031000137329101562,0.023000001907348633,0.00800013542175293,0.0,43.15628958472785,0.0,0.0
0.01699995994567871,0.006000041961669922,0.010999917984008789,0.0,46.02525220357155,0.0,0.0
0.01100015640258789,0.006000041961669922,0.005000114440917969,0.0,43.73992475342201,0.0,0.0
0.020999908447265625,0.009999990463256836,0.010999917984008789,0.0,42.54530913810733,0.0,0.0
0.023999929428100586,0.01699995994567871,0.006999969482421875,2.7535553278894387,46.036443718318885,1.782980122822671e20,2.7535553278894387
0.026000022888183594,0.010999917984008789,0.015000104904174805,0.0,47.84952744489836,0.0,0.0
0.012000083923339844,0.006000041961669922,0.006000041961669922,0.0,41.52624293039574,0.0,0.0
0.03600001335144043,0.006999969482421875,0.029000043869018555,0.0,47.09377259831681,0.0,0.0
0.01699995994567871,0.009999990463256836,0.006999969482421875,1.099677360779674,42.739396937111756,58.0301059885979,1.099677360779674
0.031000137329101562,0.024000167846679688,0.006999969482421875,0.0,46.10111575964267,0.0,0.0
0.02200007438659668,0.006999969482421875,0.015000104904174805,0.0,45.67617153464981,0.0,0.0
0.015000104904174805,0.006000041961669922,0.009000062942504883,0.04999243047582036,43.73992475342201,1.2307500304048335e-57,0.04999243047582036
0.03699994087219238,0.024000167846679688,0.012999773025512695,0.0,41.888875104891575,0.0,0.0
0.023000001907348633,0.015000104904174805,0.007999897003173828,0.0,47.16858341509995,0.0,0.0
0.014000177383422852,0.00800013542175293,0.006000041961669922,0.614105943446206,46.896677360090315,1.173044234221564e-10,0.614105943446206
0.01900005340576172,0.006999969482421875,0.012000083923339844,0.0,42.54530913810733,0.0,0.0
0.024000167846679688,0.009999990463256836,0.014000177383422852,0.0,41.888875104891575,0.0,0.0
0.029999971389770508,0.01699995994567871,0.013000011444091797,0.0,42.25780387466678,0.0,0.0
0.009999990463256836,0.004999876022338867,0.005000114440917969,0.0,47.9714122918471,0.0,0.0
0.012000083923339844,0.004999876022338867,0.0070002079010009766,0.0,47.09377259831681,0.0,0.0
0.02200007438659668,0.009000062942504883,0.013000011444091797,0.2153980812763545,47.84952744489836,1.2472016110071046e-32,0.2153980812763545
0.02500009536743164,0.013000011444091797,0.012000083923339844,0.0,44.23248260504755,0.0,0.0
0.03399991989135742,0.01900005340576172,0.014999866485595703,0.0,47.60558220518107,0.0,0.0
0.018999814987182617,0.010999917984008789,0.007999897003173828,0.0,47.9714122918471,0.0,0.0
0.03099989891052246,0.01900005340576172,0.011999845504760742,0.0,44.29498929545034,0.0,0.0
0.021999835968017578,0.01399993896484375,0.007999897003173828,0.0,47.85554750841396,0.0,0.0
0.019999980926513672,0.010999917984008789,0.009000062942504883,0.0,47.615421997102956,0.0,0.0
0.013000011444091797,0.006000041961669922,0.006999969482421875,0.0,42.68087932165286,0.0,0.0
0.04400014877319336,0.023000001907348633,0.021000146865844727,0.0,42.43872868219496,0.0,0.0
0.03099989891052246,0.009000062942504883,0.021999835968017578,0.0,47.588543480637036,0.0,0.0
0.01399993896484375,0.008999824523925781,0.005000114440917969,0.0,40.27917195776409,0.0,0.0
0.012000083923339844,0.007999897003173828,0.004000186920166016,0.22655840485258816,41.64525325106251,1.4006035471221119e-27,0.22655840485258816
0.021000146865844727,0.013000011444091797,0.00800013542175293,2.51976314571428,42.43872868219496,1.079434376024035e17,2.51976314571428
0.023000001907348633,0.012000083923339844,0.010999917984008789,0.0,47.615421997102956,0.0,0.0
0.020000219345092773,0.00800013542175293,0.012000083923339844,0.3402573258317676,44.23248260504755,1.9529121179703127e-21,0.3402573258317676
0.016000032424926758,0.010999917984008789,0.005000114440917969,0.8254266873784166,43.84134007901344,0.00022236890366358555,0.8254266873784166
0.012000083923339844,0.005000114440917969,0.006999969482421875,0.0,44.09721933940999,0.0,0.0
0.018000125885009766,0.006999969482421875,0.01100015640258789,0.0,47.226577160984846,0.0,0.0
0.023000001907348633,0.015000104904174805,0.007999897003173828,0.0,47.588543480637036,0.0,0.0
0.01699995994567871,0.007999897003173828,0.009000062942504883,0.0,41.28772285604915,0.0,0.0
0.01699995994567871,0.007999897003173828,0.009000062942504883,0.0,43.00653878106368,0.0,0.0
0.01699995994567871,0.009000062942504883,0.006999969482421875,0.0,45.76783150305637,0.0,0.0
0.028999805450439453,0.006999969482421875,0.021999835968017578,1.7324319290409496,44.21351103774718,3.563096756924845e10,1.7324319290409496
0.026999950408935547,0.017999887466430664,0.009000062942504883,0.0,47.24554872828521,0.0,0.0
0.017999887466430664,0.008999824523925781,0.009000062942504883,0.3536289903716483,47.66258354642625,3.038258435815616e-22,0.3536289903716483
0.013000011444091797,0.006000041961669922,0.006999969482421875,0.020231882635275422,48.52400271644734,6.340166667531938e-83,0.020231882635275422
0.01399993896484375,0.006999969482421875,0.006999969482421875,0.0,44.09721933940999,0.0,0.0
0.02200007438659668,0.013000011444091797,0.009000062942504883,0.0,44.09721933940999,0.0,0.0
0.029999971389770508,0.02200007438659668,0.007999897003173828,0.0,44.66461776413292,0.0,0.0
0.0280001163482666,0.01900005340576172,0.009000062942504883,0.0,42.48308952624953,0.0,0.0
0.0410001277923584,0.009999990463256836,0.031000137329101562,0.0,44.09721933940999,0.0,0.0
0.029000043869018555,0.009999990463256836,0.01900005340576172,1.038081134417177,44.09721933940999,5.1970288562624996,1.038081134417177
0.01399993896484375,0.007999897003173828,0.006000041961669922,0.0,44.52252357355279,0.0,0.0
0.016000032424926758,0.00800013542175293,0.007999897003173828,0.0,45.483773411336934,0.0,0.0
0.03900003433227539,0.013000011444091797,0.026000022888183594,0.0,41.34255492513469,0.0,0.0
0.03299999237060547,0.020999908447265625,0.012000083923339844,0.0,42.50534816188263,0.0,0.0
0.016000032424926758,0.006999969482421875,0.009000062942504883,0.25757600063011754,46.18471899564727,6.206278155577054e-28,0.25757600063011754
0.018000125885009766,0.009999990463256836,0.00800013542175293,0.0,44.09721933940999,0.0,0.0
0.03399991989135742,0.021000146865844727,0.012999773025512695,0.16233498468323448,42.50534816188263,2.7434208943832175e-34,0.16233498468323448
0.03600001335144043,0.026999950408935547,0.009000062942504883,0.0,44.52252357355279,0.0,0.0
0.02500009536743164,0.009000062942504883,0.016000032424926758,0.0,42.48308952624953,0.0,0.0
0.06299996376037598,0.03899979591369629,0.024000167846679688,0.9263617922296508,43.06848572286003,0.03709302242356169,0.9263617922296508
0.018000125885009766,0.009999990463256836,0.00800013542175293,0.027487754373258788,41.577354336930775,1.2692290379857986e-65,0.027487754373258788
0.03099989891052246,0.009000062942504883,0.021999835968017578,0.21806379898404726,43.00653878106368,3.5873092574470055e-29,0.21806379898404726
0.029999971389770508,0.018000125885009766,0.011999845504760742,0.0,41.68632670545802,0.0,0.0
0.023000001907348633,0.010999917984008789,0.012000083923339844,0.20475842086444818,44.86242102184732,1.260777274685641e-31,0.20475842086444818
0.02200007438659668,0.009000062942504883,0.013000011444091797,0.0,44.3126455897841,0.0,0.0
0.039999961853027344,0.032000064849853516,0.007999897003173828,1.820641167707473,41.340241513434705,5.7245036041279785e10,1.820641167707473
0.026999950408935547,0.01699995994567871,0.009999990463256836,0.0,44.66461776413292,0.0,0.0
0.020999908447265625,0.010999917984008789,0.009999990463256836,0.0,42.30622176184305,0.0,0.0
0.017000198364257812,0.009000062942504883,0.00800013542175293,0.31790922128295485,44.09721933940999,1.1296704010980433e-22,0.31790922128295485
0.029000043869018555,0.012000083923339844,0.01699995994567871,0.0,47.61707427547226,0.0,0.0
0.020999908447265625,0.010999917984008789,0.009999990463256836,1.1043465878278025,40.80028817527346,57.37365038644181,1.1043465878278025
0.01699995994567871,0.008999824523925781,0.00800013542175293,2.5844666247953607,44.80610256761195,2.9973268430202286e18,2.5844666247953607
0.01699995994567871,0.009000062942504883,0.007999897003173828,0.0,42.80198345168882,0.0,0.0
0.020999908447265625,0.009000062942504883,0.011999845504760742,0.14869895630095886,42.48308952624953,6.872001994553264e-36,0.14869895630095886
0.034999847412109375,0.017999887466430664,0.01699995994567871,0.0,43.414606462938764,0.0,0.0
0.023000001907348633,0.015999794006347656,0.0070002079010009766,0.0,39.97444509943439,0.0,0.0
0.017000198364257812,0.0070002079010009766,0.009999990463256836,0.0,41.53391386506756,0.0,0.0
0.03299999237060547,0.02200007438659668,0.010999917984008789,0.0,42.48308952624953,0.0,0.0
0.026999950408935547,0.011999845504760742,0.015000104904174805,0.4899367422102707,42.8461019404413,5.2930656909645636e-14,0.4899367422102707
0.018000125885009766,0.01100015640258789,0.006999969482421875,0.0,44.52252357355279,0.0,0.0
0.021000146865844727,0.009999990463256836,0.01100015640258789,0.0,41.68632670545802,0.0,0.0
0.032000064849853516,0.009999990463256836,0.02200007438659668,0.0,43.4550922228037,0.0,0.0
0.018000125885009766,0.009000062942504883,0.009000062942504883,0.0,44.66461776413292,0.0,0.0
0.029000043869018555,0.015000104904174805,0.01399993896484375,0.0,43.95101997846363,0.0,0.0
0.031999826431274414,0.021999835968017578,0.009999990463256836,0.6973788932552583,45.95872491279344,6.397725334441552e-8,0.6973788932552583
0.031999826431274414,0.013000011444091797,0.018999814987182617,0.0,43.463377013557974,0.0,0.0
0.018000125885009766,0.009000062942504883,0.009000062942504883,3.0321540922987755,42.474804735495255,2.8992859046815367e20,3.0321540922987755
0.019999980926513672,0.010999917984008789,0.009000062942504883,0.0,47.61707427547226,0.0,0.0
0.019999980926513672,0.009999990463256836,0.009999990463256836,0.0,45.85861178495637,0.0,0.0
0.03399991989135742,0.020999908447265625,0.012000083923339844,0.0,42.39269079822055,0.0,0.0
0.01900005340576172,0.009999990463256836,0.009000062942504883,0.0,44.74110875163043,0.0,0.0
0.018999814987182617,0.008999824523925781,0.009999990463256836,0.0,47.61707427547226,0.0,0.0
0.023000001907348633,0.007999897003173828,0.015000104904174805,0.0,41.73999063872602,0.0,0.0
0.029000043869018555,0.012000083923339844,0.01699995994567871,0.0,47.82462462323213,0.0,0.0
0.018999814987182617,0.009999990463256836,0.008999824523925781,0.0,42.80859812768501,0.0,0.0
0.018999814987182617,0.010999917984008789,0.007999897003173828,0.0,41.49264200050514,0.0,0.0
0.01699995994567871,0.006999969482421875,0.009999990463256836,0.02119454905679774,44.72284542812954,1.3931014880437605e-75,0.02119454905679774
0.03399991989135742,0.02200007438659668,0.011999845504760742,0.0,42.4818938186552,0.0,0.0
0.023000001907348633,0.009999990463256836,0.013000011444091797,0.0,46.23055376853425,0.0,0.0
0.019999980926513672,0.01100015640258789,0.008999824523925781,0.0,47.61707427547226,0.0,0.0
0.018999814987182617,0.008999824523925781,0.009999990463256836,0.0,44.74110875163043,0.0,0.0
0.0970001220703125,0.04500007629394531,0.05200004577636719,1.8558655304859983,44.74110875163043,1.0353052359358561e12,1.8558655304859983
0.04500007629394531,0.024000167846679688,0.020999908447265625,0.39009909587785385,42.4818938186552,4.288815565563487e-18,0.39009909587785385
0.018999814987182617,0.008999824523925781,0.009999990463256836,0.007708200415617039,42.39269079822055,2.643941238940298e-90,0.007708200415617039
0.07599997520446777,0.009000062942504883,0.06699991226196289,2.298914711706417,42.80859812768501,2.994241373149982e15,2.298914711706417
0.029000043869018555,0.017999887466430664,0.01100015640258789,0.15551602590657687,44.74110875163043,6.904370291118683e-37,0.15551602590657687
0.06100010871887207,0.009000062942504883,0.05200004577636719,1.6821881325340526,42.48308952624953,3.943205020050744e9,1.6821881325340526
0.039999961853027344,0.031000137329101562,0.008999824523925781,0.0,47.61707427547226,0.0,0.0
0.03900003433227539,0.026999950408935547,0.012000083923339844,1.35723616243266,47.61707427547226,2.0733045859653796e6,1.35723616243266
0.026999950408935547,0.016000032424926758,0.010999917984008789,0.0,49.90041854135854,0.0,0.0
0.023999929428100586,0.013000011444091797,0.010999917984008789,0.0,48.55758998514838,0.0,0.0
0.10000014305114746,0.04900002479553223,0.051000118255615234,0.0,41.49264200050514,0.0,0.0
0.07699990272521973,0.026999950408935547,0.04999995231628418,1.2706147426494274,47.61707427547226,89709.2298003778,1.2706147426494274
0.037999868392944336,0.02499985694885254,0.013000011444091797,0.0,47.61707427547226,0.0,0.0
0.04399991035461426,0.02499985694885254,0.01900005340576172,0.0,49.90041854135854,0.0,0.0
0.026000022888183594,0.014999866485595703,0.01100015640258789,0.18697284760009092,42.38495126461903,1.3626019613925847e-31,0.18697284760009092
0.019999980926513672,0.009000062942504883,0.010999917984008789,1.2957557122509544,42.4818938186552,60283.12380519202,1.2957557122509544
0.04699993133544922,0.01399993896484375,0.03299999237060547,1.3523266486419039,45.26046345715172,856671.3612172347,1.3523266486419039
0.026000022888183594,0.010999917984008789,0.015000104904174805,0.0,47.61707427547226,0.0,0.0
0.029000043869018555,0.009000062942504883,0.019999980926513672,0.0,38.886978248551294,0.0,0.0
0.06500005722045898,0.037000179290771484,0.0279998779296875,0.0,47.96987700057071,0.0,0.0
0.02700018882751465,0.016000032424926758,0.01100015640258789,1.476536998209803,51.15160429214259,4.5406621373451203e8,1.476536998209803
0.018000125885009766,0.009000062942504883,0.009000062942504883,0.0,51.103423710246176,0.0,0.0
0.03800010681152344,0.02700018882751465,0.010999917984008789,0.0,47.98240826245311,0.0,0.0
0.029999971389770508,0.01699995994567871,0.013000011444091797,1.0351924915293953,48.034961995640415,5.266700313670549,1.0351924915293953
0.03600001335144043,0.020999908447265625,0.015000104904174805,0.0,43.28719851663928,0.0,0.0
0.04900002479553223,0.01699995994567871,0.032000064849853516,0.0,47.61707427547226,0.0,0.0
0.0409998893737793,0.029999971389770508,0.010999917984008789,0.0,47.61707427547226,0.0,0.0
0.032000064849853516,0.023000001907348633,0.009000062942504883,0.0,51.90562512847176,0.0,0.0
0.026000022888183594,0.008999824523925781,0.017000198364257812,0.0,47.61707427547226,0.0,0.0
0.02200007438659668,0.00800013542175293,0.01399993896484375,1.7692148714246536,38.70437076246571,3.892167162706276e9,1.7692148714246536
0.019999980926513672,0.009000062942504883,0.010999917984008789,0.0,47.61707427547226,0.0,0.0
0.0279998779296875,0.014999866485595703,0.013000011444091797,0.0,47.98240826245311,0.0,0.0
0.02200007438659668,0.013000011444091797,0.009000062942504883,0.1122574637556295,41.49264200050514,3.898705153892356e-40,0.1122574637556295
0.0690000057220459,0.01100015640258789,0.05799984931945801,0.0,46.308092048749245,0.0,0.0
0.023999929428100586,0.011999845504760742,0.012000083923339844,0.0,49.83433508079271,0.0,0.0
0.01900005340576172,0.009000062942504883,0.009999990463256836,0.0,47.61707427547226,0.0,0.0
0.04499983787536621,0.021999835968017578,0.023000001907348633,0.0,43.28719851663928,0.0,0.0
0.012999773025512695,0.006999969482421875,0.00599980354309082,0.0,48.44144656722683,0.0,0.0
0.06999993324279785,0.059999942779541016,0.009999990463256836,0.3855412053063456,49.114720624624404,4.677168549434003e-21,0.3855412053063456
0.01900005340576172,0.009000062942504883,0.009999990463256836,0.0,44.49429094481184,0.0,0.0
0.024000167846679688,0.01100015640258789,0.013000011444091797,0.0,47.51226187612801,0.0,0.0
0.020999908447265625,0.009999990463256836,0.010999917984008789,2.220566492925913,49.13037374203506,1.0517078394863232e17,2.220566492925913
0.01900005340576172,0.007999897003173828,0.01100015640258789,0.0,47.59578756463002,0.0,0.0
0.032000064849853516,0.018000125885009766,0.01399993896484375,0.0,46.88384741717293,0.0,0.0
0.03500008583068848,0.009000062942504883,0.026000022888183594,0.0,47.98240826245311,0.0,0.0
0.023000001907348633,0.01399993896484375,0.009000062942504883,0.0,48.67025816539691,0.0,0.0
0.02500009536743164,0.013000011444091797,0.012000083923339844,0.0,49.3467958013962,0.0,0.0
0.029999971389770508,0.02200007438659668,0.007999897003173828,0.0,47.98512986666784,0.0,0.0
0.014999866485595703,0.006999969482421875,0.007999897003173828,1.441415156872794,47.593065960415295,3.6079405354988545e7,1.441415156872794
0.0279998779296875,0.008999824523925781,0.01900005340576172,0.0,45.67775718175092,0.0,0.0
0.03099989891052246,0.01900005340576172,0.011999845504760742,0.0,43.03502188527621,0.0,0.0
0.026999950408935547,0.013000011444091797,0.01399993896484375,0.0,47.61707427547226,0.0,0.0
0.024000167846679688,0.013000011444091797,0.01100015640258789,0.0,47.51226187612801,0.0,0.0
0.03899979591369629,0.019999980926513672,0.018999814987182617,0.0,44.89186564443227,0.0,0.0
0.023999929428100586,0.010999917984008789,0.013000011444091797,0.0,49.3467958013962,0.0,0.0
0.03600001335144043,0.026000022888183594,0.009999990463256836,0.0,47.804703212890765,0.0,0.0
0.031000137329101562,0.018000125885009766,0.013000011444091797,0.0,45.42093627830691,0.0,0.0
0.03299999237060547,0.018000125885009766,0.014999866485595703,0.0,45.67775718175092,0.0,0.0
0.011999845504760742,0.006999969482421875,0.004999876022338867,1.9088613242136399,44.89186564443227,4.022403983934632e12,1.9088613242136399
0.015000104904174805,0.006000041961669922,0.009000062942504883,0.5824409065357528,43.29477563670182,6.864870417924692e-11,0.5824409065357528
0.026999950408935547,0.01699995994567871,0.009999990463256836,0.06624210325332891,45.32145367933235,3.733226336570428e-54,0.06624210325332891
0.029000043869018555,0.012000083923339844,0.01699995994567871,0.0,46.343282024080565,0.0,0.0
0.01699995994567871,0.008999824523925781,0.00800013542175293,0.2264527853998488,47.804703212890765,1.4618365020942714e-31,0.2264527853998488
0.018000125885009766,0.009000062942504883,0.009000062942504883,0.0,50.32571654721104,0.0,0.0
0.03400015830993652,0.009999990463256836,0.024000167846679688,0.0,47.60597846901517,0.0,0.0
0.009999990463256836,0.004999876022338867,0.005000114440917969,0.0,47.804703212890765,0.0,0.0
0.014999866485595703,0.006000041961669922,0.008999824523925781,3.7290774282116934,50.32571654721104,5.837811641496508e28,3.7290774282116934
0.026000022888183594,0.010999917984008789,0.015000104904174805,0.9495221768105933,45.639991261232396,0.09404452768194706,0.9495221768105933
0.0280001163482666,0.009999990463256836,0.018000125885009766,0.17686566744671506,48.02289578718636,7.40736933063799e-37,0.17686566744671506
0.02200007438659668,0.010999917984008789,0.01100015640258789,0.0,46.343282024080565,0.0,0.0
0.029999971389770508,0.018000125885009766,0.011999845504760742,0.0,49.38221560276261,0.0,0.0
0.020999908447265625,0.009999990463256836,0.010999917984008789,1.6923619674787194,50.82649028808152,4.106863800653439e11,1.6923619674787194
0.016000032424926758,0.007999897003173828,0.00800013542175293,0.015758365331379753,46.07965597763898,8.748519489068245e-84,0.015758365331379753
0.03299999237060547,0.02500009536743164,0.007999897003173828,0.0,50.32571654721104,0.0,0.0
0.04200005531311035,0.03099989891052246,0.01100015640258789,1.8413360184364103,45.67775718175092,1.2902771606603982e12,1.8413360184364103
0.01699995994567871,0.007999897003173828,0.009000062942504883,0.16580208570365018,50.32571654721104,5.312598780850127e-40,0.16580208570365018
0.02700018882751465,0.015000104904174805,0.012000083923339844,0.0,51.06258995298256,0.0,0.0
0.03099989891052246,0.016000032424926758,0.014999866485595703,0.0,46.168932818516915,0.0,0.0
0.015999794006347656,0.009999990463256836,0.00599980354309082,0.0,45.971687958308856,0.0,0.0
0.023999929428100586,0.011999845504760742,0.012000083923339844,0.0,50.32571654721104,0.0,0.0
0.034999847412109375,0.010999917984008789,0.023999929428100586,0.0,50.32571654721104,0.0,0.0
0.01699995994567871,0.009999990463256836,0.006999969482421875,0.1449418624415455,47.60597846901517,1.1689929424761736e-40,0.1449418624415455
0.013000011444091797,0.005000114440917969,0.007999897003173828,1.4018166177952218,44.89186564443227,3.8480598809466697e6,1.4018166177952218
0.020999908447265625,0.008999824523925781,0.012000083923339844,0.0,50.32571654721104,0.0,0.0
0.03500008583068848,0.021000146865844727,0.01399993896484375,0.12400130210133531,50.77303324619593,9.343307171088613e-47,0.12400130210133531
0.0280001163482666,0.015000104904174805,0.013000011444091797,0.0,45.631358865159086,0.0,0.0
0.013000011444091797,0.006999969482421875,0.006000041961669922,0.0,45.971687958308856,0.0,0.0
0.015999794006347656,0.006999969482421875,0.008999824523925781,0.0,47.538019675849114,0.0,0.0
0.026999950408935547,0.007999897003173828,0.01900005340576172,0.0,48.1286380098432,0.0,0.0
0.03099989891052246,0.011999845504760742,0.01900005340576172,0.0,46.343282024080565,0.0,0.0
0.013000011444091797,0.00800013542175293,0.004999876022338867,0.0,51.06258995298256,0.0,0.0
0.017999887466430664,0.008999824523925781,0.009000062942504883,2.435757333567572,50.32571654721104,2.868362509091642e19,2.435757333567572
0.03600001335144043,0.01100015640258789,0.02499985694885254,0.5731697827836801,49.24315574853606,1.2505648924348467e-12,0.5731697827836801
0.03500008583068848,0.010000228881835938,0.02499985694885254,0.0,45.631358865159086,0.0,0.0
0.020999908447265625,0.013000011444091797,0.007999897003173828,0.0,47.92024707205585,0.0,0.0
0.04200005531311035,0.018000125885009766,0.023999929428100586,0.0,48.10711185645386,0.0,0.0
0.024000167846679688,0.009000062942504883,0.015000104904174805,0.6512418849446999,48.13545816788665,1.0824340851788504e-9,0.6512418849446999
0.020999908447265625,0.009999990463256836,0.010999917984008789,1.404534329369509,45.971687958308856,6.057752896286845e6,1.404534329369509
0.020999908447265625,0.006999969482421875,0.01399993896484375,0.0,43.59551225493037,0.0,0.0
0.03900003433227539,0.031000137329101562,0.007999897003173828,0.0,46.343282024080565,0.0,0.0
0.023999929428100586,0.007999897003173828,0.016000032424926758,0.0,40.44719134051536,0.0,0.0
0.023000001907348633,0.013000011444091797,0.009999990463256836,0.0,46.16143288941315,0.0,0.0
0.03099989891052246,0.018999814987182617,0.012000083923339844,2.062307337240359,45.631358865159086,2.2098978952498875e14,2.062307337240359
0.02500009536743164,0.007999897003173828,0.016000032424926758,0.0,39.933979382892936,0.0,0.0
0.016000032424926758,0.01100015640258789,0.004999876022338867,0.014035615576517557,47.44624061213185,1.2390769499968615e-88,0.014035615576517557
0.011999845504760742,0.00599980354309082,0.006000041961669922,0.0,46.71404937437221,0.0,0.0
0.015000104904174805,0.006999969482421875,0.00800013542175293,0.0,48.1619439671835,0.0,0.0
0.03299999237060547,0.023000001907348633,0.009999990463256836,0.054228900763597654,47.408821067693374,9.803350789754155e-61,0.054228900763597654
0.021999835968017578,0.013000011444091797,0.008999824523925781,0.0,45.63174827875864,0.0,0.0
0.010999917984008789,0.006999969482421875,0.003999948501586914,0.0,46.34289261048101,0.0,0.0
0.020999908447265625,0.013000011444091797,0.007999897003173828,0.0,44.68503020878149,0.0,0.0
0.03600001335144043,0.008999824523925781,0.02700018882751465,1.6214291494307997,48.07360346228547,1.2318337014235275e10,1.6214291494307997
0.04200005531311035,0.017999887466430664,0.024000167846679688,0.0,39.933979382892936,0.0,0.0
0.018000125885009766,0.009000062942504883,0.009000062942504883,0.0,43.61901371630772,0.0,0.0
0.03299999237060547,0.017999887466430664,0.015000104904174805,0.0,48.10711185645386,0.0,0.0
0.026999950408935547,0.018000125885009766,0.008999824523925781,0.0,44.68503020878149,0.0,0.0
0.016000032424926758,0.009000062942504883,0.006999969482421875,0.0,45.63174827875864,0.0,0.0
0.019999980926513672,0.009999990463256836,0.009999990463256836,0.0,45.16065925041186,0.0,0.0
0.03299999237060547,0.023000001907348633,0.009999990463256836,0.0,43.59551225493037,0.0,0.0
0.019999980926513672,0.007999897003173828,0.012000083923339844,0.0,45.094312763495445,0.0,0.0
0.01900005340576172,0.009999990463256836,0.009000062942504883,2.0575870894739956,35.03797209623721,9.537549101019861e10,2.0575870894739956
0.014000177383422852,0.006999969482421875,0.0070002079010009766,2.470153017320529,43.53336151782009,1.2490782565639453e17,2.470153017320529
0.032000064849853516,0.013000011444091797,0.01900005340576172,0.0,44.68503020878149,0.0,0.0
0.018000125885009766,0.009999990463256836,0.00800013542175293,0.0,43.59551225493037,0.0,0.0
0.023999929428100586,0.01699995994567871,0.006999969482421875,0.0,39.933979382892936,0.0,0.0
0.009999990463256836,0.004999876022338867,0.005000114440917969,0.0,36.67528503643206,0.0,0.0
0.05200004577636719,0.03099989891052246,0.021000146865844727,0.1577939360136016,39.933979382892936,9.474470474721603e-33,0.1577939360136016
0.016000032424926758,0.009000062942504883,0.006999969482421875,0.2565933319671654,39.933979382892936,2.5634015135283728e-24,0.2565933319671654
0.021000146865844727,0.014000177383422852,0.006999969482421875,1.901898415282668,45.16065925041186,4.057731164172921e12,1.901898415282668
0.01100015640258789,0.006000041961669922,0.005000114440917969,0.0,43.1044472146759,0.0,0.0
0.017000198364257812,0.00800013542175293,0.009000062942504883,0.0,46.71404937437221,0.0,0.0
0.06100010871887207,0.032000064849853516,0.029000043869018555,0.0,42.02317281810012,0.0,0.0
0.019999980926513672,0.009999990463256836,0.009999990463256836,0.12882939767654644,39.933979382892936,2.8797607826854184e-36,0.12882939767654644
0.029000043869018555,0.012000083923339844,0.01699995994567871,0.0,45.376080031407774,0.0,0.0
0.04999995231628418,0.03299999237060547,0.01699995994567871,0.0,48.10711185645386,0.0,0.0
0.028999805450439453,0.013000011444091797,0.015999794006347656,1.8547952757613473,40.90711914529967,9.445297976166417e10,1.8547952757613473
0.04499983787536621,0.023000001907348633,0.021999835968017578,0.5006942907269041,46.71404937437221,9.243180595567372e-15,0.5006942907269041
0.03699994087219238,0.014999866485595703,0.02200007438659668,1.5608169632458324,46.71404937437221,1.077094411071724e9,1.5608169632458324
0.03899979591369629,0.020999908447265625,0.017999887466430664,0.0,43.61901371630772,0.0,0.0
0.026000022888183594,0.016000032424926758,0.009999990463256836,0.0,43.61901371630772,0.0,0.0
0.017999887466430664,0.009000062942504883,0.008999824523925781,0.0,42.411441651813035,0.0,0.0
0.03399991989135742,0.017999887466430664,0.016000032424926758,0.0,37.48577340525816,0.0,0.0
0.026999950408935547,0.013000011444091797,0.01399993896484375,0.0,48.10711185645386,0.0,0.0
0.018999814987182617,0.009999990463256836,0.008999824523925781,0.0,43.59551225493037,0.0,0.0
0.01900005340576172,0.010999917984008789,0.00800013542175293,0.0,39.21045575461029,0.0,0.0
0.017000198364257812,0.0070002079010009766,0.009999990463256836,0.0,48.830635350772205,0.0,0.0
0.04500007629394531,0.019999980926513672,0.02500009536743164,0.49608590895095617,43.774261770920354,4.712242870457717e-14,0.49608590895095617
0.023999929428100586,0.012000083923339844,0.011999845504760742,0.0,43.59551225493037,0.0,0.0
0.018000125885009766,0.0070002079010009766,0.010999917984008789,0.0,46.90387635448589,0.0,0.0
0.03500008583068848,0.01699995994567871,0.018000125885009766,0.0,43.61901371630772,0.0,0.0
0.02500009536743164,0.012000083923339844,0.013000011444091797,0.0,45.2269204534375,0.0,0.0
0.019999980926513672,0.014000177383422852,0.00599980354309082,1.192646843138525,42.5606012297833,1804.6412867996523,1.192646843138525
0.013000011444091797,0.0070002079010009766,0.00599980354309082,0.0,48.830635350772205,0.0,0.0
0.03399991989135742,0.019999980926513672,0.01399993896484375,0.1505577012558068,47.21089977782085,1.50875101933397e-39,0.1505577012558068
0.034999847412109375,0.025999784469604492,0.009000062942504883,0.0,42.6656179171676,0.0,0.0
0.01699995994567871,0.008999824523925781,0.00800013542175293,0.6218949521255412,44.81765437697596,5.686973735482193e-10,0.6218949521255412
0.03399991989135742,0.009999990463256836,0.023999929428100586,0.09384928082638799,50.83802644819088,5.759932644822645e-53,0.09384928082638799
0.026000022888183594,0.01399993896484375,0.012000083923339844,1.656694653639732,47.07696660536625,2.0954170473257553e10,1.656694653639732
0.023999929428100586,0.009999990463256836,0.01399993896484375,0.0700262727619716,39.181523084977016,5.69596941478593e-46,0.0700262727619716
0.016000032424926758,0.006000041961669922,0.009999990463256836,0.5288397975362957,43.64794638594099,8.388155495738849e-13,0.5288397975362957
0.029999971389770508,0.019999980926513672,0.009999990463256836,0.0,44.880481928658384,0.0,0.0
0.026999950408935547,0.01399993896484375,0.013000011444091797,0.04567298215888638,43.57986249585636,3.873821575408742e-59,0.04567298215888638
0.020999908447265625,0.012000083923339844,0.007999897003173828,0.0,48.182174470839605,0.0,0.0
0.011999845504760742,0.006000041961669922,0.00599980354309082,0.0,44.918287675856774,0.0,0.0
0.011999845504760742,0.006000041961669922,0.00599980354309082,0.0,48.830635350772205,0.0,0.0
0.0409998893737793,0.018999814987182617,0.02200007438659668,0.0,48.830635350772205,0.0,0.0
0.0410001277923584,0.02200007438659668,0.01900005340576172,0.5505390758922735,41.01383786321083,2.3373685334540245e-11,0.5505390758922735
0.021000146865844727,0.009999990463256836,0.01100015640258789,0.0,44.90932727300895,0.0,0.0
0.03699994087219238,0.009000062942504883,0.0279998779296875,0.0,42.50889691763716,0.0,0.0
0.026999950408935547,0.014999866485595703,0.012000083923339844,0.0,41.39967070307676,0.0,0.0
0.015999794006347656,0.008999824523925781,0.006999969482421875,0.5278018663599049,42.805530000251515,1.3189268467303325e-12,0.5278018663599049
0.017999887466430664,0.007999897003173828,0.009999990463256836,0.0,40.027229268754795,0.0,0.0
0.029999971389770508,0.018999814987182617,0.01100015640258789,0.0,48.830635350772205,0.0,0.0
0.031000137329101562,0.018000125885009766,0.013000011444091797,0.0,42.6656179171676,0.0,0.0
0.016000032424926758,0.005000114440917969,0.010999917984008789,0.0,39.76355918535213,0.0,0.0
0.02200007438659668,0.01100015640258789,0.010999917984008789,0.8481360884771227,40.027229268754795,0.001369852757254588,0.8481360884771227
0.0280001163482666,0.009999990463256836,0.018000125885009766,0.0,48.830635350772205,0.0,0.0
0.029000043869018555,0.015000104904174805,0.01399993896484375,0.003415530355388441,44.918287675856774,1.6112524585099775e-111,0.003415530355388441
0.017999887466430664,0.009999990463256836,0.007999897003173828,0.0,41.39967070307676,0.0,0.0
0.019999980926513672,0.009000062942504883,0.010999917984008789,0.0,42.6656179171676,0.0,0.0
0.03600001335144043,0.023999929428100586,0.012000083923339844,0.17949778497012847,41.56506577213692,9.883645658760147e-32,0.17949778497012847
0.02499985694885254,0.012000083923339844,0.012999773025512695,0.0,48.830635350772205,0.0,0.0
0.013000011444091797,0.005000114440917969,0.007999897003173828,0.0,44.918287675856774,0.0,0.0
0.03400015830993652,0.015000104904174805,0.01900005340576172,0.7331014313902307,36.076434581404904,1.366470627664829e-5,0.7331014313902307
0.04699993133544922,0.03299999237060547,0.01399993896484375,0.0,45.98626049091955,0.0,0.0
0.018999814987182617,0.010999917984008789,0.007999897003173828,0.0,48.91776905500927,0.0,0.0
0.017999887466430664,0.009000062942504883,0.008999824523925781,0.0,41.336042771797636,0.0,0.0
0.019999980926513672,0.008999824523925781,0.01100015640258789,0.0,43.02995379609202,0.0,0.0
0.029000043869018555,0.01900005340576172,0.009999990463256836,0.0,41.39967070307676,0.0,0.0
0.016000032424926758,0.00800013542175293,0.007999897003173828,0.3517908084486976,41.39967070307676,1.645611119617959e-19,0.3517908084486976
0.026000022888183594,0.012000083923339844,0.01399993896484375,0.0,48.58740656325931,0.0,0.0
0.02499985694885254,0.012999773025512695,0.012000083923339844,0.0,42.67780005871446,0.0,0.0
0.026000022888183594,0.01699995994567871,0.009000062942504883,0.08377708924296456,44.53605105272523,1.0971144104410531e-48,0.08377708924296456
0.017999887466430664,0.007999897003173828,0.009999990463256836,0.0,49.64934805347681,0.0,0.0
0.014999866485595703,0.006999969482421875,0.007999897003173828,0.36333662207502115,41.53363963930661,5.470659577841227e-19,0.36333662207502115
0.03299999237060547,0.019999980926513672,0.013000011444091797,0.0,47.031382648218596,0.0,0.0
0.023000001907348633,0.014999866485595703,0.00800013542175293,0.0,45.98626049091955,0.0,0.0
0.018000125885009766,0.009999990463256836,0.00800013542175293,0.4963451683934683,43.924194786470544,4.340585495807795e-14,0.4963451683934683
0.039999961853027344,0.009000062942504883,0.03099989891052246,0.0,35.61189428886021,0.0,0.0
0.01900005340576172,0.009000062942504883,0.009999990463256836,0.0,50.66395574349911,0.0,0.0
0.023999929428100586,0.011999845504760742,0.012000083923339844,0.021394902233917712,48.830635350772205,2.9375915935352715e-82,0.021394902233917712
0.01699995994567871,0.009000062942504883,0.007999897003173828,0.0,44.918287675856774,0.0,0.0
0.023999929428100586,0.01399993896484375,0.009999990463256836,0.0,42.67780005871446,0.0,0.0
0.04699993133544922,0.009999990463256836,0.03699994087219238,0.0,50.0419601703724,0.0,0.0
0.01900005340576172,0.007999897003173828,0.01100015640258789,0.0,46.10811453205843,0.0,0.0
0.03500008583068848,0.010999917984008789,0.024000167846679688,1.546688051591678,51.89870931250338,6.75705191656385e9,1.546688051591678
0.029000043869018555,0.017999887466430664,0.01100015640258789,1.6750752807855118,47.031382648218596,3.44068004902326e10,1.6750752807855118
0.021000146865844727,0.01100015640258789,0.009999990463256836,0.0,47.22428392403451,0.0,0.0
0.015000104904174805,0.00800013542175293,0.006999969482421875,1.0127965678072814,42.72081947326677,1.7215268606382659,1.0127965678072814
0.031000137329101562,0.00800013542175293,0.023000001907348633,0.0,38.992775644027596,0.0,0.0
0.03399991989135742,0.01399993896484375,0.019999980926513672,1.2807557372676825,48.91776905500927,180722.46207694086,1.2807557372676825
0.018000125885009766,0.012000083923339844,0.006000041961669922,0.0,38.992775644027596,0.0,0.0
0.014999866485595703,0.006999969482421875,0.007999897003173828,0.0,38.992775644027596,0.0,0.0
0.020999908447265625,0.006000041961669922,0.014999866485595703,0.0,49.64934805347681,0.0,0.0
0.03299999237060547,0.01699995994567871,0.016000032424926758,0.0,44.016793087536826,0.0,0.0
0.02200007438659668,0.010999917984008789,0.01100015640258789,0.0,44.73341391114923,0.0,0.0
0.012000083923339844,0.006000041961669922,0.006000041961669922,0.0,47.21625641292614,0.0,0.0
0.0280001163482666,0.006999969482421875,0.021000146865844727,0.0,49.64934805347681,0.0,0.0
0.023000001907348633,0.012000083923339844,0.010999917984008789,0.0,45.98626049091955,0.0,0.0
0.015000104904174805,0.006999969482421875,0.00800013542175293,0.0,42.483384303363884,0.0,0.0
0.01399993896484375,0.009000062942504883,0.004999876022338867,0.0,45.53563374554418,0.0,0.0
0.02200007438659668,0.007999897003173828,0.014000177383422852,0.0,38.992775644027596,0.0,0.0
0.04800009727478027,0.01399993896484375,0.03400015830993652,0.0,47.21625641292614,0.0,0.0
0.016000032424926758,0.009999990463256836,0.006000041961669922,0.0,41.58670621615082,0.0,0.0
0.02500009536743164,0.016000032424926758,0.009000062942504883,0.0,42.342520519239706,0.0,0.0
0.019999980926513672,0.009999990463256836,0.009999990463256836,0.0,38.099517242621786,0.0,0.0
0.037000179290771484,0.015000104904174805,0.02200007438659668,0.0,46.41517661628044,0.0,0.0
0.017999887466430664,0.009999990463256836,0.007999897003173828,0.0,42.722250532239215,0.0,0.0
0.019999980926513672,0.009000062942504883,0.010999917984008789,0.0,38.68518241225586,0.0,0.0
0.03299999237060547,0.00800013542175293,0.02499985694885254,0.0,45.60756482380497,0.0,0.0
0.021999835968017578,0.009999990463256836,0.011999845504760742,0.0,44.73341391114923,0.0,0.0
0.031999826431274414,0.010999917984008789,0.020999908447265625,0.0,47.21625641292614,0.0,0.0
0.01699995994567871,0.009000062942504883,0.007999897003173828,0.0,38.099517242621786,0.0,0.0
0.023000001907348633,0.009000062942504883,0.01399993896484375,0.0,41.75838163268909,0.0,0.0
0.017999887466430664,0.008999824523925781,0.009000062942504883,0.0,41.63399766490019,0.0,0.0
0.021000146865844727,0.013000011444091797,0.00800013542175293,0.20510996625050737,44.781511495106095,1.5478444904380253e-31,0.20510996625050737
0.03800010681152344,0.0280001163482666,0.009999990463256836,0.0,40.87259022831003,0.0,0.0
0.046000003814697266,0.0279998779296875,0.018000125885009766,0.0,40.90707017773036,0.0,0.0
0.019999980926513672,0.011999845504760742,0.00800013542175293,0.8083389243853389,47.21625641292614,4.33421678592138e-5,0.8083389243853389
0.017999887466430664,0.006999969482421875,0.010999917984008789,0.0,49.85207066670474,0.0,0.0
0.03600001335144043,0.015000104904174805,0.020999908447265625,0.0,37.1663792744288,0.0,0.0
0.04500007629394531,0.03099989891052246,0.014000177383422852,0.0,40.90707017773036,0.0,0.0
0.016000032424926758,0.009999990463256836,0.006000041961669922,0.0,38.477940225211505,0.0,0.0
0.023000001907348633,0.014000177383422852,0.008999824523925781,0.0,50.54499762855159,0.0,0.0
0.023000001907348633,0.009000062942504883,0.01399993896484375,0.21931199505660137,38.099517242621786,7.848650672687404e-26,0.21931199505660137
0.023000001907348633,0.01399993896484375,0.009000062942504883,0.0,49.85207066670474,0.0,0.0
0.019999980926513672,0.007999897003173828,0.012000083923339844,0.0,47.25311423880282,0.0,0.0
0.016000032424926758,0.006999969482421875,0.009000062942504883,0.0,44.06120240095886,0.0,0.0
0.0280001163482666,0.009999990463256836,0.018000125885009766,1.5035772358042299,39.128089542332205,8.522988213434244e6,1.5035772358042299
0.02200007438659668,0.010999917984008789,0.01100015640258789,0.9208520540605081,38.099517242621786,0.04321664000865394,0.9208520540605081
0.01900005340576172,0.010000228881835938,0.008999824523925781,0.0,50.54499762855159,0.0,0.0
0.014999866485595703,0.007999897003173828,0.006999969482421875,0.0,49.85207066670474,0.0,0.0
0.046000003814697266,0.032000064849853516,0.01399993896484375,0.3410344284406208,40.90707017773036,7.729371536685977e-20,0.3410344284406208
0.023000001907348633,0.01399993896484375,0.009000062942504883,0.0,40.90707017773036,0.0,0.0
0.015999794006347656,0.006999969482421875,0.008999824523925781,0.0,50.280879104189964,0.0,0.0
0.015000104904174805,0.006999969482421875,0.00800013542175293,0.0,36.39080877175853,0.0,0.0
0.03900003433227539,0.017999887466430664,0.021000146865844727,0.8526587491323112,37.1663792744288,0.002674033151488575,0.8526587491323112
0.024000167846679688,0.017000198364257812,0.006999969482421875,0.0,37.248998340385604,0.0,0.0
0.012000083923339844,0.006999969482421875,0.005000114440917969,0.0,41.73354163616667,0.0,0.0
0.019999980926513672,0.007999897003173828,0.012000083923339844,0.0,36.39080877175853,0.0,0.0
0.05500006675720215,0.012000083923339844,0.042999982833862305,0.0,38.60865316840485,0.0,0.0
0.02200007438659668,0.01100015640258789,0.010999917984008789,0.8970143778650375,50.54499762855159,0.004113826755178492,0.8970143778650375
0.016000032424926758,0.006000041961669922,0.009999990463256836,0.0,51.61508850720323,0.0,0.0
0.034999847412109375,0.008999824523925781,0.026000022888183594,1.5962305254792564,51.05936158974788,2.343863299245813e10,1.5962305254792564
0.026000022888183594,0.01399993896484375,0.012000083923339844,0.0,53.092092179760975,0.0,0.0
0.01900005340576172,0.009999990463256836,0.009000062942504883,0.0,40.90707017773036,0.0,0.0
0.02500009536743164,0.009000062942504883,0.016000032424926758,0.0,52.360699163610384,0.0,0.0
0.03699994087219238,0.02200007438659668,0.014999866485595703,0.0,50.280879104189964,0.0,0.0
0.03299999237060547,0.02200007438659668,0.010999917984008789,0.0,50.280879104189964,0.0,0.0
0.01699995994567871,0.006000041961669922,0.010999917984008789,0.1837964407787407,52.13407764846801,4.4349945705568315e-39,0.1837964407787407
0.034999847412109375,0.01699995994567871,0.017999887466430664,0.059941868989927816,49.30394848882011,5.461056787179544e-61,0.059941868989927816
0.026000022888183594,0.01399993896484375,0.012000083923339844,1.2644071148379354,50.048265992032626,125679.43556768446,1.2644071148379354
0.016000032424926758,0.009000062942504883,0.006999969482421875,1.026887505767291,49.28651984996014,3.697618922331624,1.026887505767291
0.034999847412109375,0.008999824523925781,0.026000022888183594,0.0,51.926716967106785,0.0,0.0
0.023999929428100586,0.012999773025512695,0.01100015640258789,0.0,38.60865316840485,0.0,0.0
0.026000022888183594,0.009999990463256836,0.016000032424926758,2.0066505260010126,33.88515016975354,1.7754172808156963e10,2.0066505260010126
0.018000125885009766,0.012000083923339844,0.006000041961669922,0.0,51.61508850720323,0.0,0.0
0.03000020980834961,0.013000011444091797,0.017000198364257812,0.0,38.84422898927624,0.0,0.0
0.037999868392944336,0.029000043869018555,0.008999824523925781,0.0,37.78901524857541,0.0,0.0
0.023000001907348633,0.009999990463256836,0.013000011444091797,1.2088944385070377,50.926485172005385,15694.61234903247,1.2088944385070377
0.03600001335144043,0.01699995994567871,0.01900005340576172,0.8534696328296065,40.90707017773036,0.0015314600766210677,0.8534696328296065
0.023000001907348633,0.01399993896484375,0.009000062942504883,0.8758651204571333,40.61632169111499,0.0045921079536830845,0.8758651204571333
0.02200007438659668,0.013000011444091797,0.009000062942504883,0.0,40.115078839673906,0.0,0.0
0.02499985694885254,0.013000011444091797,0.011999845504760742,3.2159645818687155,37.098138768288194,6.61155196010298e18,3.2159645818687155
0.029999971389770508,0.018000125885009766,0.011999845504760742,0.0,36.39080877175853,0.0,0.0
0.029000043869018555,0.013000011444091797,0.016000032424926758,0.0,51.926716967106785,0.0,0.0
0.013000011444091797,0.006000041961669922,0.006999969482421875,0.0,38.84422898927624,0.0,0.0
0.01900005340576172,0.01100015640258789,0.007999897003173828,0.0,39.4610981104245,0.0,0.0
0.031000137329101562,0.01900005340576172,0.012000083923339844,1.9663333480127543,50.280879104189964,5.825582947325826e14,1.9663333480127543
0.02500009536743164,0.01399993896484375,0.01100015640258789,0.18321480397003986,38.84422898927624,2.345693724335744e-29,0.18321480397003986
0.01900005340576172,0.009999990463256836,0.009000062942504883,0.0,51.926716967106785,0.0,0.0
0.042999982833862305,0.008999824523925781,0.03400015830993652,0.0,37.78901524857541,0.0,0.0
0.0280001163482666,0.01100015640258789,0.01699995994567871,0.0,39.666232828220565,0.0,0.0
0.01900005340576172,0.010999917984008789,0.00800013542175293,0.0,51.717599722177226,0.0,0.0
0.019999980926513672,0.00800013542175293,0.011999845504760742,0.0,38.566663501978844,0.0,0.0
0.04499983787536621,0.034999847412109375,0.009999990463256836,0.3007946364846159,53.345226941120266,1.4729887953788923e-28,0.3007946364846159
0.026000022888183594,0.017999887466430664,0.00800013542175293,0.0,39.4610981104245,0.0,0.0
0.012000083923339844,0.006999969482421875,0.005000114440917969,0.0,39.4610981104245,0.0,0.0
0.0410001277923584,0.02500009536743164,0.016000032424926758,3.2957105176059365,37.78901524857541,3.7392529875421766e19,3.2957105176059365
0.019999980926513672,0.01100015640258789,0.008999824523925781,0.6300154221168941,39.590128397501694,1.1383805827304424e-8,0.6300154221168941
0.021999835968017578,0.010999917984008789,0.010999917984008789,0.42008937668636115,38.99627339884514,2.0498870025254786e-15,0.42008937668636115
0.01399993896484375,0.006000041961669922,0.006999969482421875,3.1313020321081986,36.45562253193395,1.1802174065897871e18,3.1313020321081986
0.026999950408935547,0.00800013542175293,0.018999814987182617,0.0,52.89826336907941,0.0,0.0
0.0279998779296875,0.013000011444091797,0.014999866485595703,0.0,40.115078839673906,0.0,0.0
0.029000043869018555,0.011999845504760742,0.017000198364257812,0.0,38.38974211802036,0.0,0.0
0.01900005340576172,0.009000062942504883,0.009999990463256836,0.0,39.79992897943229,0.0,0.0
0.026999950408935547,0.01399993896484375,0.013000011444091797,0.0,39.72019319336767,0.0,0.0
0.020999908447265625,0.007999897003173828,0.013000011444091797,0.0,39.12284661295156,0.0,0.0
0.019999980926513672,0.0070002079010009766,0.012999773025512695,0.47304516275471276,41.5615395831375,3.079298459525585e-14,0.47304516275471276
0.02200007438659668,0.01399993896484375,0.00800013542175293,0.0,37.53889972798404,0.0,0.0
0.032000064849853516,0.009999990463256836,0.02200007438659668,0.0,51.926716967106785,0.0,0.0
0.019999980926513672,0.010999917984008789,0.009000062942504883,0.0,38.607977958757104,0.0,0.0
0.021000146865844727,0.012000083923339844,0.009000062942504883,0.0,39.12284661295156,0.0,0.0
0.023000001907348633,0.01399993896484375,0.009000062942504883,0.0,39.96896450226296,0.0,0.0
0.04699993133544922,0.03600001335144043,0.010999917984008789,0.0,39.666232828220565,0.0,0.0
0.029999971389770508,0.018999814987182617,0.01100015640258789,0.0,39.92120916499666,0.0,0.0
0.01900005340576172,0.009000062942504883,0.009999990463256836,0.0,52.89826336907941,0.0,0.0
0.019999980926513672,0.009999990463256836,0.009999990463256836,0.0,39.35926250010504,0.0,0.0
0.0280001163482666,0.01699995994567871,0.01100015640258789,0.0,37.53889972798404,0.0,0.0
0.019999980926513672,0.007999897003173828,0.012000083923339844,0.0,52.89826336907941,0.0,0.0
0.018000125885009766,0.009000062942504883,0.009000062942504883,0.11125645131528694,53.44582128020019,1.07168526703885e-51,0.11125645131528694
0.03900003433227539,0.016000032424926758,0.023000001907348633,0.0,38.40047615276689,0.0,0.0
0.02700018882751465,0.015000104904174805,0.012000083923339844,0.4347578751433834,39.804667223248735,3.986212332664983e-15,0.4347578751433834
0.019999980926513672,0.009999990463256836,0.009999990463256836,0.0,39.666232828220565,0.0,0.0
0.012000083923339844,0.006999969482421875,0.005000114440917969,0.011773871854587892,51.926716967106785,6.747963550673531e-101,0.011773871854587892
0.04200005531311035,0.026000022888183594,0.016000032424926758,0.0,37.26180539617837,0.0,0.0
0.021000146865844727,0.013000011444091797,0.00800013542175293,0.0,38.696038715833,0.0,0.0
0.017999887466430664,0.009999990463256836,0.007999897003173828,0.0,37.53889972798404,0.0,0.0
0.023000001907348633,0.013000011444091797,0.009999990463256836,2.270826948014879,53.043113774912506,7.818267498303686e18,2.270826948014879
0.0280001163482666,0.015000104904174805,0.013000011444091797,0.0,50.60683342331359,0.0,0.0
0.024000167846679688,0.012000083923339844,0.012000083923339844,0.0,39.56852826792889,0.0,0.0
0.023000001907348633,0.015000104904174805,0.007999897003173828,0.0,39.630971631788405,0.0,0.0
0.04400014877319336,0.009000062942504883,0.03500008583068848,0.0,38.390328374543074,0.0,0.0
0.03699994087219238,0.012000083923339844,0.02499985694885254,0.0,38.599143648318424,0.0,0.0
0.013000011444091797,0.007999897003173828,0.005000114440917969,0.0,39.47304344510079,0.0,0.0
0.03000020980834961,0.006000041961669922,0.024000167846679688,0.0,38.68315551489037,0.0,0.0
0.021000146865844727,0.009999990463256836,0.01100015640258789,1.2612384798581888,39.630971631788405,9878.510504847694,1.2612384798581888
0.019999980926513672,0.009999990463256836,0.009999990463256836,0.0,38.718502314419126,0.0,0.0
0.015999794006347656,0.009999990463256836,0.00599980354309082,0.0,37.53889972798404,0.0,0.0
0.026000022888183594,0.006000041961669922,0.019999980926513672,0.8287391003137201,39.69225699065252,0.0005778558638996562,0.8287391003137201
0.032000064849853516,0.014000177383422852,0.017999887466430664,0.0,37.574020314255634,0.0,0.0
0.014999866485595703,0.008999824523925781,0.006000041961669922,0.0,41.05224201897995,0.0,0.0
0.023000001907348633,0.010999917984008789,0.012000083923339844,1.5279763814903413,39.47304344510079,1.852013629793243e7,1.5279763814903413
0.015000104904174805,0.006000041961669922,0.009000062942504883,0.0,37.53234031745691,0.0,0.0
0.0410001277923584,0.018000125885009766,0.023000001907348633,0.0,38.696038715833,0.0,0.0
0.03099989891052246,0.01900005340576172,0.011999845504760742,0.0,37.574020314255634,0.0,0.0
0.016000032424926758,0.006999969482421875,0.009000062942504883,0.0,36.82227539305196,0.0,0.0
0.03800010681152344,0.01900005340576172,0.01900005340576172,0.0,42.409855270175484,0.0,0.0
0.020999908447265625,0.010999917984008789,0.009999990463256836,0.7851447609785112,36.55218241086992,0.00014460510631092175,0.7851447609785112
0.028999805450439453,0.017999887466430664,0.010999917984008789,0.0,35.63458503382426,0.0,0.0
0.05799984931945801,0.03699994087219238,0.020999908447265625,0.0,36.35602088996576,0.0,0.0
0.01900005340576172,0.009000062942504883,0.009999990463256836,0.0,35.62094703036174,0.0,0.0
0.015000104904174805,0.00800013542175293,0.006999969482421875,0.0,38.78285990163028,0.0,0.0
0.023000001907348633,0.010999917984008789,0.012000083923339844,0.0,38.696038715833,0.0,0.0
0.04199981689453125,0.026999950408935547,0.014999866485595703,0.0,35.932431853422926,0.0,0.0
0.0279998779296875,0.019999980926513672,0.007999897003173828,0.0,38.696038715833,0.0,0.0
0.014000177383422852,0.006999969482421875,0.0070002079010009766,1.4898899868454163,37.6005108971551,3.2410552619882794e6,1.4898899868454163
0.02200007438659668,0.006999969482421875,0.015000104904174805,0.0,38.696038715833,0.0,0.0
0.029999971389770508,0.009999990463256836,0.019999980926513672,0.0,38.696038715833,0.0,0.0
0.018000125885009766,0.009000062942504883,0.009000062942504883,0.668285258661514,36.46045103404976,4.149838986364843e-7,0.668285258661514
0.023000001907348633,0.015000104904174805,0.007999897003173828,0.0,31.521742212816548,0.0,0.0
0.02200007438659668,0.006000041961669922,0.016000032424926758,0.0,37.96383153333906,0.0,0.0
0.019999980926513672,0.012000083923339844,0.007999897003173828,2.1738830580309942,37.05585117952354,3.1374269400655195e12,2.1738830580309942
0.026999950408935547,0.01399993896484375,0.013000011444091797,0.0,35.62094703036174,0.0,0.0
0.01900005340576172,0.009000062942504883,0.009999990463256836,0.0,36.35602088996576,0.0,0.0
0.03500008583068848,0.00800013542175293,0.026999950408935547,0.0,36.15036598620813,0.0,0.0
0.032000064849853516,0.01900005340576172,0.013000011444091797,0.0,37.53456033601678,0.0,0.0
0.021000146865844727,0.013000011444091797,0.00800013542175293,0.10172695303624302,42.818001664073556,3.165151926974754e-43,0.10172695303624302
0.019999980926513672,0.009999990463256836,0.009999990463256836,0.0,43.070861889231544,0.0,0.0
0.046000003814697266,0.031999826431274414,0.014000177383422852,0.0,38.81399091404901,0.0,0.0
0.032000064849853516,0.018000125885009766,0.01399993896484375,0.0,42.291903071959474,0.0,0.0
0.01399993896484375,0.006999969482421875,0.006999969482421875,0.23900669077714154,39.56237645854582,2.5610894282742752e-25,0.23900669077714154
0.03299999237060547,0.019999980926513672,0.013000011444091797,0.0,38.696038715833,0.0,0.0
0.029999971389770508,0.023000001907348633,0.006999969482421875,0.0,38.696038715833,0.0,0.0
0.01900005340576172,0.010999917984008789,0.00800013542175293,0.0,35.62094703036174,0.0,0.0
0.015000104904174805,0.00800013542175293,0.006999969482421875,0.39627572873257133,36.034942631078245,3.2648408259835252e-15,0.39627572873257133
0.02200007438659668,0.012000083923339844,0.009999990463256836,0.11028513885058544,35.62094703036174,7.826157283956716e-35,0.11028513885058544
0.029000043869018555,0.021000146865844727,0.007999897003173828,0.9402480451546413,38.81399091404901,0.09150235609581953,0.9402480451546413
0.032000064849853516,0.02200007438659668,0.009999990463256836,0.0,38.696038715833,0.0,0.0
0.040000200271606445,0.02700018882751465,0.013000011444091797,1.1327147565158935,38.81399091404901,126.0767078735337,1.1327147565158935
0.04699993133544922,0.03600001335144043,0.010999917984008789,0.0,43.126019779779114,0.0,0.0
0.020999908447265625,0.009999990463256836,0.010999917984008789,0.0,38.77168346328327,0.0,0.0
0.017000198364257812,0.00800013542175293,0.009000062942504883,0.0,35.62094703036174,0.0,0.0
0.04500007629394531,0.02500009536743164,0.019999980926513672,0.0,38.64757337871704,0.0,0.0
0.04400014877319336,0.006999969482421875,0.037000179290771484,0.0,43.60143040435303,0.0,0.0
0.03600001335144043,0.018000125885009766,0.017999887466430664,0.0,38.968256961111884,0.0,0.0
0.023999929428100586,0.010999917984008789,0.013000011444091797,0.0,38.713475571944606,0.0,0.0
0.026999950408935547,0.01399993896484375,0.013000011444091797,0.0,35.60351017425014,0.0,0.0
0.02700018882751465,0.014000177383422852,0.013000011444091797,0.0,44.43573628598281,0.0,0.0
0.03600001335144043,0.01699995994567871,0.01900005340576172,0.2067275708942362,35.28258274541786,7.0062794633460605e-25,0.2067275708942362
0.021999835968017578,0.011999845504760742,0.009999990463256836,2.5018371568269626,38.81399091404901,2.870930596710732e15,2.5018371568269626
0.029999971389770508,0.008999824523925781,0.021000146865844727,0.39444485445566224,35.62094703036174,4.061151737553009e-15,0.39444485445566224
0.029000043869018555,0.012000083923339844,0.01699995994567871,0.0,43.60143040435303,0.0,0.0
0.029000043869018555,0.015000104904174805,0.01399993896484375,0.0,38.81399091404901,0.0,0.0
0.026999950408935547,0.014999866485595703,0.012000083923339844,0.0,43.327710246896444,0.0,0.0
0.05000019073486328,0.03299999237060547,0.017000198364257812,0.0,38.62830051269579,0.0,0.0
0.020999908447265625,0.013000011444091797,0.007999897003173828,0.0,43.60143040435303,0.0,0.0
0.01900005340576172,0.009000062942504883,0.009999990463256836,0.0,38.81399091404901,0.0,0.0
0.054000139236450195,0.014000177383422852,0.039999961853027344,0.0,43.60143040435303,0.0,0.0
0.020999908447265625,0.009999990463256836,0.010999917984008789,0.0,39.55439393510073,0.0,0.0
0.03099989891052246,0.01699995994567871,0.01399993896484375,0.0,38.81399091404901,0.0,0.0
0.026999950408935547,0.01399993896484375,0.013000011444091797,0.0,38.77168346328327,0.0,0.0
0.029999971389770508,0.019999980926513672,0.009999990463256836,0.0,44.43573628598281,0.0,0.0
0.031999826431274414,0.015999794006347656,0.016000032424926758,0.0,43.126019779779114,0.0,0.0
0.03900003433227539,0.013000011444091797,0.026000022888183594,0.0,45.42121939228066,0.0,0.0
0.021000146865844727,0.01100015640258789,0.009999990463256836,0.0,39.55439393510073,0.0,0.0
0.016000032424926758,0.009000062942504883,0.006999969482421875,0.0,39.474139242320554,0.0,0.0
0.013000011444091797,0.006000041961669922,0.006999969482421875,0.0,37.77342983208589,0.0,0.0
0.020999908447265625,0.012000083923339844,0.008999824523925781,1.784730709307416,44.731643088486855,1.7916784484210483e11,1.784730709307416
0.017999887466430664,0.007999897003173828,0.009999990463256836,0.0,38.62830051269579,0.0,0.0
0.01399993896484375,0.008999824523925781,0.005000114440917969,0.0,44.62262348130466,0.0,0.0
0.01699995994567871,0.007999897003173828,0.009000062942504883,0.0,39.55439393510073,0.0,0.0
0.013000011444091797,0.006999969482421875,0.006000041961669922,0.0,47.33616394812041,0.0,0.0
0.016000032424926758,0.009999990463256836,0.006000041961669922,0.0,43.646761576186044,0.0,0.0
0.014999866485595703,0.006000041961669922,0.008999824523925781,0.09144395441053499,41.88586174952975,3.0696007084136076e-44,0.09144395441053499
0.023999929428100586,0.016000032424926758,0.007999897003173828,1.0938795033055326,43.20205462260895,48.25716555099348,1.0938795033055326
0.013000011444091797,0.00800013542175293,0.004999876022338867,0.0,44.748279105592154,0.0,0.0
0.013000011444091797,0.004999876022338867,0.00800013542175293,0.7056477442579756,39.47172578315599,1.0556145816436279e-6,0.7056477442579756
0.01399993896484375,0.007999897003173828,0.006000041961669922,0.0,39.55680739426529,0.0,0.0
0.019999980926513672,0.004000186920166016,0.015999794006347656,0.18879730291918806,37.78070129556099,4.4321356975598465e-28,0.18879730291918806
0.01399993896484375,0.007999897003173828,0.006000041961669922,2.1221288244781222,42.45565726713234,7.469803586474123e13,2.1221288244781222
0.01900005340576172,0.013000011444091797,0.006000041961669922,0.0,39.55439393510073,0.0,0.0
0.06400012969970703,0.009000062942504883,0.05500006675720215,0.0,39.931847248400075,0.0,0.0
0.03800010681152344,0.026000022888183594,0.01100015640258789,0.0,39.55682431168485,0.0,0.0
0.02200007438659668,0.01100015640258789,0.010999917984008789,0.0,39.554377017681176,0.0,0.0
0.013000011444091797,0.0070002079010009766,0.00599980354309082,0.0,41.57061242911937,0.0,0.0
0.01699995994567871,0.009000062942504883,0.007999897003173828,0.0,40.23699087725397,0.0,0.0
0.03600001335144043,0.018999814987182617,0.017000198364257812,0.0,39.55439393510073,0.0,0.0
0.03299999237060547,0.019999980926513672,0.013000011444091797,0.0,39.931847248400075,0.0,0.0
0.03600001335144043,0.020999908447265625,0.015000104904174805,0.0,44.797425237608394,0.0,0.0
0.026000022888183594,0.016000032424926758,0.009999990463256836,1.0601170348369848,41.04277905650259,10.97971208819445,1.0601170348369848
0.014999866485595703,0.006999969482421875,0.007999897003173828,0.0,44.23531674084797,0.0,0.0
0.019999980926513672,0.009999990463256836,0.009999990463256836,0.7136803668438985,39.931847248400075,1.412973791450974e-6,0.7136803668438985
0.03600001335144043,0.01100015640258789,0.02499985694885254,0.0,40.75845292050496,0.0,0.0
0.02499985694885254,0.008999824523925781,0.016000032424926758,0.0,38.86976684752176,0.0,0.0
0.015999794006347656,0.009999990463256836,0.00599980354309082,0.0,38.014977513008965,0.0,0.0
0.026000022888183594,0.013000011444091797,0.013000011444091797,0.0,37.31523280982445,0.0,0.0
0.04699993133544922,0.03699994087219238,0.009999990463256836,0.0,38.915518744367894,0.0,0.0
0.037999868392944336,0.009999990463256836,0.0279998779296875,0.0,40.225870234229035,0.0,0.0
0.026999950408935547,0.01100015640258789,0.015999794006347656,0.0,40.2460705285952,0.0,0.0
0.029000043869018555,0.013000011444091797,0.016000032424926758,0.0,40.44899646502391,0.0,0.0
0.0280001163482666,0.018000125885009766,0.009999990463256836,0.0,40.225870234229035,0.0,0.0
0.03600001335144043,0.007999897003173828,0.0280001163482666,0.0,43.30592895994992,0.0,0.0
0.024000167846679688,0.012000083923339844,0.012000083923339844,0.0,40.12654214507941,0.0,0.0
0.02200007438659668,0.009999990463256836,0.012000083923339844,0.09711114223417194,43.45331452104065,9.851084457720545e-45,0.09711114223417194
0.015000104904174805,0.006999969482421875,0.00800013542175293,0.0,36.97452256218847,0.0,0.0
0.019999980926513672,0.009999990463256836,0.009999990463256836,0.0,48.59515055718086,0.0,0.0
0.019999980926513672,0.009999990463256836,0.009999990463256836,0.0,44.23531674084797,0.0,0.0
0.021999835968017578,0.009999990463256836,0.011999845504760742,0.0,43.00830171335825,0.0,0.0
0.018999814987182617,0.010999917984008789,0.007999897003173828,0.0,43.30592895994992,0.0,0.0
0.019999980926513672,0.009999990463256836,0.009999990463256836,0.0,40.125564916043125,0.0,0.0
0.023000001907348633,0.012000083923339844,0.010999917984008789,0.8365950896670582,40.47786683099863,0.0007304409035501496,0.8365950896670582
0.0280001163482666,0.018000125885009766,0.009999990463256836,1.0235141621064514,40.2460705285952,2.548226636528708,1.0235141621064514
0.024000167846679688,0.01100015640258789,0.013000011444091797,0.06410386921275935,41.3561842486943,4.542395565064269e-50,0.06410386921275935
0.014999866485595703,0.009000062942504883,0.00599980354309082,0.0,39.58378175171895,0.0,0.0
0.03099989891052246,0.023000001907348633,0.007999897003173828,0.0,40.12654214507941,0.0,0.0
0.031000137329101562,0.018000125885009766,0.013000011444091797,0.0,40.15279435012704,0.0,0.0
0.03400015830993652,0.021000146865844727,0.013000011444091797,0.0,44.23531674084797,0.0,0.0
0.021999835968017578,0.010999917984008789,0.010999917984008789,0.0,43.30592895994992,0.0,0.0
0.02700018882751465,0.012000083923339844,0.015000104904174805,0.0,41.38015626899094,0.0,0.0
0.026999950408935547,0.01399993896484375,0.013000011444091797,0.9388804318800004,45.28797140660282,0.05748777340109037,0.9388804318800004
0.018000125885009766,0.009999990463256836,0.00800013542175293,0.0,40.44899646502391,0.0,0.0
0.019999980926513672,0.009000062942504883,0.010999917984008789,0.0,41.36723852570679,0.0,0.0
0.03399991989135742,0.02499985694885254,0.009000062942504883,0.0,44.488632938041896,0.0,0.0
0.031000137329101562,0.019999980926513672,0.01100015640258789,0.0,43.341825291582154,0.0,0.0
0.029000043869018555,0.006999969482421875,0.02200007438659668,0.0,40.116898018494794,0.0,0.0
0.020999908447265625,0.010999917984008789,0.009999990463256836,0.0,39.35934108386782,0.0,0.0
0.032000064849853516,0.019999980926513672,0.012000083923339844,0.21455972026038106,44.72297895418962,1.2730456022568768e-30,0.21455972026038106
0.016000032424926758,0.00800013542175293,0.007999897003173828,0.0,44.034976909991414,0.0,0.0
0.02200007438659668,0.00800013542175293,0.01399993896484375,0.0,44.488632938041896,0.0,0.0
0.020999908447265625,0.011999845504760742,0.009000062942504883,0.0,41.4334843041832,0.0,0.0
0.026000022888183594,0.015000104904174805,0.010999917984008789,0.0,39.2930953053914,0.0,0.0
0.01699995994567871,0.009999990463256836,0.006999969482421875,0.0,43.1257556774941,0.0,0.0
0.012000083923339844,0.005000114440917969,0.006999969482421875,2.0278951916667753,43.37423232363671,2.0790411628283953e13,2.0278951916667753
0.02500009536743164,0.012000083923339844,0.013000011444091797,0.0,44.99963948268885,0.0,0.0
0.03099989891052246,0.016000032424926758,0.014999866485595703,0.0,40.44899646502391,0.0,0.0
0.02500009536743164,0.010999917984008789,0.014000177383422852,0.0,43.341825291582154,0.0,0.0
0.026000022888183594,0.006000041961669922,0.019999980926513672,0.0,44.23531674084797,0.0,0.0
0.037000179290771484,0.016000032424926758,0.021000146865844727,0.0,41.879452321692156,0.0,0.0
0.02200007438659668,0.01100015640258789,0.010999917984008789,0.0,44.488632938041896,0.0,0.0
0.01900005340576172,0.01399993896484375,0.005000114440917969,0.0,41.36658435307287,0.0,0.0
0.01699995994567871,0.006000041961669922,0.010999917984008789,0.0,43.1257556774941,0.0,0.0
0.020999908447265625,0.009999990463256836,0.010999917984008789,0.0,45.06674382381735,0.0,0.0
0.03000020980834961,0.013000011444091797,0.017000198364257812,0.0,44.034976909991414,0.0,0.0
0.029999971389770508,0.01399993896484375,0.016000032424926758,0.0,40.44899646502391,0.0,0.0
0.02200007438659668,0.01399993896484375,0.00800013542175293,0.0,44.99963948268885,0.0,0.0
0.03699994087219238,0.021000146865844727,0.015999794006347656,0.0,46.2341651007604,0.0,0.0
0.01699995994567871,0.010999917984008789,0.006000041961669922,0.0,44.23531674084797,0.0,0.0
0.02200007438659668,0.009000062942504883,0.013000011444091797,0.0,44.99963948268885,0.0,0.0
0.01699995994567871,0.006000041961669922,0.010999917984008789,0.0,43.1257556774941,0.0,0.0
0.0409998893737793,0.0279998779296875,0.013000011444091797,0.0,46.00639051705772,0.0,0.0
0.023000001907348633,0.013000011444091797,0.009999990463256836,0.0,45.31816491834934,0.0,0.0
0.026000022888183594,0.013000011444091797,0.013000011444091797,0.0,45.00072108011841,0.0,0.0
0.021000146865844727,0.010000228881835938,0.010999917984008789,0.0,41.36658435307287,0.0,0.0
0.03400015830993652,0.02200007438659668,0.012000083923339844,0.04506090857554268,44.99963948268885,2.6392639202499874e-61,0.04506090857554268
0.029000043869018555,0.01900005340576172,0.009999990463256836,0.0,45.316203506098255,0.0,0.0
0.03699994087219238,0.006000041961669922,0.03099989891052246,0.0,46.00835192930881,0.0,0.0
0.019999980926513672,0.009999990463256836,0.009999990463256836,1.2587481988212446,46.01391054176823,39680.56626206651,1.2587481988212446
0.023000001907348633,0.013000011444091797,0.009999990463256836,0.0,44.014923978890835,0.0,0.0
0.019999980926513672,0.010999917984008789,0.009000062942504883,0.0,44.28921974966443,0.0,0.0
0.026000022888183594,0.016000032424926758,0.009999990463256836,0.0,45.46058066140971,0.0,0.0
0.023000001907348633,0.009999990463256836,0.013000011444091797,0.0,45.3486499139954,0.0,0.0
0.018000125885009766,0.010000228881835938,0.007999897003173828,0.7885393303867438,40.93614259486728,5.975116009781341e-5,0.7885393303867438
0.01699995994567871,0.01100015640258789,0.00599980354309082,0.13707696581853002,42.10204829130332,4.617819764040177e-37,0.13707696581853002
0.029999971389770508,0.004999876022338867,0.02500009536743164,0.0,44.29774301147088,0.0,0.0
0.02500009536743164,0.009999990463256836,0.015000104904174805,0.0,45.316203506098255,0.0,0.0
0.02499985694885254,0.011999845504760742,0.013000011444091797,0.0,47.57330102390663,0.0,0.0
0.01699995994567871,0.009000062942504883,0.007999897003173828,0.0,44.23531674084797,0.0,0.0
0.03399991989135742,0.015999794006347656,0.018000125885009766,0.0,44.259418712155785,0.0,0.0
0.025999784469604492,0.012999773025512695,0.013000011444091797,0.0,51.61034444453769,0.0,0.0
0.017999887466430664,0.011999845504760742,0.006000041961669922,0.0,48.95891570979242,0.0,0.0
0.020000219345092773,0.010000228881835938,0.009999990463256836,0.0,41.909084286044084,0.0,0.0
0.03500008583068848,0.014999866485595703,0.020000219345092773,0.0,46.28555228785826,0.0,0.0
0.029999971389770508,0.013000011444091797,0.01699995994567871,0.0,46.90646399646376,0.0,0.0
0.021999835968017578,0.009999990463256836,0.011999845504760742,1.4091839532876382,46.52725677672195,8.532139023244208e6,1.4091839532876382
0.0559999942779541,0.04499983787536621,0.01100015640258789,0.0,44.37154712483067,0.0,0.0
0.029000043869018555,0.016000032424926758,0.013000011444091797,0.0,44.259418712155785,0.0,0.0
0.0280001163482666,0.01699995994567871,0.01100015640258789,0.0,43.988280939340605,0.0,0.0
0.06599998474121094,0.051000118255615234,0.014999866485595703,0.0,46.28791886380979,0.0,0.0
0.039999961853027344,0.026999950408935547,0.013000011444091797,0.0,44.259434998761236,0.0,0.0
0.0410001277923584,0.013000011444091797,0.0280001163482666,0.1014460478177015,44.23530045424252,1.0977728719111141e-44,0.1014460478177015
0.03900003433227539,0.009999990463256836,0.029000043869018555,0.7721310890987443,44.259434998761236,1.0697168868582355e-5,0.7721310890987443
0.04699993133544922,0.0279998779296875,0.01900005340576172,0.948251216042435,46.28760291506606,0.08547515313363231,0.948251216042435
0.04699993133544922,0.021999835968017578,0.02500009536743164,0.0,51.05499290234669,0.0,0.0
0.042999982833862305,0.01399993896484375,0.029000043869018555,0.0,49.4252956013593,0.0,0.0
0.08300018310546875,0.03299999237060547,0.05000019073486328,1.4102748540365262,51.61034444453769,5.077133671166307e7,1.4102748540365262
0.042999982833862305,0.02200007438659668,0.020999908447265625,0.8424140425565341,50.440098679012365,0.00017518777536470066,0.8424140425565341
0.02500009536743164,0.009999990463256836,0.015000104904174805,0.3560292810514909,44.29774301147088,1.354657692308566e-20,0.3560292810514909
0.042999982833862305,0.026999950408935547,0.015000104904174805,0.0,43.988280939340605,0.0,0.0
0.032000064849853516,0.018000125885009766,0.01399993896484375,0.0,44.54845716665064,0.0,0.0
0.03299999237060547,0.019999980926513672,0.013000011444091797,0.0,44.259418712155785,0.0,0.0
0.042999982833862305,0.01399993896484375,0.029000043869018555,0.0,41.14685365805224,0.0,0.0
0.032000064849853516,0.01900005340576172,0.013000011444091797,0.0,46.90646399646376,0.0,0.0
0.053999900817871094,0.03099989891052246,0.023000001907348633,0.4001357042438114,42.70226483342532,1.0312192329218767e-17,0.4001357042438114
0.032000064849853516,0.018000125885009766,0.01399993896484375,0.0,43.988280939340605,0.0,0.0
0.06600022315979004,0.03400015830993652,0.03099989891052246,0.0,43.988280939340605,0.0,0.0
0.042999982833862305,0.02499985694885254,0.018000125885009766,0.0,42.83426592839643,0.0,0.0
0.08000016212463379,0.03800010681152344,0.04200005531311035,0.0,45.88455243222835,0.0,0.0
0.05099987983703613,0.01699995994567871,0.03399991989135742,0.3226578089435228,45.139013953090384,6.685077150428874e-23,0.3226578089435228
0.0559999942779541,0.03600001335144043,0.019999980926513672,0.0,43.988280939340605,0.0,0.0
0.03399991989135742,0.01900005340576172,0.014999866485595703,0.0,50.99085024206687,0.0,0.0
0.026000022888183594,0.01399993896484375,0.012000083923339844,0.0,45.73810664258899,0.0,0.0
0.023999929428100586,0.013000011444091797,0.010999917984008789,0.0,44.259418712155785,0.0,0.0
0.017999887466430664,0.007999897003173828,0.009999990463256836,0.0,46.583191457190615,0.0,0.0
0.03400015830993652,0.019999980926513672,0.014000177383422852,0.0,44.14775225357393,0.0,0.0
0.023000001907348633,0.012000083923339844,0.010999917984008789,0.018980052604089526,42.83426592839643,1.7870367580635606e-74,0.018980052604089526
0.026000022888183594,0.012000083923339844,0.01399993896484375,0.058849729170005194,43.988280939340605,7.641419718427092e-55,0.058849729170005194
0.02200007438659668,0.009999990463256836,0.012000083923339844,0.0,43.988280939340605,0.0,0.0
0.024000167846679688,0.012000083923339844,0.012000083923339844,0.0,45.14782473291316,0.0,0.0
0.023000001907348633,0.012000083923339844,0.010999917984008789,0.0,52.94084616711926,0.0,0.0
0.023999929428100586,0.01399993896484375,0.009999990463256836,0.0,46.408944754861835,0.0,0.0
0.05500006675720215,0.037000179290771484,0.017999887466430664,0.0,48.546247466931554,0.0,0.0
0.05800008773803711,0.03900003433227539,0.01900005340576172,0.0,49.09511283652653,0.0,0.0
0.057000160217285156,0.029000043869018555,0.0280001163482666,0.0,44.05118707450115,0.0,0.0
0.054000139236450195,0.04200005531311035,0.012000083923339844,0.0,51.33686989348605,0.0,0.0
0.039999961853027344,0.024000167846679688,0.015999794006347656,0.0,42.26711676574953,0.0,0.0
0.059999942779541016,0.029000043869018555,0.03099989891052246,0.411261622074266,43.398367898566626,1.792086583097267e-17,0.411261622074266
0.029999971389770508,0.014999866485595703,0.015000104904174805,0.0,44.51759124434126,0.0,0.0
0.0819997787475586,0.04199981689453125,0.039999961853027344,0.0,44.05118707450115,0.0,0.0
0.04200005531311035,0.01399993896484375,0.0280001163482666,2.1976832797460277,51.959395831547425,5.865434652177572e17,2.1976832797460277
0.09100008010864258,0.07200002670288086,0.01900005340576172,0.0,48.32167322615997,0.0,0.0
0.03299999237060547,0.017999887466430664,0.015000104904174805,0.0,51.33686989348605,0.0,0.0
0.04399991035461426,0.012000083923339844,0.031999826431274414,0.0,51.569067529916445,0.0,0.0
0.0409998893737793,0.017999887466430664,0.023000001907348633,0.0,54.11404100047933,0.0,0.0
0.05099987983703613,0.014999866485595703,0.03600001335144043,0.5785622413169089,42.85092136811724,6.5536351565134e-11,0.5785622413169089
0.042999982833862305,0.023999929428100586,0.01900005340576172,0.0,43.297492302486305,0.0,0.0
0.04999995231628418,0.025999784469604492,0.024000167846679688,0.0,48.546247466931554,0.0,0.0
0.03099989891052246,0.01399993896484375,0.01699995994567871,0.0,48.32167322615997,0.0,0.0
0.029999971389770508,0.011999845504760742,0.018000125885009766,0.8788231862646345,49.04591983252236,0.0017725471092985977,0.8788231862646345
0.03900003433227539,0.016000032424926758,0.023000001907348633,0.0,54.11404100047933,0.0,0.0
0.03900003433227539,0.013000011444091797,0.026000022888183594,0.0,46.38038625599441,0.0,0.0
0.06399989128112793,0.01699995994567871,0.04699993133544922,0.0,44.59645845696811,0.0,0.0
0.034999847412109375,0.017999887466430664,0.01699995994567871,0.9087586084185562,51.569067529916445,0.007198298329681931,0.9087586084185562
0.053999900817871094,0.02200007438659668,0.031999826431274414,0.0,53.18934943539592,0.0,0.0
0.029999971389770508,0.01399993896484375,0.016000032424926758,0.0,43.91258893241286,0.0,0.0
0.03399991989135742,0.011999845504760742,0.02200007438659668,0.7891181892999222,44.5330767595565,2.6267527637561905e-5,0.7891181892999222
0.037999868392944336,0.014999866485595703,0.023000001907348633,0.0,48.11048175563998,0.0,0.0
0.03699994087219238,0.017999887466430664,0.01900005340576172,0.7129050305857731,45.14782473291316,2.3157944884882593e-7,0.7129050305857731
0.03299999237060547,0.009000062942504883,0.023999929428100586,0.0,45.518357360041776,0.0,0.0
0.0559999942779541,0.017000198364257812,0.03899979591369629,0.0,46.38038625599441,0.0,0.0
0.029999971389770508,0.01699995994567871,0.013000011444091797,0.0,44.05118707450115,0.0,0.0
0.03900003433227539,0.01900005340576172,0.01900005340576172,0.0,44.59645845696811,0.0,0.0
0.0989999771118164,0.04199981689453125,0.057000160217285156,0.0,44.05118707450115,0.0,0.0
0.03500008583068848,0.017000198364257812,0.017999887466430664,0.0,53.19265194480277,0.0,0.0
0.048999786376953125,0.03299999237060547,0.015999794006347656,0.0,48.32167322615997,0.0,0.0
0.051000118255615234,0.019999980926513672,0.031000137329101562,4.097099303387582,44.031996467370355,9.301707029606864e26,4.097099303387582
0.05299997329711914,0.03500008583068848,0.017999887466430664,0.0,49.3904407161625,0.0,0.0
0.05200004577636719,0.011999845504760742,0.040000200271606445,1.4654554194154135,44.05118707450115,2.0478142001726136e7,1.4654554194154135
0.04999995231628418,0.03500008583068848,0.014999866485595703,0.0,49.94474752190602,0.0,0.0
0.06100010871887207,0.0280001163482666,0.03299999237060547,0.0,50.173958212184566,0.0,0.0
0.039999961853027344,0.0280001163482666,0.011999845504760742,0.0,51.5731103021524,0.0,0.0
0.06200003623962402,0.026000022888183594,0.03600001335144043,0.0,44.35180112650187,0.0,0.0
0.04200005531311035,0.029000043869018555,0.013000011444091797,0.0,46.795314298494816,0.0,0.0
0.0409998893737793,0.026999950408935547,0.01399993896484375,0.0,49.28423856743994,0.0,0.0
0.0409998893737793,0.0279998779296875,0.013000011444091797,0.0,46.795314298494816,0.0,0.0
0.028999805450439453,0.01699995994567871,0.011999845504760742,0.0,44.59645845696811,0.0,0.0
0.03699994087219238,0.017999887466430664,0.01900005340576172,1.1334590086492158,45.99635679071736,318.0309906411242,1.1334590086492158
0.026999950408935547,0.014999866485595703,0.012000083923339844,0.0,49.048296595864194,0.0,0.0
0.03500008583068848,0.020999908447265625,0.014000177383422852,0.5778046213672527,49.3904407161625,1.7149803565466436e-12,0.5778046213672527
0.03600001335144043,0.01399993896484375,0.02200007438659668,0.0,48.33541708943005,0.0,0.0
0.029999971389770508,0.014999866485595703,0.015000104904174805,0.6997515412218047,44.28198866285523,1.3608364382230283e-7,0.6997515412218047
0.0279998779296875,0.014999866485595703,0.013000011444091797,0.0,49.16882124441771,0.0,0.0
0.03699994087219238,0.013000011444091797,0.023999929428100586,0.0,52.607740926133225,0.0,0.0
0.03399991989135742,0.019999980926513672,0.01399993896484375,0.0,44.286467196386084,0.0,0.0
0.039999961853027344,0.019999980926513672,0.019999980926513672,0.02123243365597105,54.33094097322442,1.2715210885077036e-91,0.02123243365597105
0.06200003623962402,0.04200005531311035,0.019999980926513672,0.0328860244037954,44.59645845696811,7.310707044519942e-67,0.0328860244037954
0.03899979591369629,0.018999814987182617,0.019999980926513672,0.0,43.0197981665351,0.0,0.0
0.04399991035461426,0.026000022888183594,0.017999887466430664,2.050309972894082,52.59717518432937,2.516669220110175e16,2.050309972894082
0.04500007629394531,0.029999971389770508,0.015000104904174805,0.0,46.844479718645545,0.0,0.0
0.051000118255615234,0.029999971389770508,0.021000146865844727,0.0,48.33541708943005,0.0,0.0
0.06300020217895508,0.04200005531311035,0.021000146865844727,0.0,47.38069360060078,0.0,0.0
0.042999982833862305,0.02200007438659668,0.020999908447265625,1.6104478280936596,49.048296595864194,1.4137778081868263e10,1.6104478280936596
0.05099987983703613,0.028999805450439453,0.02200007438659668,0.313918716638093,52.84104511529934,2.5780747424259643e-27,0.313918716638093
0.04900002479553223,0.0280001163482666,0.020999908447265625,0.06700655599406913,47.67335321513547,1.0891187849451512e-56,0.06700655599406913
0.07599997520446777,0.026999950408935547,0.04900002479553223,0.0,49.34325846235448,0.0,0.0
0.046000003814697266,0.01699995994567871,0.029000043869018555,0.0,45.40305546929159,0.0,0.0
0.0280001163482666,0.01399993896484375,0.014000177383422852,0.3523618231597858,51.606541443118346,4.18467015096033e-24,0.3523618231597858
0.03800010681152344,0.014000177383422852,0.023999929428100586,0.0,46.844479718645545,0.0,0.0
0.03000020980834961,0.014000177383422852,0.016000032424926758,0.0,46.99732956530249,0.0,0.0
0.039999961853027344,0.021000146865844727,0.018999814987182617,0.11996106277725849,47.38069360060078,2.313613752649475e-44,0.11996106277725849
0.0559999942779541,0.03399991989135742,0.02200007438659668,0.0,51.367564062030596,0.0,0.0
0.046000003814697266,0.016000032424926758,0.029999971389770508,0.0,46.795314298494816,0.0,0.0
0.06099987030029297,0.029000043869018555,0.031999826431274414,0.0,46.92411541000567,0.0,0.0
0.029000043869018555,0.01699995994567871,0.012000083923339844,0.0,49.26362277099434,0.0,0.0
0.04800009727478027,0.012000083923339844,0.03600001335144043,0.0,48.98770299722056,0.0,0.0
0.07499980926513672,0.05799984931945801,0.01699995994567871,0.0,48.43860532971138,0.0,0.0
0.059999942779541016,0.03900003433227539,0.020999908447265625,0.0,46.31043298821258,0.0,0.0
0.05200004577636719,0.029999971389770508,0.02200007438659668,0.0,46.31749244221784,0.0,0.0
0.04800009727478027,0.026000022888183594,0.02200007438659668,0.0,44.469552589478205,0.0,0.0
0.05000019073486328,0.014000177383422852,0.03600001335144043,0.27372253080532705,50.25746887902801,5.255963203227578e-29,0.27372253080532705
0.03800010681152344,0.024000167846679688,0.01399993896484375,0.0,46.92216983143979,0.0,0.0
0.04500007629394531,0.029999971389770508,0.014000177383422852,0.0,45.43564457809629,0.0,0.0
0.046000003814697266,0.025999784469604492,0.020000219345092773,2.3754921255954353,51.367564062030596,2.00238170978538e19,2.3754921255954353
0.04200005531311035,0.029000043869018555,0.013000011444091797,0.9304159984243365,46.31043298821258,0.03543448738660449,0.9304159984243365
0.08299994468688965,0.03500008583068848,0.04799985885620117,0.0,48.878733666412835,0.0,0.0
0.04699993133544922,0.029999971389770508,0.01699995994567871,0.0,44.469552589478205,0.0,0.0
0.03500008583068848,0.01399993896484375,0.021000146865844727,0.0,51.367564062030596,0.0,0.0
0.06800007820129395,0.03600001335144043,0.032000064849853516,0.0,46.795314298494816,0.0,0.0
0.057000160217285156,0.03000020980834961,0.026999950408935547,1.3764878921807888,48.844913685048816,6.0024103992979005e6,1.3764878921807888
0.04199981689453125,0.023000001907348633,0.018999814987182617,0.0,51.367564062030596,0.0,0.0
0.05500006675720215,0.019999980926513672,0.03500008583068848,0.0,48.878733666412835,0.0,0.0
0.03699994087219238,0.01399993896484375,0.023000001907348633,0.0,47.096906134161586,0.0,0.0
0.026999950408935547,0.012999773025512695,0.014000177383422852,0.0,50.47904089063148,0.0,0.0
0.0559999942779541,0.03299999237060547,0.023000001907348633,0.0,46.45498359226434,0.0,0.0
0.05900001525878906,0.04200005531311035,0.01699995994567871,0.0,45.71761585495943,0.0,0.0
0.042999982833862305,0.021999835968017578,0.021000146865844727,0.0,50.36086942663356,0.0,0.0
0.03500008583068848,0.018000125885009766,0.01699995994567871,0.0,46.94910179420814,0.0,0.0
0.0410001277923584,0.02500009536743164,0.016000032424926758,0.0,46.795314298494816,0.0,0.0
0.03900003433227539,0.023999929428100586,0.015000104904174805,0.5071751510743105,46.795314298494816,1.5950503936203744e-14,0.5071751510743105
0.06800007820129395,0.03900003433227539,0.029000043869018555,0.0,51.367564062030596,0.0,0.0
0.037999868392944336,0.020999908447265625,0.01699995994567871,0.16591172567284485,49.74564775182951,1.5569692805170654e-39,0.16591172567284485
0.04399991035461426,0.023999929428100586,0.019999980926513672,0.0,53.221723901055114,0.0,0.0
0.051000118255615234,0.03600001335144043,0.015000104904174805,0.0,41.92007196549283,0.0,0.0
0.029000043869018555,0.01399993896484375,0.015000104904174805,0.0,53.51719850091103,0.0,0.0
0.07899999618530273,0.03099989891052246,0.04800009727478027,0.0,47.036110426992806,0.0,0.0
0.042999982833862305,0.015000104904174805,0.0279998779296875,0.0,48.82325101899358,0.0,0.0
0.039999961853027344,0.013000011444091797,0.026999950408935547,0.0,47.88497364952137,0.0,0.0
0.031999826431274414,0.01699995994567871,0.014999866485595703,0.0,43.06839764603542,0.0,0.0
0.0409998893737793,0.011999845504760742,0.029000043869018555,0.0,44.50401015436822,0.0,0.0
0.03699994087219238,0.018999814987182617,0.018000125885009766,0.0,43.06839764603542,0.0,0.0
0.03000020980834961,0.016000032424926758,0.014000177383422852,0.0,48.38842543194073,0.0,0.0
0.029999971389770508,0.018000125885009766,0.011999845504760742,0.0,54.48250058647267,0.0,0.0
0.05099987983703613,0.037999868392944336,0.013000011444091797,0.0,47.07394466003285,0.0,0.0
0.032000064849853516,0.020000219345092773,0.011999845504760742,0.0,54.75566266846089,0.0,0.0
0.05300021171569824,0.024000167846679688,0.029000043869018555,0.8770819627708959,47.79196140886876,0.0018957386821811888,0.8770819627708959
0.042999982833862305,0.017999887466430664,0.02500009536743164,0.0,42.01308420607759,0.0,0.0
0.08000016212463379,0.054000139236450195,0.026000022888183594,0.0,51.367564062030596,0.0,0.0
0.03099989891052246,0.016000032424926758,0.014999866485595703,0.0,43.88027221482261,0.0,0.0
0.04399991035461426,0.029999971389770508,0.01399993896484375,0.0,50.255529495132976,0.0,0.0
0.029000043869018555,0.014999866485595703,0.014000177383422852,0.0,48.87768221911378,0.0,0.0
0.08000016212463379,0.04999995231628418,0.03000020980834961,0.9038832189817247,48.82325101899358,0.007198814086378631,0.9038832189817247
0.042999982833862305,0.018000125885009766,0.02499985694885254,0.0,47.00656848662031,0.0,0.0
0.05099987983703613,0.03699994087219238,0.01399993896484375,0.0,52.29064535011243,0.0,0.0
0.0279998779296875,0.01399993896484375,0.01399993896484375,0.0,47.6851876329925,0.0,0.0
0.05099987983703613,0.029000043869018555,0.021999835968017578,0.0,47.71508540547184,0.0,0.0
0.04699993133544922,0.016000032424926758,0.03099989891052246,0.0,52.29064535011243,0.0,0.0
0.056999921798706055,0.0409998893737793,0.016000032424926758,0.0,52.29064535011243,0.0,0.0
0.03600001335144043,0.010999917984008789,0.02500009536743164,0.0,49.67947003454275,0.0,0.0
0.046000003814697266,0.016000032424926758,0.029999971389770508,0.0,51.33430987257085,0.0,0.0
0.0410001277923584,0.03299999237060547,0.00800013542175293,3.3015702387618617,49.005894897226916,2.6324753622824325e25,3.3015702387618617
0.040000200271606445,0.01900005340576172,0.021000146865844727,0.0,46.945731981919714,0.0,0.0
0.04500007629394531,0.026000022888183594,0.01900005340576172,0.0,48.87768221911378,0.0,0.0
0.03299999237060547,0.016000032424926758,0.01699995994567871,0.0,51.33430987257085,0.0,0.0
0.04500007629394531,0.016000032424926758,0.029000043869018555,0.0,51.42494105634387,0.0,0.0
0.03300023078918457,0.01900005340576172,0.014000177383422852,0.0,47.44986704721879,0.0,0.0
0.03600001335144043,0.011999845504760742,0.024000167846679688,0.0,49.71565609351898,0.0,0.0
0.031000137329101562,0.01900005340576172,0.012000083923339844,1.3170042284296257,52.29064535011243,1.7918030015648503e6,1.3170042284296257
0.06300020217895508,0.037000179290771484,0.026000022888183594,0.0,47.89262299898147,0.0,0.0
0.03399991989135742,0.01900005340576172,0.014999866485595703,0.0,47.71508540547184,0.0,0.0
0.04700016975402832,0.03400015830993652,0.013000011444091797,0.0,49.67947003454275,0.0,0.0
0.04399991035461426,0.023000001907348633,0.020999908447265625,0.0,47.6851876329925,0.0,0.0
0.03800010681152344,0.024000167846679688,0.01399993896484375,0.0,47.90554434483804,0.0,0.0
0.03399991989135742,0.019999980926513672,0.01399993896484375,0.0,45.80466675088275,0.0,0.0
0.04800009727478027,0.029999971389770508,0.018000125885009766,0.0,47.18486419451577,0.0,0.0
0.04400014877319336,0.01900005340576172,0.02500009536743164,0.0,49.38515619852221,0.0,0.0
0.03299999237060547,0.018000125885009766,0.014999866485595703,0.0,51.42494105634387,0.0,0.0
0.04500007629394531,0.01900005340576172,0.026000022888183594,0.0,47.374204791545544,0.0,0.0
0.05099987983703613,0.01699995994567871,0.03399991989135742,0.0,47.68507599469709,0.0,0.0
0.04699993133544922,0.016000032424926758,0.03099989891052246,0.0,47.71519704376726,0.0,0.0
0.03600001335144043,0.019999980926513672,0.016000032424926758,0.17320867808852558,51.33430987257085,8.175198827314032e-40,0.17320867808852558
0.03299999237060547,0.014999866485595703,0.018000125885009766,0.0,53.1795757197621,0.0,0.0
0.02200007438659668,0.01399993896484375,0.00800013542175293,0.0,49.86978268479892,0.0,0.0
0.03699994087219238,0.02500009536743164,0.011999845504760742,0.26144804212527184,47.871189127663804,1.2869035657378472e-28,0.26144804212527184
0.034999847412109375,0.026000022888183594,0.008999824523925781,0.0,45.57541379442514,0.0,0.0
0.03399991989135742,0.01900005340576172,0.014999866485595703,2.4888629212529145,47.16958036507283,4.777491707464598e18,2.4888629212529145
0.04199981689453125,0.025999784469604492,0.016000032424926758,0.0,45.4182445953627,0.0,0.0
0.03299999237060547,0.01399993896484375,0.01900005340576172,0.0,47.057869708203235,0.0,0.0
0.029999971389770508,0.01399993896484375,0.016000032424926758,0.0,47.18486419451577,0.0,0.0
0.04499983787536621,0.03299999237060547,0.011999845504760742,0.0,48.6038547179052,0.0,0.0
0.037999868392944336,0.018999814987182617,0.01900005340576172,0.42693891483833735,49.62691574836293,4.530976558653029e-19,0.42693891483833735
0.03699994087219238,0.008999824523925781,0.0280001163482666,0.576577844369488,39.90948104477421,2.8573595600792243e-10,0.576577844369488
0.032000064849853516,0.014000177383422852,0.017999887466430664,0.0,44.81000147004895,0.0,0.0
0.046000003814697266,0.029999971389770508,0.016000032424926758,0.0,47.90554434483804,0.0,0.0
0.04400014877319336,0.0280001163482666,0.016000032424926758,0.0,47.71519704376726,0.0,0.0
0.03500008583068848,0.009999990463256836,0.02500009536743164,0.0,51.7565586247915,0.0,0.0
0.04699993133544922,0.0280001163482666,0.018999814987182617,2.926178833610118,49.86978268479892,1.7960680202667664e23,2.926178833610118
0.034999847412109375,0.019999980926513672,0.014999866485595703,0.0,46.369301848625184,0.0,0.0
0.06800007820129395,0.03600001335144043,0.032000064849853516,0.0,49.86978268479892,0.0,0.0
0.03900003433227539,0.023999929428100586,0.01399993896484375,0.0,49.86594072354764,0.0,0.0
0.05800008773803711,0.03099989891052246,0.02700018882751465,0.0,45.57925575564771,0.0,0.0
0.029000043869018555,0.013000011444091797,0.016000032424926758,0.17170265706009769,44.886216514749485,4.487820211624586e-35,0.17170265706009769
0.046000003814697266,0.01399993896484375,0.032000064849853516,0.5354976273620204,46.854614888620674,1.9545172497514576e-13,0.5354976273620204
0.06499981880187988,0.04199981689453125,0.023000001907348633,0.0,47.32277915165132,0.0,0.0
0.04200005531311035,0.02200007438659668,0.019999980926513672,0.0,45.80466675088275,0.0,0.0
0.032000064849853516,0.015000104904174805,0.01699995994567871,0.0,51.7565586247915,0.0,0.0
0.03600001335144043,0.016000032424926758,0.019999980926513672,0.0,45.80466675088275,0.0,0.0
0.04799985885620117,0.015999794006347656,0.032000064849853516,0.0,43.011092177030676,0.0,0.0
0.029000043869018555,0.01399993896484375,0.015000104904174805,0.0,48.21897783586714,0.0,0.0
0.04699993133544922,0.032000064849853516,0.014999866485595703,0.0,49.784930719651705,0.0,0.0
0.03600001335144043,0.02200007438659668,0.013000011444091797,0.0,45.80466675088275,0.0,0.0
0.029000043869018555,0.016000032424926758,0.013000011444091797,0.1322678288725343,45.80466675088275,5.734605442481616e-41,0.1322678288725343
0.03800010681152344,0.015000104904174805,0.023000001907348633,3.051710904047815,45.57925575564771,1.2165419047477173e22,3.051710904047815
0.037000179290771484,0.0280001163482666,0.009000062942504883,0.0,51.7565586247915,0.0,0.0
0.03900003433227539,0.018000125885009766,0.020999908447265625,1.1378295005111294,49.86594072354764,625.664925340211,1.1378295005111294
0.042999982833862305,0.021000146865844727,0.021999835968017578,0.0,43.708018602085566,0.0,0.0
0.04399991035461426,0.0280001163482666,0.015999794006347656,0.0,48.2316188687911,0.0,0.0
0.0280001163482666,0.014000177383422852,0.01399993896484375,1.3825564086723618,50.225382992400256,1.1637253834914e7,1.3825564086723618
0.03299999237060547,0.015000104904174805,0.017999887466430664,0.0,45.57925575564771,0.0,0.0
0.05099987983703613,0.017999887466430664,0.03299999237060547,0.0,45.658677109905,0.0,0.0
0.0409998893737793,0.01900005340576172,0.021999835968017578,0.43617135442683086,49.70550936537648,1.227367420368135e-18,0.43617135442683086
0.04800009727478027,0.029000043869018555,0.01900005340576172,0.0,51.7565586247915,0.0,0.0
0.03299999237060547,0.016000032424926758,0.01699995994567871,0.0,48.21897783586714,0.0,0.0
0.0279998779296875,0.017999887466430664,0.009999990463256836,1.0139693023013563,45.80466675088275,1.8878360629104114,1.0139693023013563
0.029999971389770508,0.015000104904174805,0.014999866485595703,0.0,45.43201115640624,0.0,0.0
0.03600001335144043,0.013000011444091797,0.02200007438659668,0.0,45.834575223330056,0.0,0.0
0.046000003814697266,0.01699995994567871,0.029000043869018555,0.01927984763395285,48.2316188687911,1.9398596552992276e-83,0.01927984763395285
0.04999995231628418,0.032000064849853516,0.017999887466430664,0.0,48.21897783586714,0.0,0.0
0.054000139236450195,0.0410001277923584,0.013000011444091797,0.13263572244501143,47.879283065269846,9.854034599588202e-43,0.13263572244501143
0.04999995231628418,0.016000032424926758,0.03399991989135742,0.0,48.21897783586714,0.0,0.0
0.06399989128112793,0.029999971389770508,0.03399991989135742,0.0,48.21919511774217,0.0,0.0
0.03600001335144043,0.019999980926513672,0.016000032424926758,0.0,48.23140158691607,0.0,0.0
0.0280001163482666,0.012000083923339844,0.016000032424926758,0.0,45.81213526841381,0.0,0.0
0.03900003433227539,0.012000083923339844,0.026999950408935547,0.0,45.7207466935987,0.0,0.0
0.03600001335144043,0.021999835968017578,0.014000177383422852,0.0,42.98555360928327,0.0,0.0
0.039999961853027344,0.016000032424926758,0.023999929428100586,0.0,46.82122322889628,0.0,0.0
0.0409998893737793,0.023000001907348633,0.017999887466430664,1.70528370348499,45.7207466935987,3.9620097675473305e10,1.70528370348499
0.031000137329101562,0.016000032424926758,0.015000104904174805,0.0,46.93374323043496,0.0,0.0
0.029000043869018555,0.013000011444091797,0.016000032424926758,1.131842188090737,45.97190767568886,296.919967771022,1.131842188090737
0.05099987983703613,0.026999950408935547,0.023999929428100586,0.0,49.92823612930446,0.0,0.0
0.040000200271606445,0.023000001907348633,0.017000198364257812,0.2862143237132164,46.443737499279045,5.844082628340848e-26,0.2862143237132164
0.032000064849853516,0.01900005340576172,0.013000011444091797,0.0,45.06251383849061,0.0,0.0
0.04200005531311035,0.026000022888183594,0.016000032424926758,0.0,48.21897783586714,0.0,0.0
0.046000003814697266,0.029000043869018555,0.01699995994567871,0.0,36.702919891178624,0.0,0.0
0.05000019073486328,0.031000137329101562,0.017999887466430664,1.5229047910552262,46.838965159065,3.599172913195778e8,1.5229047910552262
0.046000003814697266,0.015000104904174805,0.03099989891052246,0.0,45.834575223330056,0.0,0.0
0.04199981689453125,0.018999814987182617,0.02200007438659668,0.0,45.06251383849061,0.0,0.0
0.028999805450439453,0.01699995994567871,0.011999845504760742,0.0,46.1228623527648,0.0,0.0
0.034999847412109375,0.01900005340576172,0.015999794006347656,0.0,42.805026464275976,0.0,0.0
0.039999961853027344,0.021999835968017578,0.018000125885009766,0.0,50.383123384824806,0.0,0.0
0.05299997329711914,0.01699995994567871,0.03600001335144043,0.0,45.834575223330056,0.0,0.0
0.06299996376037598,0.04799985885620117,0.015000104904174805,0.0,48.21897783586714,0.0,0.0
0.14400005340576172,0.014000177383422852,0.12999987602233887,0.0,45.834575223330056,0.0,0.0
0.039999961853027344,0.019999980926513672,0.019999980926513672,4.962205207257533,34.891929266487296,1.8768653977356536e24,4.962205207257533
0.029999971389770508,0.01399993896484375,0.016000032424926758,0.0,52.25023394527531,0.0,0.0
0.04399991035461426,0.026000022888183594,0.017999887466430664,0.21467611121186225,44.12705370156203,3.26275384217108e-30,0.21467611121186225
0.04399991035461426,0.018999814987182617,0.02500009536743164,0.28781947639244576,50.383123384824806,5.607705926238965e-28,0.28781947639244576
0.0409998893737793,0.019999980926513672,0.020999908447265625,0.0,50.383123384824806,0.0,0.0
0.0409998893737793,0.01900005340576172,0.021999835968017578,0.0,50.383123384824806,0.0,0.0
0.06299996376037598,0.01399993896484375,0.04800009727478027,0.0,46.1228623527648,0.0,0.0
0.059999942779541016,0.020999908447265625,0.03900003433227539,0.2681663088389863,48.17052821952798,2.9236748419473117e-28,0.2681663088389863
0.05300021171569824,0.03300023078918457,0.019999980926513672,0.0,47.15843235003472,0.0,0.0
0.03400015830993652,0.021000146865844727,0.013000011444091797,0.5362589775946214,50.383123384824806,2.3176393916276063e-14,0.5362589775946214
0.032000064849853516,0.012000083923339844,0.019999980926513672,0.0,50.383123384824806,0.0,0.0
0.03500008583068848,0.018000125885009766,0.01699995994567871,0.0,37.718899770977806,0.0,0.0
0.04200005531311035,0.023999929428100586,0.018000125885009766,0.0,37.06900698484354,0.0,0.0
0.031000137329101562,0.015000104904174805,0.016000032424926758,0.0,50.37784549406401,0.0,0.0
0.029000043869018555,0.016000032424926758,0.013000011444091797,0.2902069023961107,45.83985311392689,2.347478454507068e-25,0.2902069023961107
0.029000043869018555,0.014999866485595703,0.014000177383422852,0.0,52.233665719751244,0.0,0.0
0.056999921798706055,0.01900005340576172,0.037999868392944336,0.0,50.37784549406401,0.0,0.0
0.04399991035461426,0.019999980926513672,0.023999929428100586,0.007019435067898705,49.085808981885435,1.92308850215057e-106,0.007019435067898705
0.06800007820129395,0.04999995231628418,0.018000125885009766,0.0,37.4080398673197,0.0,0.0
0.05799984931945801,0.037999868392944336,0.019999980926513672,0.0,52.25023394527531,0.0,0.0
0.023999929428100586,0.011999845504760742,0.012000083923339844,0.0,50.37784549406401,0.0,0.0
0.026000022888183594,0.015000104904174805,0.010999917984008789,0.0,52.675682737149444,0.0,0.0
0.019999980926513672,0.006999969482421875,0.013000011444091797,0.0,37.28857368213509,0.0,0.0
0.04200005531311035,0.026000022888183594,0.016000032424926758,0.0,43.676841005456154,0.0,0.0
0.03600001335144043,0.019999980926513672,0.016000032424926758,0.0,44.9353292896842,0.0,0.0
0.05299997329711914,0.015000104904174805,0.037999868392944336,0.0,43.64909121903934,0.0,0.0
0.03299999237060547,0.01900005340576172,0.01399993896484375,0.0,53.51943883306132,0.0,0.0
0.029000043869018555,0.013000011444091797,0.016000032424926758,0.0,52.67921879641207,0.0,0.0
0.04399991035461426,0.013000011444091797,0.03099989891052246,0.6490953878047101,37.25721409200488,1.0165727566096849e-7,0.6490953878047101
0.04199981689453125,0.009999990463256836,0.031999826431274414,0.0,51.85328124046995,0.0,0.0
0.06800007820129395,0.01699995994567871,0.051000118255615234,0.0,37.4080398673197,0.0,0.0
0.03399991989135742,0.019999980926513672,0.01399993896484375,0.0,37.58665131844805,0.0,0.0
0.04200005531311035,0.023000001907348633,0.01900005340576172,0.6493959892468082,51.97473273482177,1.79985150553488e-10,0.6493959892468082
0.03699994087219238,0.023000001907348633,0.01399993896484375,0.0,37.4080398673197,0.0,0.0
0.03399991989135742,0.023000001907348633,0.010999917984008789,0.0,52.675682737149444,0.0,0.0
0.05299997329711914,0.032000064849853516,0.020999908447265625,0.0,37.4080398673197,0.0,0.0
0.03399991989135742,0.01399993896484375,0.019999980926513672,0.0,37.58665131844805,0.0,0.0
0.03500008583068848,0.021000146865844727,0.01399993896484375,2.3292545585502777,53.435399991674025,4.191648210362234e19,2.3292545585502777
0.02700018882751465,0.015000104904174805,0.012000083923339844,2.005739737545702,37.4080398673197,2.0300161564985776e11,2.005739737545702
0.029999971389770508,0.006999969482421875,0.023000001907348633,0.5241793565764374,33.61813081576982,3.7105563583852426e-10,0.5241793565764374
0.039999961853027344,0.026999950408935547,0.013000011444091797,0.0,52.67921879641207,0.0,0.0
0.0280001163482666,0.016000032424926758,0.012000083923339844,0.0,52.233665719751244,0.0,0.0
0.08299994468688965,0.02200007438659668,0.06099987030029297,0.0,53.728897756183024,0.0,0.0
0.03699994087219238,0.014999866485595703,0.02200007438659668,0.0,38.36314123252602,0.0,0.0
0.03599977493286133,0.014999866485595703,0.020999908447265625,0.0,54.481249359338804,0.0,0.0
0.03500008583068848,0.01900005340576172,0.016000032424926758,0.0,38.36314123252602,0.0,0.0
0.02200007438659668,0.009999990463256836,0.012000083923339844,0.0,37.14319933722188,0.0,0.0
0.04200005531311035,0.02700018882751465,0.014999866485595703,0.0,37.48734396868145,0.0,0.0
0.03500008583068848,0.018000125885009766,0.01699995994567871,0.4122759710477708,34.926257670183325,3.630427314319056e-14,0.4122759710477708
0.03899979591369629,0.023999929428100586,0.014999866485595703,1.2953597922735471,49.07448179076667,327718.72159947245,1.2953597922735471
0.032000064849853516,0.016000032424926758,0.016000032424926758,0.0,52.5214853973785,0.0,0.0
0.026000022888183594,0.01399993896484375,0.012000083923339844,0.0,37.56503850258877,0.0,0.0
0.019999980926513672,0.006999969482421875,0.013000011444091797,1.82853531698969,37.58665131844805,7.1053804040781975e9,1.82853531698969
0.03900003433227539,0.015000104904174805,0.023000001907348633,0.0,53.40732491135179,0.0,0.0
0.032000064849853516,0.015000104904174805,0.01699995994567871,0.0,34.45769421628234,0.0,0.0
0.04800009727478027,0.015000104904174805,0.03299999237060547,0.0,40.52386637377345,0.0,0.0
0.04999995231628418,0.03299999237060547,0.01699995994567871,0.0,38.36314123252602,0.0,0.0
0.03800010681152344,0.021000146865844727,0.01699995994567871,3.128304994913338,37.58665131844805,4.140091976154089e18,3.128304994913338
0.03399991989135742,0.016000032424926758,0.017999887466430664,0.0,55.18200170695322,0.0,0.0
0.0279998779296875,0.012000083923339844,0.015999794006347656,0.0,37.676280394724095,0.0,0.0
0.0279998779296875,0.013000011444091797,0.014999866485595703,0.8221978776836791,53.23654842851094,2.9760101937058973e-5,0.8221978776836791
0.0709998607635498,0.042999982833862305,0.026999950408935547,0.0,37.33474944207054,0.0,0.0
0.03900003433227539,0.01399993896484375,0.02500009536743164,0.0,40.05296808405899,0.0,0.0
0.025999784469604492,0.011999845504760742,0.01399993896484375,0.0,37.58665131844805,0.0,0.0
0.026999950408935547,0.013000011444091797,0.01399993896484375,0.4265334371270946,55.18200170695322,3.802509957094502e-21,0.4265334371270946
0.04699993133544922,0.01399993896484375,0.03299999237060547,0.00870728869938553,52.2848900545994,1.9364497756648984e-108,0.00870728869938553
0.04499983787536621,0.02499985694885254,0.019999980926513672,0.24739135400883017,40.05296808405899,5.049512392958793e-25,0.24739135400883017
0.029000043869018555,0.01399993896484375,0.015000104904174805,0.0,40.296648510398526,0.0,0.0
0.06999993324279785,0.02200007438659668,0.04799985885620117,0.0,38.36314123252602,0.0,0.0
0.03299999237060547,0.012000083923339844,0.020999908447265625,0.0,34.1916128704563,0.0,0.0
0.03699994087219238,0.013000011444091797,0.023999929428100586,0.0,54.481249359338804,0.0,0.0
0.021000146865844727,0.00800013542175293,0.013000011444091797,0.0,38.3434549123052,0.0,0.0
0.029999971389770508,0.010999917984008789,0.01900005340576172,0.0,40.05296808405899,0.0,0.0
0.04700016975402832,0.02500009536743164,0.02200007438659668,0.0,31.857980793916447,0.0,0.0
0.026000022888183594,0.01399993896484375,0.012000083923339844,2.299766101731162,38.565397514708266,8.881257053285977e13,2.299766101731162
0.03800010681152344,0.015000104904174805,0.023000001907348633,0.0,40.074705907995465,0.0,0.0
0.031000137329101562,0.01699995994567871,0.014000177383422852,0.7550985190583281,54.67174266511723,2.1391696332001915e-7,0.7550985190583281
0.019999980926513672,0.012000083923339844,0.007999897003173828,1.145052508471276,38.36314123252602,180.6039414890531,1.145052508471276
0.03399991989135742,0.009000062942504883,0.02499985694885254,0.0,40.05296808405899,0.0,0.0
0.03399991989135742,0.01699995994567871,0.01699995994567871,1.0294508987433582,34.45972675515482,2.718859778519454,1.0294508987433582
0.02200007438659668,0.011999845504760742,0.010000228881835938,0.0,38.58191127586193,0.0,0.0
0.04699993133544922,0.02200007438659668,0.02499985694885254,0.0,53.9300466878561,0.0,0.0
0.06000018119812012,0.046000003814697266,0.014000177383422852,0.0,37.92041537705668,0.0,0.0
0.026999950408935547,0.015000104904174805,0.011999845504760742,0.0,38.31519249712216,0.0,0.0
0.03600001335144043,0.01699995994567871,0.01900005340576172,0.2689142791400112,55.92985294043149,1.2542591221966947e-32,0.2689142791400112
0.03400015830993652,0.02200007438659668,0.012000083923339844,0.0,55.83849177260276,0.0,0.0
0.019999980926513672,0.009000062942504883,0.010999917984008789,0.0,37.42066292329334,0.0,0.0
0.04799985885620117,0.013000011444091797,0.034999847412109375,0.0,54.284505297524824,0.0,0.0
0.03599977493286133,0.010999917984008789,0.023999929428100586,0.0,33.150729798858144,0.0,0.0
0.04999995231628418,0.020999908447265625,0.029000043869018555,0.0,40.074705907995465,0.0,0.0
0.034999847412109375,0.01399993896484375,0.020999908447265625,0.0,37.83206716284047,0.0,0.0
0.028999805450439453,0.011999845504760742,0.01699995994567871,0.634523903665003,38.670259490078145,2.2941003434438445e-8,0.634523903665003
0.04399991035461426,0.029999971389770508,0.01399993896484375,0.0,40.82599126531548,0.0,0.0
0.0279998779296875,0.011999845504760742,0.016000032424926758,0.0,38.606263591718495,0.0,0.0
0.03299999237060547,0.014000177383422852,0.018999814987182617,0.0,35.87182940882101,0.0,0.0
0.0690000057220459,0.026000022888183594,0.042999982833862305,0.0,39.34331261055049,0.0,0.0
0.04799985885620117,0.017999887466430664,0.029999971389770508,0.0,54.284505297524824,0.0,0.0
0.03699994087219238,0.012999773025512695,0.024000167846679688,0.0,37.42066292329334,0.0,0.0
0.021000146865844727,0.00800013542175293,0.013000011444091797,0.0,37.42066292329334,0.0,0.0
0.040000200271606445,0.021000146865844727,0.01900005340576172,0.0,40.05296808405899,0.0,0.0
0.0280001163482666,0.013000011444091797,0.015000104904174805,0.0,55.83849177260276,0.0,0.0
0.019999980926513672,0.013000011444091797,0.006999969482421875,0.6200171358715911,54.256328691349765,5.452384940357116e-12,0.6200171358715911
0.04799985885620117,0.01699995994567871,0.03099989891052246,0.0,54.7302362920609,0.0,0.0
0.0279998779296875,0.011999845504760742,0.016000032424926758,0.0,39.34331261055049,0.0,0.0
0.020999908447265625,0.011999845504760742,0.009000062942504883,0.0,40.05296808405899,0.0,0.0
0.04199981689453125,0.014999866485595703,0.026999950408935547,0.0,36.03970972046956,0.0,0.0
0.03500008583068848,0.016000032424926758,0.01900005340576172,0.0,37.39462562181246,0.0,0.0
0.03400015830993652,0.015000104904174805,0.01900005340576172,0.0,40.85202856679637,0.0,0.0
0.06100010871887207,0.042999982833862305,0.018000125885009766,0.0,54.62267868693063,0.0,0.0
0.026999950408935547,0.015000104904174805,0.011999845504760742,0.0,38.41187287252288,0.0,0.0
0.04400014877319336,0.0280001163482666,0.016000032424926758,0.0,40.28864449539379,0.0,0.0
0.029999971389770508,0.01699995994567871,0.013000011444091797,0.0,54.929096833784335,0.0,0.0
0.05500006675720215,0.009999990463256836,0.04500007629394531,0.0,40.05296808405899,0.0,0.0
0.051000118255615234,0.03299999237060547,0.018000125885009766,0.47423611489080697,55.83849177260276,8.091489644678404e-19,0.47423611489080697
0.048999786376953125,0.034999847412109375,0.01399993896484375,1.3520224806545311,41.65390952285832,285753.8269874549,1.3520224806545311
0.0280001163482666,0.013000011444091797,0.015000104904174805,1.7039766263383083,35.97918582013464,2.1275171492793983e8,1.7039766263383083
0.029000043869018555,0.016000032424926758,0.013000011444091797,0.0,41.26909177374069,0.0,0.0
0.042999982833862305,0.015000104904174805,0.0279998779296875,0.0,36.03970972046956,0.0,0.0
0.04500007629394531,0.017000198364257812,0.0279998779296875,0.0,54.7302362920609,0.0,0.0
0.05499982833862305,0.01699995994567871,0.037999868392944336,1.307459169142009,40.82599126531548,56662.27747617501,1.307459169142009
0.0409998893737793,0.026000022888183594,0.014999866485595703,0.6575913913780762,40.28864449539379,4.631256151978956e-8,0.6575913913780762
0.026999950408935547,0.009999990463256836,0.01699995994567871,0.0,39.934018524829675,0.0,0.0
0.03099989891052246,0.01699995994567871,0.01399993896484375,0.0,38.279032858635375,0.0,0.0
0.020999908447265625,0.010999917984008789,0.009999990463256836,0.0,41.26909177374069,0.0,0.0
0.03099989891052246,0.013000011444091797,0.017999887466430664,0.0,41.44837932019393,0.0,0.0
0.0409998893737793,0.0279998779296875,0.013000011444091797,0.0,54.7302362920609,0.0,0.0
0.029000043869018555,0.017999887466430664,0.01100015640258789,0.044605834986242154,40.05296808405899,8.019140118416119e-55,0.044605834986242154
0.03500008583068848,0.019999980926513672,0.015000104904174805,0.0,54.79820466101777,0.0,0.0
0.029999971389770508,0.01699995994567871,0.013000011444091797,0.0,55.569067022546136,0.0,0.0
0.02500009536743164,0.01100015640258789,0.01399993896484375,0.0,52.32594382661959,0.0,0.0
0.026000022888183594,0.013000011444091797,0.013000011444091797,0.0,54.511237616157004,0.0,0.0
0.031999826431274414,0.018999814987182617,0.013000011444091797,0.0,39.997007956154484,0.0,0.0
0.03600001335144043,0.018000125885009766,0.017999887466430664,1.0341992524993882,39.791654885669814,3.8117645229350074,1.0341992524993882
0.023000001907348633,0.01399993896484375,0.009000062942504883,0.6988770212518913,52.843924916003154,5.991361352803943e-9,0.6988770212518913
0.05800008773803711,0.042999982833862305,0.015000104904174805,0.0,39.91180320913596,0.0,0.0
0.040000200271606445,0.023000001907348633,0.017000198364257812,0.9226992135320145,32.778507010792495,0.07156882649069268,0.9226992135320145
0.04800009727478027,0.03699994087219238,0.01100015640258789,0.0,51.171719932611225,0.0,0.0
0.032000064849853516,0.01900005340576172,0.013000011444091797,0.0,54.929096833784335,0.0,0.0
0.06500005722045898,0.017000198364257812,0.04799985885620117,0.0,40.17174192219293,0.0,0.0
0.029999971389770508,0.011999845504760742,0.018000125885009766,0.0,39.958208200993965,0.0,0.0
0.026000022888183594,0.014000177383422852,0.011999845504760742,0.0,52.85068358980343,0.0,0.0
0.03900003433227539,0.02499985694885254,0.014000177383422852,0.2881908352082463,51.171719932611225,2.243389910867733e-28,0.2881908352082463
0.0280001163482666,0.019999980926513672,0.00800013542175293,0.0,40.05296808405899,0.0,0.0
0.02500009536743164,0.00800013542175293,0.01699995994567871,0.0,39.93749388862025,0.0,0.0
0.026999950408935547,0.013000011444091797,0.01399993896484375,0.0,54.77714931263658,0.0,0.0
0.031999826431274414,0.019999980926513672,0.011999845504760742,0.0,38.53658134247235,0.0,0.0
0.03899979591369629,0.01399993896484375,0.02499985694885254,0.012477902439533839,52.73316581928429,4.0134563376416377e-101,0.012477902439533839
0.046000003814697266,0.03299999237060547,0.013000011444091797,0.0,51.171719932611225,0.0,0.0
0.03099989891052246,0.018000125885009766,0.012999773025512695,0.0,51.171719932611225,0.0,0.0
0.04999995231628418,0.01399993896484375,0.03600001335144043,0.464744900992069,53.16688757462105,2.026925729651029e-18,0.464744900992069
0.04200005531311035,0.023999929428100586,0.018000125885009766,0.0,54.511237616157004,0.0,0.0
0.046000003814697266,0.013000011444091797,0.03299999237060547,0.0,39.5055837614344,0.0,0.0
0.034999847412109375,0.01399993896484375,0.020999908447265625,0.0,51.171719932611225,0.0,0.0
0.020999908447265625,0.010999917984008789,0.009999990463256836,0.0,53.887354905501205,0.0,0.0
0.026000022888183594,0.01100015640258789,0.014999866485595703,0.0,39.00572594238345,0.0,0.0
0.03900003433227539,0.019999980926513672,0.01900005340576172,0.0,52.25405698875955,0.0,0.0
0.02499985694885254,0.013000011444091797,0.011999845504760742,0.0,39.11009098034869,0.0,0.0
0.023999929428100586,0.006999969482421875,0.01699995994567871,0.0,51.094128907820604,0.0,0.0
0.037999868392944336,0.023000001907348633,0.014999866485595703,0.0,54.7422934837443,0.0,0.0
0.029000043869018555,0.016000032424926758,0.013000011444091797,0.0,41.94931738979342,0.0,0.0
0.04799985885620117,0.009000062942504883,0.03899979591369629,0.0,40.09832081283344,0.0,0.0
0.04399991035461426,0.023999929428100586,0.019999980926513672,0.0,50.916164434043715,0.0,0.0
0.029000043869018555,0.01399993896484375,0.015000104904174805,0.0,54.511237616157004,0.0,0.0
0.031000137329101562,0.018000125885009766,0.013000011444091797,0.0,54.511237616157004,0.0,0.0
0.029999971389770508,0.012000083923339844,0.017999887466430664,0.0,39.958208200993965,0.0,0.0
0.019999980926513672,0.009999990463256836,0.009999990463256836,1.6036370814891199,41.37951099300867,3.070362886120284e8,1.6036370814891199
0.0280001163482666,0.018000125885009766,0.009999990463256836,1.6389770499924494,52.32966510096518,1.6924917073996478e11,1.6389770499924494
0.042999982833862305,0.0280001163482666,0.014999866485595703,0.0,40.2116297297385,0.0,0.0
0.023000001907348633,0.012000083923339844,0.010999917984008789,1.6140947047622611,54.68179977787176,2.3438652684198526e11,1.6140947047622611
0.03699994087219238,0.010999917984008789,0.026000022888183594,0.0,51.02708872889911,0.0,0.0
0.03600001335144043,0.021999835968017578,0.014000177383422852,0.0,52.24078047952239,0.0,0.0
0.023999929428100586,0.012000083923339844,0.011999845504760742,1.544341373520841,39.958208200993965,3.4821248510618016e7,1.544341373520841
0.042999982833862305,0.021999835968017578,0.021000146865844727,0.032149006618440445,51.31267325776504,2.5048209034014942e-77,0.032149006618440445
0.03800010681152344,0.023000001907348633,0.015000104904174805,0.0,54.88660055891881,0.0,0.0
0.04700016975402832,0.01699995994567871,0.03000020980834961,0.36768389844556104,54.96725542250713,1.3041633622481856e-24,0.36768389844556104
0.04500007629394531,0.0279998779296875,0.017000198364257812,0.0,37.720386347095726,0.0,0.0
0.04500007629394531,0.023000001907348633,0.02200007438659668,0.0,40.2116297297385,0.0,0.0
0.03299999237060547,0.019999980926513672,0.013000011444091797,0.0,40.14398135236431,0.0,0.0
0.03400015830993652,0.021000146865844727,0.013000011444091797,0.0,41.94931738979342,0.0,0.0
0.01900005340576172,0.006999969482421875,0.012000083923339844,0.0,37.720386347095726,0.0,0.0
0.03299999237060547,0.015000104904174805,0.017999887466430664,1.8000220337942774,55.17620654866998,1.2169193410159725e14,1.8000220337942774
0.03099989891052246,0.016000032424926758,0.014999866485595703,0.0,42.030897239263375,0.0,0.0
0.024000167846679688,0.015000104904174805,0.009000062942504883,0.1057148060917612,51.02708872889911,1.6013703138800543e-50,0.1057148060917612
0.051000118255615234,0.03399991989135742,0.017000198364257812,0.3944397075493744,50.94055006770057,2.624405618723055e-21,0.3944397075493744
0.03699994087219238,0.023000001907348633,0.01399993896484375,0.0,39.25681283697957,0.0,0.0
0.018999814987182617,0.006999969482421875,0.011999845504760742,0.0,37.77731389486619,0.0,0.0
0.03800010681152344,0.023000001907348633,0.015000104904174805,0.2095496059547397,41.10380339774886,1.265633779502415e-28,0.2095496059547397
0.03000020980834961,0.014000177383422852,0.016000032424926758,0.0,41.83933081667489,0.0,0.0
0.03800010681152344,0.009999990463256836,0.0280001163482666,0.0,37.555004636005165,0.0,0.0
0.03800010681152344,0.01900005340576172,0.01900005340576172,0.0,54.85543289136197,0.0,0.0
0.029999971389770508,0.01699995994567871,0.013000011444091797,0.24657334757837823,39.25681283697957,1.348165111655066e-24,0.24657334757837823
0.03699994087219238,0.015000104904174805,0.021999835968017578,0.0,43.931468501645156,0.0,0.0
0.0279998779296875,0.014999866485595703,0.013000011444091797,0.0,55.69062129458162,0.0,0.0
0.05499982833862305,0.023000001907348633,0.031999826431274414,1.3548309769473676,51.02708872889911,5.366777733714733e6,1.3548309769473676
0.029000043869018555,0.01399993896484375,0.01399993896484375,0.0,40.09929665607119,0.0,0.0
0.029999971389770508,0.015000104904174805,0.014999866485595703,0.0,52.24078047952239,0.0,0.0
0.04799985885620117,0.01699995994567871,0.03099989891052246,0.0,41.94931738979342,0.0,0.0
0.03699994087219238,0.023999929428100586,0.013000011444091797,0.0,41.94931738979342,0.0,0.0
0.03600001335144043,0.014000177383422852,0.021999835968017578,0.0,41.94931738979342,0.0,0.0
0.039999961853027344,0.0280001163482666,0.011999845504760742,2.4259784441770083,42.719624234542174,2.7683777474924944e16,2.4259784441770083
0.04500007629394531,0.032000064849853516,0.012000083923339844,0.0,55.819149088133685,0.0,0.0
0.04699993133544922,0.007999897003173828,0.03900003433227539,0.0,52.33995969844026,0.0,0.0
0.042999982833862305,0.0279998779296875,0.015000104904174805,0.0,39.99997768205281,0.0,0.0
0.03600001335144043,0.020999908447265625,0.015000104904174805,0.0,41.70006429370201,0.0,0.0
0.03400015830993652,0.016000032424926758,0.018000125885009766,0.1418042396064645,39.969879081449676,1.239140398822391e-34,0.1418042396064645
0.029000043869018555,0.014999866485595703,0.014000177383422852,0.0,36.98444793266748,0.0,0.0
0.026999950408935547,0.015000104904174805,0.011999845504760742,1.288879934632421,37.720386347095726,14363.380654252756,1.288879934632421
0.05499982833862305,0.026000022888183594,0.028999805450439453,0.380957862614264,41.94931738979342,2.6186279005773782e-18,0.380957862614264
0.03699994087219238,0.02200007438659668,0.014999866485595703,0.0,41.70006429370201,0.0,0.0
0.031999826431274414,0.013000011444091797,0.018999814987182617,0.0,48.801180929033585,0.0,0.0
0.07299995422363281,0.01399993896484375,0.05900001525878906,0.0,55.819149088133685,0.0,0.0
0.1380000114440918,0.11700010299682617,0.020999908447265625,0.0,55.88006024158779,0.0,0.0
0.06699991226196289,0.03600001335144043,0.03099989891052246,0.0,40.50548758864539,0.0,0.0
0.042999982833862305,0.019999980926513672,0.023000001907348633,0.3502155766968196,55.874086846920456,3.468644844390611e-26,0.3502155766968196
0.054000139236450195,0.03299999237060547,0.021000146865844727,0.0,43.05542809269672,0.0,0.0
0.03800010681152344,0.01699995994567871,0.021000146865844727,0.0,41.71049274201429,0.0,0.0
0.04800009727478027,0.01699995994567871,0.029999971389770508,0.0,43.637893093502925,0.0,0.0
0.06399989128112793,0.03399991989135742,0.029999971389770508,0.0,41.647583962729655,0.0,0.0
0.09399986267089844,0.012999773025512695,0.08100008964538574,0.0,55.03184017113448,0.0,0.0
0.12299990653991699,0.06599998474121094,0.056999921798706055,0.0,39.20777636263453,0.0,0.0
0.03400015830993652,0.018000125885009766,0.016000032424926758,0.0,55.0535873733406,0.0,0.0
0.026000022888183594,0.012000083923339844,0.01399993896484375,0.0,55.78361772250519,0.0,0.0
0.03099989891052246,0.012000083923339844,0.018999814987182617,0.0,41.81720555883595,0.0,0.0
0.03399991989135742,0.015000104904174805,0.018999814987182617,0.0,36.11641441740161,0.0,0.0
0.037999868392944336,0.026000022888183594,0.011999845504760742,0.0,40.91497521226401,0.0,0.0
0.04800009727478027,0.01699995994567871,0.031000137329101562,0.0,43.637893093502925,0.0,0.0
0.023000001907348633,0.01100015640258789,0.011999845504760742,2.4452437953371597,43.05542809269672,5.240552511315545e16,2.4452437953371597
0.021000146865844727,0.012000083923339844,0.009000062942504883,1.4964968610026874,42.64542978601755,2.9253859540145516e7,1.4964968610026874
0.026999950408935547,0.01399993896484375,0.013000011444091797,0.7822020446716627,55.03184017113448,1.346310814499147e-6,0.7822020446716627
0.15799999237060547,0.10299992561340332,0.05500006675720215,0.0,55.78361772250519,0.0,0.0
0.09200000762939453,0.017999887466430664,0.07400012016296387,0.0,55.0535873733406,0.0,0.0
0.08700013160705566,0.04400014877319336,0.042999982833862305,0.0,55.03184017113448,0.0,0.0
0.043000221252441406,0.01900005340576172,0.024000167846679688,0.0,37.53171493495653,0.0,0.0
0.08700013160705566,0.05800008773803711,0.029000043869018555,0.0,44.190715021422996,0.0,0.0
0.0410001277923584,0.01399993896484375,0.02700018882751465,1.3823514360613132,55.45177070242413,6.2739787838726684e7,1.3823514360613132
0.04500007629394531,0.016000032424926758,0.029000043869018555,0.46649495864170776,50.76897708712198,1.540631001286459e-17,0.46649495864170776
0.031000137329101562,0.015000104904174805,0.016000032424926758,0.0,55.30340996941247,0.0,0.0
0.05500006675720215,0.039999961853027344,0.015000104904174805,0.0,55.9091666592181,0.0,0.0
0.05099987983703613,0.02499985694885254,0.026000022888183594,0.0,53.17635215159449,0.0,0.0
0.046000003814697266,0.015999794006347656,0.03000020980834961,0.0,43.395402186252696,0.0,0.0
0.026000022888183594,0.013000011444091797,0.013000011444091797,0.0,55.30340996941247,0.0,0.0
0.034999847412109375,0.01699995994567871,0.017999887466430664,0.0,54.456829890047445,0.0,0.0
0.032000064849853516,0.015000104904174805,0.01699995994567871,0.0,41.950660991862826,0.0,0.0
0.029999971389770508,0.01699995994567871,0.013000011444091797,0.0,55.93923352675631,0.0,0.0
0.029000043869018555,0.014999866485595703,0.014000177383422852,0.0,55.30340996941247,0.0,0.0
0.04999995231628418,0.032000064849853516,0.017999887466430664,0.0,53.95620443577738,0.0,0.0
0.03900003433227539,0.016000032424926758,0.023000001907348633,0.0,44.72344532538338,0.0,0.0
0.04800009727478027,0.03099989891052246,0.017000198364257812,0.0,54.456829890047445,0.0,0.0
0.03600001335144043,0.023000001907348633,0.013000011444091797,1.6858907391904165,55.9091666592181,4.806668012690209e12,1.6858907391904165
0.06200003623962402,0.03300023078918457,0.028999805450439453,0.0,55.815842001637385,0.0,0.0
0.031000137329101562,0.015000104904174805,0.016000032424926758,0.0,55.94220261988184,0.0,0.0
0.026999950408935547,0.013000011444091797,0.01399993896484375,0.08288592927898852,44.72344532538338,4.2730274231686944e-49,0.08288592927898852
0.04200005531311035,0.016000032424926758,0.026000022888183594,0.0,55.09591477855915,0.0,0.0
0.03299999237060547,0.01900005340576172,0.01399993896484375,0.0,53.23457902960484,0.0,0.0
0.039999961853027344,0.023000001907348633,0.01699995994567871,0.0,55.62641848378141,0.0,0.0
0.031999826431274414,0.018999814987182617,0.013000011444091797,0.0,55.460811782979654,0.0,0.0
0.046000003814697266,0.014999866485595703,0.031000137329101562,0.0,54.407513600062174,0.0,0.0
0.03500008583068848,0.019999980926513672,0.015000104904174805,0.0,52.65955427287758,0.0,0.0
0.031999826431274414,0.019999980926513672,0.011999845504760742,0.0,53.851833730970284,0.0,0.0
0.03699994087219238,0.016000032424926758,0.020999908447265625,0.0,54.68184128575055,0.0,0.0
0.026999950408935547,0.015999794006347656,0.01100015640258789,0.0,55.815842001637385,0.0,0.0
0.06400012969970703,0.026000022888183594,0.03800010681152344,0.0,55.9091666592181,0.0,0.0
0.03900003433227539,0.01399993896484375,0.02500009536743164,1.7585961259425154,55.09591477855915,3.2184829967807684e13,1.7585961259425154
0.0280001163482666,0.014000177383422852,0.01399993896484375,0.50079133676457,47.58031869010807,5.12359954160141e-15,0.50079133676457
0.05200004577636719,0.019999980926513672,0.032000064849853516,0.0,55.70251179917346,0.0,0.0
0.034999847412109375,0.019999980926513672,0.014999866485595703,1.561525476109158,53.403572951252585,2.1687630117498886e10,1.561525476109158
0.026000022888183594,0.013000011444091797,0.013000011444091797,0.0,55.982283794860905,0.0,0.0
0.05500006675720215,0.03900003433227539,0.016000032424926758,0.0,55.878938015190855,0.0,0.0
0.04800009727478027,0.016000032424926758,0.031000137329101562,0.0,55.23786079779197,0.0,0.0
0.06400012969970703,0.04900002479553223,0.015000104904174805,0.0,55.98648765117345,0.0,0.0
0.06200003623962402,0.01399993896484375,0.04700016975402832,0.0,54.456829890047445,0.0,0.0
0.07000017166137695,0.03800010681152344,0.032000064849853516,0.0,54.68184128575055,0.0,0.0
0.03699994087219238,0.016000032424926758,0.020999908447265625,0.2755842550141674,55.9091666592181,5.070958288992422e-32,0.2755842550141674
0.03299999237060547,0.014999866485595703,0.018000125885009766,0.10580715811553398,55.94220261988184,2.686725285185371e-55,0.10580715811553398
0.03900003433227539,0.013000011444091797,0.026000022888183594,0.6572422399517852,55.815842001637385,6.701830980639968e-11,0.6572422399517852
0.05800008773803711,0.031000137329101562,0.026999950408935547,0.0,55.982283794860905,0.0,0.0
0.06000018119812012,0.042999982833862305,0.017000198364257812,0.7385842618763316,55.5727035015295,4.8599853050097606e-8,0.7385842618763316
0.03500008583068848,0.020999908447265625,0.014000177383422852,0.08046556226717572,55.98648765117345,5.357357125288288e-62,0.08046556226717572
0.05200004577636719,0.03900003433227539,0.013000011444091797,0.0,55.878938015190855,0.0,0.0
0.03299999237060547,0.018999814987182617,0.014000177383422852,0.0,55.878938015190855,0.0,0.0
0.029000043869018555,0.013000011444091797,0.016000032424926758,0.0,53.6121285605082,0.0,0.0
0.040000200271606445,0.02200007438659668,0.018000125885009766,0.0,53.84060129666422,0.0,0.0
0.03399991989135742,0.02200007438659668,0.011999845504760742,0.0,55.95300320293285,0.0,0.0
0.026000022888183594,0.012000083923339844,0.01399993896484375,0.0,53.06049601304996,0.0,0.0
0.03800010681152344,0.023999929428100586,0.014000177383422852,0.0,55.878938015190855,0.0,0.0
0.023000001907348633,0.013000011444091797,0.009999990463256836,0.0,51.93099750314142,0.0,0.0
0.03900003433227539,0.016000032424926758,0.023000001907348633,0.0,55.63818095736279,0.0,0.0
0.029000043869018555,0.016000032424926758,0.013000011444091797,0.0,53.84060129666422,0.0,0.0
0.029999971389770508,0.019999980926513672,0.009999990463256836,0.0,55.3057934802577,0.0,0.0
0.026000022888183594,0.011999845504760742,0.014000177383422852,0.021193859576318363,55.989198654445666,1.931266131558062e-94,0.021193859576318363
0.04999995231628418,0.031000137329101562,0.018999814987182617,0.0,49.0207049741668,0.0,0.0
0.04999995231628418,0.03299999237060547,0.01699995994567871,0.9935271046505845,55.98998179388598,0.6951724576905067,0.9935271046505845
0.0690000057220459,0.026999950408935547,0.0409998893737793,0.06536955825044766,55.84308058097787,7.029450674927157e-67,0.06536955825044766
0.029000043869018555,0.01399993896484375,0.015000104904174805,0.1564691063317536,55.19329168376975,3.4503477163681175e-45,0.1564691063317536
0.03500008583068848,0.019999980926513672,0.015000104904174805,0.0,51.2331887590077,0.0,0.0
0.029999971389770508,0.018999814987182617,0.01100015640258789,0.0,52.08855857824073,0.0,0.0
0.03299999237060547,0.016000032424926758,0.01699995994567871,0.0,51.590973483044415,0.0,0.0
0.057000160217285156,0.037000179290771484,0.019999980926513672,1.9122949475968953,51.954635003803375,4.246986684779366e14,1.9122949475968953
0.032000064849853516,0.012000083923339844,0.019999980926513672,1.3888582231000068,51.20955125834574,2.020448503516584e7,1.3888582231000068
0.06000018119812012,0.037000179290771484,0.023000001907348633,0.0,48.039495881976535,0.0,0.0
0.03099989891052246,0.01399993896484375,0.01699995994567871,0.0,55.191445877892214,0.0,0.0
0.03699994087219238,0.01399993896484375,0.023000001907348633,0.0,54.04216368246554,0.0,0.0
0.042999982833862305,0.015000104904174805,0.0279998779296875,0.0,55.972807547784384,0.0,0.0
0.03900003433227539,0.009999990463256836,0.029000043869018555,1.648002639506061,54.30366385360246,6.047961695248999e11,1.648002639506061
0.06000018119812012,0.023000001907348633,0.037000179290771484,0.20734867230416842,49.14570714349235,2.6230113817423613e-34,0.20734867230416842
0.03900003433227539,0.017999887466430664,0.021000146865844727,0.0,52.01123200031264,0.0,0.0
0.03900003433227539,0.019999980926513672,0.01900005340576172,0.0,51.63199057187783,0.0,0.0
0.031000137329101562,0.01399993896484375,0.016000032424926758,0.0,55.775999596823816,0.0,0.0
0.04699993133544922,0.01900005340576172,0.0279998779296875,0.08686109448274859,43.95707782546041,2.258712777097035e-47,0.08686109448274859
0.031999826431274414,0.01699995994567871,0.014999866485595703,0.0,51.590973483044415,0.0,0.0
0.023999929428100586,0.01399993896484375,0.009999990463256836,0.0,55.44965812592583,0.0,0.0
0.037000179290771484,0.016000032424926758,0.021000146865844727,0.5006512676764574,55.63818095736279,1.917307502921544e-17,0.5006512676764574
0.03299999237060547,0.01900005340576172,0.01399993896484375,0.0,50.16402812865904,0.0,0.0
0.0280001163482666,0.012000083923339844,0.015000104904174805,0.0,52.21964529060705,0.0,0.0
0.03600001335144043,0.01399993896484375,0.02200007438659668,1.538934572972892,51.05970402995994,3.6258161152628503e9,1.538934572972892
0.03099989891052246,0.013000011444091797,0.017999887466430664,0.0,55.878938015190855,0.0,0.0
0.018000125885009766,0.009000062942504883,0.009000062942504883,0.014197101572739346,52.01123200031264,7.827613253939146e-97,0.014197101572739346
0.04999995231628418,0.03600001335144043,0.01399993896484375,0.0,51.85621847034693,0.0,0.0
0.042999982833862305,0.029000043869018555,0.01399993896484375,0.0,55.97117762806324,0.0,0.0
0.04699993133544922,0.016000032424926758,0.03099989891052246,0.0,48.30974774298207,0.0,0.0
0.039999961853027344,0.023000001907348633,0.01699995994567871,0.0,55.878938015190855,0.0,0.0
0.023999929428100586,0.012000083923339844,0.011999845504760742,0.0,51.590973483044415,0.0,0.0
0.03599977493286133,0.01699995994567871,0.018999814987182617,1.0871846309752353,55.46627472898499,103.1832142823616,1.0871846309752353
0.029000043869018555,0.013000011444091797,0.016000032424926758,0.0,51.76667812184492,0.0,0.0
0.032000064849853516,0.013000011444091797,0.01900005340576172,0.7600149006711754,51.45797629276406,7.367952364145646e-7,0.7600149006711754
0.06399989128112793,0.04699993133544922,0.01699995994567871,0.0,50.66859504913946,0.0,0.0
0.026999950408935547,0.016000032424926758,0.010999917984008789,0.0,52.089699366901556,0.0,0.0
0.03399991989135742,0.019999980926513672,0.01399993896484375,0.0,55.984054159472166,0.0,0.0
0.04200005531311035,0.02200007438659668,0.019999980926513672,0.153752389241939,48.3454967205683,4.858470156442312e-40,0.153752389241939
0.028999805450439453,0.015999794006347656,0.013000011444091797,0.0,54.10784826121162,0.0,0.0
0.08599996566772461,0.034999847412109375,0.051000118255615234,0.0,55.97117762806324,0.0,0.0
0.019999980926513672,0.012000083923339844,0.007999897003173828,0.0,52.01123200031264,0.0,0.0
0.04200005531311035,0.017000198364257812,0.02499985694885254,1.1558274431775883,55.984054159472166,3318.9844793369793,1.1558274431775883
0.04399991035461426,0.02499985694885254,0.01900005340576172,0.0,51.76667812184492,0.0,0.0
0.05299997329711914,0.026999950408935547,0.026000022888183594,0.0,48.38187022513881,0.0,0.0
0.03399991989135742,0.015000104904174805,0.018999814987182617,0.0,55.96809545446918,0.0,0.0
0.032000064849853516,0.013000011444091797,0.01900005340576172,0.0,55.97610388312258,0.0,0.0
0.03699994087219238,0.017999887466430664,0.01900005340576172,0.0,52.21964529060705,0.0,0.0
0.0280001163482666,0.015000104904174805,0.013000011444091797,0.5095103492461184,55.97117762806324,4.0645184409201277e-17,0.5095103492461184
0.04200005531311035,0.013000011444091797,0.029000043869018555,0.0,50.66859504913946,0.0,0.0
0.03400015830993652,0.016000032424926758,0.018000125885009766,0.0,51.76667812184492,0.0,0.0
0.037999868392944336,0.017999887466430664,0.019999980926513672,0.0,47.390635604119865,0.0,0.0
0.07599997520446777,0.051999807357788086,0.024000167846679688,0.0,51.33086336060584,0.0,0.0
0.037999868392944336,0.020999908447265625,0.01699995994567871,0.1606533289599943,51.85149902978903,6.671017228683837e-42,0.1606533289599943
0.046000003814697266,0.02499985694885254,0.021000146865844727,3.5662926829663832,50.66859504913946,9.551216001719511e27,3.5662926829663832
0.042999982833862305,0.011999845504760742,0.031000137329101562,0.0,51.76667812184492,0.0,0.0
0.03800010681152344,0.015000104904174805,0.023000001907348633,0.0,55.94276898683296,0.0,0.0
0.029999971389770508,0.01399993896484375,0.016000032424926758,0.0,51.61361843673545,0.0,0.0
0.020000219345092773,0.00800013542175293,0.012000083923339844,0.0,48.11366070000716,0.0,0.0
0.023000001907348633,0.012000083923339844,0.010999917984008789,0.153024099200183,50.66859504913946,4.930898256612378e-42,0.153024099200183
0.02499985694885254,0.01399993896484375,0.010999917984008789,0.0,55.14825585040929,0.0,0.0
0.02500009536743164,0.016000032424926758,0.009000062942504883,0.0,55.34890358704807,0.0,0.0
0.023000001907348633,0.013000011444091797,0.009999990463256836,0.0,48.38187022513881,0.0,0.0
0.017000198364257812,0.009000062942504883,0.00800013542175293,0.0,51.33086336060584,0.0,0.0
0.02200007438659668,0.013000011444091797,0.009000062942504883,0.0,44.23107187694003,0.0,0.0
0.023999929428100586,0.013000011444091797,0.010999917984008789,0.06440951176246212,46.951718242221574,1.1971713697058134e-56,0.06440951176246212
0.019999980926513672,0.009999990463256836,0.009999990463256836,0.0,54.71366408368693,0.0,0.0
0.026999950408935547,0.013000011444091797,0.01399993896484375,0.0,48.033278014503,0.0,0.0
0.026000022888183594,0.01900005340576172,0.006999969482421875,0.24743996630453235,55.88696581698981,1.2672728190930163e-34,0.24743996630453235
0.018999814987182617,0.007999897003173828,0.010999917984008789,0.0,54.770178012638205,0.0,0.0
0.023000001907348633,0.011999845504760742,0.01100015640258789,0.8926936574413236,55.96809545446918,0.00174144582171726,0.8926936574413236
0.023999929428100586,0.013000011444091797,0.010999917984008789,0.0,48.97124163434319,0.0,0.0
0.0690000057220459,0.009999990463256836,0.05900001525878906,0.0,51.76667812184492,0.0,0.0
0.046000003814697266,0.016000032424926758,0.029999971389770508,0.0,54.770178012638205,0.0,0.0
0.04199981689453125,0.017999887466430664,0.023999929428100586,0.7389801569698307,51.76667812184492,1.5832709623570594e-7,0.7389801569698307
0.03699994087219238,0.014999866485595703,0.02200007438659668,0.009611989895061956,53.72754690387594,4.183186823639467e-109,0.009611989895061956
0.026999950408935547,0.014999866485595703,0.012000083923339844,0.0,50.6817392746577,0.0,0.0
0.04400014877319336,0.02500009536743164,0.01900005340576172,0.0,55.110867887038914,0.0,0.0
0.032000064849853516,0.023000001907348633,0.009000062942504883,0.0,54.770178012638205,0.0,0.0
0.039999961853027344,0.02500009536743164,0.014999866485595703,0.5509932311352639,54.3477543977334,8.548318826546385e-15,0.5509932311352639
0.04499983787536621,0.01399993896484375,0.03099989891052246,0.0,51.72295657204693,0.0,0.0
0.05299997329711914,0.03900003433227539,0.01399993896484375,0.0,55.34890358704807,0.0,0.0
0.029000043869018555,0.01900005340576172,0.009999990463256836,0.9639953227171416,51.33086336060584,0.15224822550751804,0.9639953227171416
0.03800010681152344,0.017000198364257812,0.020999908447265625,0.0,52.895258158140656,0.0,0.0
0.03299999237060547,0.015999794006347656,0.017000198364257812,0.0,50.93038406404199,0.0,0.0
0.02500009536743164,0.015000104904174805,0.009999990463256836,0.0,51.76667812184492,0.0,0.0
0.046000003814697266,0.013000011444091797,0.03299999237060547,0.2667030392424774,52.46567624676572,7.694298393764454e-31,0.2667030392424774
0.03299999237060547,0.013000011444091797,0.019999980926513672,0.0,49.7386944261066,0.0,0.0
0.017999887466430664,0.009000062942504883,0.008999824523925781,0.0,55.91132287069543,0.0,0.0
0.026000022888183594,0.014999866485595703,0.01100015640258789,0.0,48.97124163434319,0.0,0.0
0.01900005340576172,0.010999917984008789,0.00800013542175293,0.0,49.27260110763976,0.0,0.0
0.020999908447265625,0.010999917984008789,0.009999990463256836,0.4485721118869668,48.97124163434319,8.908281794508988e-18,0.4485721118869668
0.021000146865844727,0.00800013542175293,0.013000011444091797,0.0,48.861114250568974,0.0,0.0
0.023000001907348633,0.012000083923339844,0.010999917984008789,1.1640832926167066,55.874037647426654,4861.783723713304,1.1640832926167066
0.02200007438659668,0.009999990463256836,0.012000083923339844,0.33130173606641167,48.97124163434319,3.197123795020681e-24,0.33130173606641167
0.018000125885009766,0.00800013542175293,0.009999990463256836,0.29471516251742047,50.93038406404199,9.472498042951682e-28,0.29471516251742047
0.01699995994567871,0.009000062942504883,0.007999897003173828,1.990839024517228,50.93038406404199,1.6983442486724815e15,1.990839024517228
0.020999908447265625,0.008999824523925781,0.012000083923339844,0.0,48.97124163434319,0.0,0.0
0.042999982833862305,0.009000062942504883,0.03399991989135742,0.0,55.91132287069543,0.0,0.0
0.031999826431274414,0.010999917984008789,0.020999908447265625,0.0,49.7386944261066,0.0,0.0
0.02700018882751465,0.012000083923339844,0.015000104904174805,0.0,51.273214795934635,0.0,0.0
0.0409998893737793,0.009000062942504883,0.031999826431274414,0.3392669252052727,55.09755676674018,1.3613973512836243e-26,0.3392669252052727
0.03299999237060547,0.015999794006347656,0.017000198364257812,0.0,49.570898517139376,0.0,0.0
0.03600001335144043,0.017999887466430664,0.018000125885009766,4.310667905663095,55.363609983100794,1.3510700646810131e35,4.310667905663095
0.029999971389770508,0.01399993896484375,0.016000032424926758,0.0,49.371512918070216,0.0,0.0
0.0409998893737793,0.0279998779296875,0.013000011444091797,0.0,55.91132287069543,0.0,0.0
0.032000064849853516,0.013000011444091797,0.01900005340576172,0.0,53.13762200936645,0.0,0.0
0.042999982833862305,0.032000064849853516,0.010999917984008789,1.5930388427366426,55.67374187387231,1.8142555429349396e11,1.5930388427366426
0.021000146865844727,0.00800013542175293,0.013000011444091797,0.7240626109635651,49.7386944261066,1.060345462407971e-7,0.7240626109635651
0.03800010681152344,0.01900005340576172,0.01900005340576172,0.0,52.877600946319795,0.0,0.0
0.03900003433227539,0.02200007438659668,0.01699995994567871,0.0,51.41078052169521,0.0,0.0
0.06099987030029297,0.014999866485595703,0.04499983787536621,0.0,48.97124163434319,0.0,0.0
0.03299999237060547,0.01399993896484375,0.01900005340576172,0.0,49.371512918070216,0.0,0.0
0.03500008583068848,0.017000198364257812,0.017999887466430664,0.0,49.570898517139376,0.0,0.0
0.03900003433227539,0.018000125885009766,0.020999908447265625,0.0,49.371512918070216,0.0,0.0
0.0280001163482666,0.012000083923339844,0.016000032424926758,1.1658605905779562,48.67244777299774,1753.291938683945,1.1658605905779562
0.04199981689453125,0.028999805450439453,0.013000011444091797,0.0,48.67697479884731,0.0,0.0
0.03699994087219238,0.019999980926513672,0.01699995994567871,0.0,49.371512918070216,0.0,0.0
0.026999950408935547,0.011999845504760742,0.015000104904174805,1.1804086135555192,47.53067490527743,2653.0605246313226,1.1804086135555192
0.03400015830993652,0.01900005340576172,0.015000104904174805,0.9298244609935247,51.41078052169521,0.023739362450297917,0.9298244609935247
0.03099989891052246,0.01699995994567871,0.01399993896484375,0.0,48.565393292928356,0.0,0.0
0.026999950408935547,0.012999773025512695,0.014000177383422852,0.05749856237489137,49.570898517139376,3.2740276197173424e-62,0.05749856237489137
0.03099989891052246,0.01399993896484375,0.01699995994567871,0.010043887914787941,48.97124163434319,1.4146632005503045e-98,0.010043887914787941
0.026000022888183594,0.011999845504760742,0.014000177383422852,0.0,51.187245501654786,0.0,0.0
0.023000001907348633,0.01399993896484375,0.009000062942504883,0.0,51.661960807639964,0.0,0.0
0.054000139236450195,0.014000177383422852,0.039999961853027344,0.0,49.371512918070216,0.0,0.0
0.0410001277923584,0.021000146865844727,0.019999980926513672,0.8414662991141464,47.821337696172,0.0002601093782872719,0.8414662991141464
0.039999961853027344,0.026999950408935547,0.013000011444091797,1.1631758056392938,49.570898517139376,1795.144807118141,1.1631758056392938
0.040000200271606445,0.02500009536743164,0.015000104904174805,0.31040601613865126,53.048546494929575,1.1159169547471875e-27,0.31040601613865126
0.0279998779296875,0.01699995994567871,0.010999917984008789,0.0,48.96812695969847,0.0,0.0
0.04900002479553223,0.026999950408935547,0.02200007438659668,0.0,52.111851029433716,0.0,0.0
0.03099989891052246,0.014999866485595703,0.016000032424926758,0.0,52.97405716650999,0.0,0.0
0.021999835968017578,0.010999917984008789,0.010999917984008789,0.0,51.187245501654786,0.0,0.0
0.053999900817871094,0.037999868392944336,0.016000032424926758,0.0,50.33724314867788,0.0,0.0
0.023000001907348633,0.011999845504760742,0.01100015640258789,0.0,46.774579500772845,0.0,0.0
0.03299999237060547,0.014999866485595703,0.018000125885009766,0.0,48.861114250568974,0.0,0.0
0.03599977493286133,0.023000001907348633,0.012999773025512695,0.0,49.371512918070216,0.0,0.0
0.0690000057220459,0.05299997329711914,0.016000032424926758,1.1229520241190238,50.374504644106864,344.28699559078234,1.1229520241190238
0.029999971389770508,0.01399993896484375,0.016000032424926758,0.0,50.6279277964083,0.0,0.0
0.03599977493286133,0.019999980926513672,0.015999794006347656,2.3542638345330213,49.41792084312793,2.378523450225365e18,2.3542638345330213
0.029999971389770508,0.016000032424926758,0.01399993896484375,0.0,53.64100829738719,0.0,0.0
0.029000043869018555,0.013000011444091797,0.016000032424926758,0.0,52.10893994858041,0.0,0.0
0.04200005531311035,0.02700018882751465,0.014999866485595703,0.41012926192093957,52.97405716650999,3.1249424560602958e-21,0.41012926192093957
0.029000043869018555,0.015000104904174805,0.01399993896484375,0.0,53.02152027584092,0.0,0.0
0.01699995994567871,0.007999897003173828,0.007999897003173828,0.0,48.96812695969847,0.0,0.0
0.05300021171569824,0.037000179290771484,0.016000032424926758,0.44014648790999145,48.565393292928356,4.9108857361826e-18,0.44014648790999145
0.03399991989135742,0.01900005340576172,0.014999866485595703,0.11638237026675657,51.681014052317835,5.2978925640113815e-49,0.11638237026675657
0.04699993133544922,0.009000062942504883,0.037999868392944336,0.0,51.187245501654786,0.0,0.0
0.028999805450439453,0.01399993896484375,0.014999866485595703,0.0,50.6279277964083,0.0,0.0
0.0279998779296875,0.01399993896484375,0.01399993896484375,0.0,53.64100829738719,0.0,0.0
0.06099987030029297,0.04399991035461426,0.01699995994567871,0.0,51.443722400268335,0.0,0.0
0.03399991989135742,0.016000032424926758,0.017999887466430664,0.0,51.29528948687631,0.0,0.0
0.03800010681152344,0.009999990463256836,0.0280001163482666,0.0,52.111851029433716,0.0,0.0
0.03900003433227539,0.01900005340576172,0.019999980926513672,0.0,49.08069922569961,0.0,0.0
0.02500009536743164,0.013000011444091797,0.012000083923339844,1.1996394339211003,51.638057233082755,12078.869425955834,1.1996394339211003
0.03800010681152344,0.018000125885009766,0.019999980926513672,0.0,55.44406590154692,0.0,0.0
0.026999950408935547,0.01399993896484375,0.013000011444091797,0.0,52.70194725038965,0.0,0.0
0.028999805450439453,0.01699995994567871,0.011999845504760742,0.0,50.6279277964083,0.0,0.0
0.042999982833862305,0.031999826431274414,0.01100015640258789,1.6735546469303064,49.69471162839565,1.2993323201241019e11,1.6735546469303064
0.03099989891052246,0.013000011444091797,0.017999887466430664,0.0,48.74695387171477,0.0,0.0
0.03699994087219238,0.013000011444091797,0.023999929428100586,0.0,50.6279277964083,0.0,0.0
0.03800010681152344,0.019999980926513672,0.018000125885009766,0.0,49.08069922569961,0.0,0.0
0.0280001163482666,0.01100015640258789,0.01699995994567871,0.24711616524679458,51.443722400268335,5.869155248854292e-32,0.24711616524679458
0.03099989891052246,0.01399993896484375,0.01699995994567871,0.0,51.443722400268335,0.0,0.0
0.05099987983703613,0.031999826431274414,0.01900005340576172,0.0,53.10276869258925,0.0,0.0
0.042999982833862305,0.026000022888183594,0.01699995994567871,0.0,51.98655587575716,0.0,0.0
0.04699993133544922,0.029999971389770508,0.01699995994567871,0.0,48.874260989826176,0.0,0.0
0.032000064849853516,0.016000032424926758,0.016000032424926758,0.03953885881520902,49.08069922569961,1.3834495390399375e-69,0.03953885881520902
0.05200004577636719,0.029000043869018555,0.023000001907348633,0.0,49.08069922569961,0.0,0.0
0.026999950408935547,0.018999814987182617,0.00800013542175293,0.0,53.64100829738719,0.0,0.0
0.03400015830993652,0.009999990463256836,0.024000167846679688,0.0,50.6279277964083,0.0,0.0
0.04200005531311035,0.02500009536743164,0.01699995994567871,0.0,50.47059322257846,0.0,0.0
0.03299999237060547,0.018000125885009766,0.014999866485595703,0.0,52.10391251362352,0.0,0.0
0.03099989891052246,0.013000011444091797,0.017999887466430664,0.0,50.6279277964083,0.0,0.0
0.046000003814697266,0.02499985694885254,0.021000146865844727,0.0,50.47059322257846,0.0,0.0
0.05099987983703613,0.010999917984008789,0.039999961853027344,0.0,52.950833963253956,0.0,0.0
0.03900003433227539,0.02200007438659668,0.01699995994567871,0.0,48.06782339569144,0.0,0.0
0.02500009536743164,0.012000083923339844,0.013000011444091797,0.0,52.875938734641046,0.0,0.0
0.05800008773803711,0.020000219345092773,0.037999868392944336,0.0,48.885365895457184,0.0,0.0
0.03399991989135742,0.02200007438659668,0.011999845504760742,0.1316459671334269,49.85901102074842,1.2431736570300532e-44,0.1316459671334269
0.031999826431274414,0.017999887466430664,0.01399993896484375,0.0,51.98655587575716,0.0,0.0
0.04900002479553223,0.03500008583068848,0.01399993896484375,0.0,49.08069922569961,0.0,0.0
0.02500009536743164,0.016000032424926758,0.00800013542175293,0.0,51.34533842522896,0.0,0.0
0.029999971389770508,0.010999917984008789,0.01900005340576172,1.272413686225946,50.75907008565351,204567.58860145434,1.272413686225946
0.03399991989135742,0.012999773025512695,0.021000146865844727,0.0,46.02104961125689,0.0,0.0
0.029999971389770508,0.01699995994567871,0.013000011444091797,0.0,53.613222267045884,0.0,0.0
0.03699994087219238,0.010999917984008789,0.026000022888183594,0.0,53.10276869258925,0.0,0.0
0.021000146865844727,0.009000062942504883,0.012000083923339844,0.0,54.92130854275446,0.0,0.0
0.032000064849853516,0.019999980926513672,0.012000083923339844,0.0,50.41472374431102,0.0,0.0
0.056999921798706055,0.03500008583068848,0.021999835968017578,2.691753867204887,48.97702609307972,1.1530611661931663e21,2.691753867204887
0.029999971389770508,0.018000125885009766,0.011999845504760742,0.0,52.9546822618247,0.0,0.0
0.0279998779296875,0.011999845504760742,0.016000032424926758,0.0,48.26046992653101,0.0,0.0
0.042999982833862305,0.031000137329101562,0.011999845504760742,0.0,54.31207677481714,0.0,0.0
0.031999826431274414,0.023000001907348633,0.008999824523925781,0.03672578914965419,48.17623888768588,7.340179188611434e-70,0.03672578914965419
0.021999835968017578,0.007999897003173828,0.01399993896484375,0.0,48.26046992653101,0.0,0.0
0.046000003814697266,0.03099989891052246,0.015000104904174805,0.0,46.02104961125689,0.0,0.0
0.03299999237060547,0.009999990463256836,0.023000001907348633,0.0,51.679614741222366,0.0,0.0
0.048999786376953125,0.02499985694885254,0.023999929428100586,0.0,51.088653890068734,0.0,0.0
0.03099989891052246,0.016000032424926758,0.014999866485595703,0.0,51.238548135084976,0.0,0.0
0.03300023078918457,0.018000125885009766,0.015000104904174805,0.0,50.33479605260176,0.0,0.0
0.04799985885620117,0.029999971389770508,0.017999887466430664,0.0,54.31207677481714,0.0,0.0
0.042999982833862305,0.021999835968017578,0.021000146865844727,0.21927553795895172,53.613222267045884,4.659725361331436e-36,0.21927553795895172
0.03299999237060547,0.014000177383422852,0.018999814987182617,0.0,51.679614741222366,0.0,0.0
0.03600001335144043,0.017999887466430664,0.018000125885009766,0.0,52.453079046371464,0.0,0.0
0.0410001277923584,0.01699995994567871,0.024000167846679688,0.0,44.89528923673055,0.0,0.0
0.04200005531311035,0.0279998779296875,0.014000177383422852,0.0,49.90862167075976,0.0,0.0
0.026000022888183594,0.012000083923339844,0.01399993896484375,0.582718002763043,46.02104961125689,1.6075001739786674e-11,0.582718002763043
0.019999980926513672,0.010999917984008789,0.009000062942504883,0.0,50.2997408529568,0.0,0.0
0.05099987983703613,0.03399991989135742,0.01699995994567871,1.7129658682431148,50.32908727281232,5.812449604729651e11,1.7129658682431148
0.029999971389770508,0.014000177383422852,0.015999794006347656,0.28042370285213725,46.02104961125689,3.871273175333559e-26,0.28042370285213725
0.03299999237060547,0.00800013542175293,0.02499985694885254,0.0,48.26046992653101,0.0,0.0
0.034999847412109375,0.017999887466430664,0.01699995994567871,0.0,51.238548135084976,0.0,0.0
0.03399991989135742,0.020999908447265625,0.013000011444091797,0.9267269064327066,51.679614741222366,0.019592070354589677,0.9267269064327066
0.03099989891052246,0.01399993896484375,0.01699995994567871,0.0,50.2997408529568,0.0,0.0
0.04400014877319336,0.026000022888183594,0.018000125885009766,0.0,50.26763122410977,0.0,0.0
0.06500005722045898,0.016000032424926758,0.04900002479553223,1.296047525726236,51.270657763932014,594496.1141720248,1.296047525726236
0.03299999237060547,0.01900005340576172,0.01399993896484375,0.0,51.19366977470413,0.0,0.0
0.039999961853027344,0.013000011444091797,0.026999950408935547,0.0,51.7079008635513,0.0,0.0
0.04399991035461426,0.026000022888183594,0.017999887466430664,0.0172081793161194,45.07027613265885,3.0484972321210143e-80,0.0172081793161194
0.023000001907348633,0.01399993896484375,0.009000062942504883,0.0,52.663159741825,0.0,0.0
0.03600001335144043,0.009999990463256836,0.026000022888183594,1.3202382376609934,49.81079669616443,1.0227924930412963e6,1.3202382376609934
0.03699994087219238,0.017999887466430664,0.01900005340576172,1.1644758220116547,43.84192675786447,793.0260850611654,1.1644758220116547
0.0280001163482666,0.015000104904174805,0.013000011444091797,0.0,53.85174406085136,0.0,0.0
0.032000064849853516,0.01900005340576172,0.013000011444091797,1.23272014603941,49.90862167075976,34270.59421649896,1.23272014603941
0.039999961853027344,0.026999950408935547,0.013000011444091797,0.0,50.87018642246807,0.0,0.0
0.026000022888183594,0.013000011444091797,0.013000011444091797,0.0,44.89528923673055,0.0,0.0
0.046000003814697266,0.032000064849853516,0.01399993896484375,0.0,51.679614741222366,0.0,0.0
0.045999765396118164,0.023999929428100586,0.021999835968017578,0.0,51.97659656095095,0.0,0.0
0.03399991989135742,0.021999835968017578,0.012000083923339844,0.0,48.887620911045744,0.0,0.0
0.046000003814697266,0.01900005340576172,0.026999950408935547,0.0,49.4291656979422,0.0,0.0
0.026999950408935547,0.016000032424926758,0.010999917984008789,0.0,52.453079046371464,0.0,0.0
0.04400014877319336,0.026000022888183594,0.018000125885009766,0.0,55.87256074510796,0.0,0.0
0.04699993133544922,0.029000043869018555,0.017999887466430664,4.540183140194669,49.410479987289506,2.9262449585299773e32,26.410479987289506
0.020000219345092773,0.009000062942504883,0.01100015640258789,12.422926060085342,25.4169801913322,6.484361226314776e27,2.4169801913322004
0.020999908447265625,0.011999845504760742,0.009000062942504883,9.51536637110621,42.329277484958254,2.606424246775405e41,19.329277484958254
0.026999950408935547,0.007999897003173828,0.01900005340576172,5.677623658104052,31.75162488817366,8.83110495624693e23,8.751624888173659
0.029999971389770508,0.013000011444091797,0.01699995994567871,11.563639826504035,39.463169229726795,8.97594905260357e41,16.463169229726795
0.032000064849853516,0.01900005340576172,0.013000011444091797,0.577698830730331,34.16033184552814,7.238419847187221e-9,11.160331845528141
0.016000032424926758,0.009999990463256836,0.006000041961669922,13.580646708152457,21.103555825061253,8.103077505245896e23,-1.8964441749387468
0.037000179290771484,0.02500009536743164,0.010999917984008789,15.820611580717719,51.86994317871522,1.5982428672689392e62,28.869943178715218
0.029000043869018555,0.01900005340576172,0.009999990463256836,7.365190938253903,27.60448787189609,8.673022858347229e23,4.60448787189609
0.021000146865844727,0.012000083923339844,0.009000062942504883,2.2286707380354853,42.47020180927048,6.047558461706548e14,19.470201809270478
0.031000137329101562,0.014000177383422852,0.01699995994567871,12.463548902502454,43.13796091755382,1.8354805431784342e47,20.13796091755382
0.029999971389770508,0.009999990463256836,0.019999980926513672,9.754729739547098,25.4169801913322,1.3895180688759754e25,2.4169801913322004
0.019999980926513672,0.011999845504760742,0.00800013542175293,12.422926060085342,28.006524976598918,4.4198649064924995e30,5.006524976598918
0.018000125885009766,0.012000083923339844,0.006000041961669922,0.577698830730331,36.347360163408425,2.18010884549835e-9,13.347360163408425
0.03099989891052246,0.019999980926513672,0.010999917984008789,4.510083771883684,31.75162488817366,5.907779844281134e20,8.751624888173659
0.03099989891052246,0.018999814987182617,0.012000083923339844,13.96414786060994,21.103555825061253,1.4583982290529484e24,-1.8964441749387468
0.01699995994567871,0.00800013542175293,0.008999824523925781,10.152039403033937,49.410479987289506,5.423522230115254e49,26.410479987289506
0.01699995994567871,0.007999897003173828,0.009000062942504883,4.0342551656540255,43.622201365027514,2.659080184881157e26,20.622201365027514
0.032000064849853516,0.018000125885009766,0.01399993896484375,14.800516608811183,21.103555825061253,4.977409291735364e24,-1.8964441749387468
0.02500009536743164,0.015000104904174805,0.009999990463256836,13.992555954167976,20.586038121451896,3.8857996168895056e23,-2.413961878548104
0.026000022888183594,0.012000083923339844,0.01399993896484375,12.422926060085342,26.46693152442968,9.13585174097778e28,3.466931524429679
0.015000104904174805,0.00800013542175293,0.006999969482421875,9.292590869150732,21.763926265659656,1.1761380267666089e21,-1.2360737343403443
0.029999971389770508,0.01699995994567871,0.013000011444091797,13.580646708152457,21.103555825061253,8.103077505245896e23,-1.8964441749387468
0.02499985694885254,0.014999866485595703,0.009999990463256836,12.422926060085342,21.724900322574364,5.914324726359523e23,-1.2750996774256365
0.019999980926513672,0.009999990463256836,0.009999990463256836,9.754729739547098,25.4169801913322,1.3895180688759754e25,2.4169801913322004
0.01699995994567871,0.006999969482421875,0.009999990463256836,14.862611150997866,21.103555825061253,5.437192423334496e24,-1.8964441749387468
0.0279998779296875,0.016000032424926758,0.011999845504760742,13.580646708152457,20.60829036003511,2.2261458713122065e23,-2.3917096399648905
0.026000022888183594,0.017000198364257812,0.008999824523925781,9.513328162335066,26.50622936043934,8.548797947225884e25,3.5062293604393417
0.023000001907348633,0.013000011444091797,0.009999990463256836,12.206609083398167,21.103555825061253,8.531374615036183e22,-1.8964441749387468
0.017999887466430664,0.006999969482421875,0.010999917984008789,13.454949329123266,22.670502151025023,3.911319726367185e25,-0.32949784897497736
0.026999950408935547,0.010999917984008789,0.016000032424926758,13.835289142954718,31.320690787780496,5.451799223107725e35,8.320690787780496
0.023000001907348633,0.015000104904174805,0.007999897003173828,13.573188445939735,20.496593218895214,1.6448250634659344e23,-2.503406781104786
0.026000022888183594,0.014000177383422852,0.011999845504760742,13.566424175547356,22.078272008897688,1.006651075120607e25,-0.921727991102312
0.015000104904174805,0.006999969482421875,0.00800013542175293,13.349003889846994,20.584361030533387,1.4677282306998549e23,-2.415638969466613
0.020999908447265625,0.010999917984008789,0.009999990463256836,13.992555954167976,20.356526520755796,2.1207219644722034e23,-2.6434734792442036
0.029999971389770508,0.013000011444091797,0.01699995994567871,8.30785099880307,21.575512040537134,6.89349545434299e19,-1.4244879594628657
0.021999835968017578,0.013000011444091797,0.008999824523925781,13.628300692830603,21.103555825061253,8.724768219741238e23,-1.8964441749387468
0.017999887466430664,0.006999969482421875,0.010999917984008789,14.237378534512686,22.23214780117003,4.397713658715875e25,-0.7678521988299707
0.02200007438659668,0.007999897003173828,0.014000177383422852,12.178089428735351,20.532070719435247,1.946202664365798e22,-2.4679292805647535
0.029999971389770508,0.017999887466430664,0.012000083923339844,9.292590869150732,21.782577281561306,1.226069324886494e21,-1.2174227184386943
0.0279998779296875,0.01399993896484375,0.01399993896484375,14.607822808521066,21.59785436613878,1.4208487809787195e25,-1.4021456338612204
0.0280001163482666,0.016000032424926758,0.012000083923339844,8.30785099880307,22.296276458403085,3.17083928564975e20,-0.703723541596915
0.0280001163482666,0.00800013542175293,0.019999980926513672,12.824241008197378,21.10903018091377,2.4517376066830418e23,-1.89096981908623
0.029999971389770508,0.016000032424926758,0.01399993896484375,12.206609083398167,20.764598644751327,3.653505981026243e22,-2.2354013552486727
0.025999784469604492,0.013000011444091797,0.012999773025512695,11.542812533141733,21.724900322574364,1.1984351581086286e23,-1.2750996774256365
0.03600001335144043,0.008999824523925781,0.02700018882751465,12.422926060085342,21.439433266582995,2.8809803117631555e23,-1.560566733417005
0.029000043869018555,0.015000104904174805,0.01399993896484375,13.580646708152457,27.987423038929883,5.0994571250978425e31,4.987423038929883
0.01900005340576172,0.010999917984008789,0.00800013542175293,6.792597209626612,22.17755080586752,2.834768577199192e18,-0.8224491941324814
0.01699995994567871,0.009000062942504883,0.007999897003173828,16.17166004595955,20.2876474699656,3.3326312881489513e24,-2.7123525300344014
0.021000146865844727,0.00800013542175293,0.013000011444091797,10.34597111136748,20.96130608946565,1.8660832783326894e21,-2.0386939105343487
0.026999950408935547,0.01399993896484375,0.013000011444091797,10.147018013362917,21.3058436503465,2.759874143442422e21,-1.6941563496535004
0.03000020980834961,0.017000198364257812,0.013000011444091797,8.313761952255948,21.763926265659656,1.0432942738006023e20,-1.2360737343403443
0.01900005340576172,0.010999917984008789,0.00800013542175293,13.328151658076806,21.724900322574364,2.7259289031742774e24,-1.2750996774256365
0.01699995994567871,0.009999990463256836,0.006999969482421875,6.49621725942994,20.493696562502606,4.512513725764591e16,-2.506303437497394
0.031000137329101562,0.018000125885009766,0.013000011444091797,12.085916833819851,20.764598644751327,2.9723609374235566e22,-2.2354013552486727
0.026000022888183594,0.015000104904174805,0.010999917984008789,14.26987883669452,21.702482693452744,1.131843208588193e25,-1.297517306547256
0.019999980926513672,0.012000083923339844,0.007999897003173828,9.315478290987446,22.296276458403085,4.0706723715272834e21,-0.703723541596915
0.02200007438659668,0.009999990463256836,0.012000083923339844,8.284963576966359,21.763926265659656,9.674064631856354e19,-1.2360737343403443
0.0410001277923584,0.02700018882751465,0.01399993896484375,10.416267112948418,22.512872750326764,8.158741843145235e22,-0.48712724967323595
0.026000022888183594,0.015000104904174805,0.010999917984008789,7.648174481108791,21.412898326628447,8.308699678403771e18,-1.5871016733715528
0.03600001335144043,0.019999980926513672,0.016000032424926758,9.292590869150732,21.782577281561306,1.226069324886494e21,-1.2174227184386943
0.032000064849853516,0.017999887466430664,0.014000177383422852,6.792597209626612,22.17755080586752,2.834768577199192e18,-0.8224491941324814
0.03399991989135742,0.02500009536743164,0.008999824523925781,8.039299598401577,21.575512040537134,3.3927078915351695e19,-1.4244879594628657
0.01399993896484375,0.007999897003173828,0.006000041961669922,9.241600681301978,20.728618837672517,1.043771865625763e20,-2.271381162327483
0.03500008583068848,0.018000125885009766,0.01699995994567871,7.066055960544652,21.578407861428364,2.1080903408821228e18,-1.4215921385716364
0.023000001907348633,0.009999990463256836,0.013000011444091797,6.792597209626612,22.30886304244964,3.6456426809661993e18,-0.6911369575503592
0.021999835968017578,0.013000011444091797,0.008999824523925781,4.876353373312248,22.17755080586752,1.8208140317489792e15,-0.8224491941324814
0.017999887466430664,0.007999897003173828,0.009999990463256836,8.14935106097256,21.50742890229673,3.943789466061854e19,-1.4925710977032693
0.032000064849853516,0.012000083923339844,0.019999980926513672,8.30785099880307,20.559423296023915,8.019686212701745e18,-2.4405767039760846
0.02700018882751465,0.015000104904174805,0.012000083923339844,8.284963576966359,24.76466561465495,5.5101031911076366e22,1.7646656146549518
0.01699995994567871,0.009999990463256836,0.006999969482421875,8.328236764930496,22.17755080586752,2.6038282296206944e20,-0.8224491941324814
0.029000043869018555,0.015000104904174805,0.01399993896484375,5.904274224922277,24.11440554711702,3.9465918202871337e18,1.1144055471170198
0.03299999237060547,0.016000032424926758,0.01699995994567871,6.792597209626612,21.977809571314342,1.9334179206787067e18,-1.0221904286856578
0.0280001163482666,0.010999917984008789,0.017000198364257812,6.792597209626612,22.17755080586752,2.834768577199192e18,-0.8224491941324814
0.01699995994567871,0.007999897003173828,0.009000062942504883,6.49621725942994,20.078548320552912,2.0751234634948544e16,-2.921451679447088
0.03399991989135742,0.01900005340576172,0.014999866485595703,6.792597209626612,22.29236421497873,3.5322097413071063e18,-0.7076357850212709
0.03400015830993652,0.024000167846679688,0.009999990463256836,6.792597209626612,23.42914575960703,3.1180961048550994e19,0.4291457596070316
0.0279998779296875,0.006999969482421875,0.019999980926513672,6.024200308171311,21.188442015881847,3.3485231008065852e16,-1.8115579841181528
0.039999961853027344,0.023999929428100586,0.016000032424926758,6.21994501721944,20.078548320552912,8.671246117825062e15,-2.921451679447088
0.029999971389770508,0.01699995994567871,0.013000011444091797,4.876353373312248,22.17755080586752,1.8208140317489792e15,-0.8224491941324814
0.02500009536743164,0.009999990463256836,0.015000104904174805,6.792597209626612,22.167198042709447,2.779097220300392e18,-0.8328019572905525
0.037000179290771484,0.016000032424926758,0.021000146865844727,6.49621725942994,20.493696562502606,4.512513725764591e16,-2.506303437497394
0.026999950408935547,0.013000011444091797,0.01399993896484375,6.49621725942994,20.855701550902992,8.883941817985088e16,-2.1442984490970076
0.015999794006347656,0.008999824523925781,0.006999969482421875,6.024200308171311,21.165371825159475,3.2126311899002908e16,-1.8346281748405247
0.019999980926513672,0.009999990463256836,0.009999990463256836,3.6878093230927544,22.17755080586752,3.7113872426759873e12,-0.8224491941324814
0.03800010681152344,0.01699995994567871,0.019999980926513672,6.510980484817351,20.493696562502606,4.727399453274011e16,-2.506303437497394
0.03299999237060547,0.020999908447265625,0.012000083923339844,9.5377616227114,21.08436817530523,4.4772346183146786e20,-1.9156318246947706
0.016000032424926758,0.006999969482421875,0.009000062942504883,6.21994501721944,20.06770555713968,8.501091161385297e15,-2.9322944428603215
0.020999908447265625,0.007999897003173828,0.013000011444091797,4.876353373312248,23.7304896160471,2.1322360713262108e16,0.7304896160471017
0.03500008583068848,0.019999980926513672,0.015000104904174805,5.887210348573434,20.078548320552912,2.8751874815808735e15,-2.921451679447088
0.02500009536743164,0.013000011444091797,0.012000083923339844,4.876353373312248,22.301214184590517,2.2149185742343652e15,-0.698785815409483
0.01900005340576172,0.009999990463256836,0.009000062942504883,4.876353373312248,22.17755080586752,1.8208140317489792e15,-0.8224491941324814
0.03600001335144043,0.02500009536743164,0.010999917984008789,4.876353373312248,21.159560882128662,3.629039054184554e14,-1.8404391178713375
0.03299999237060547,0.01900005340576172,0.01399993896484375,4.733602434780757,21.18777743356551,2.0221489966559444e14,-1.8122225664344889
0.031999826431274414,0.023000001907348633,0.008999824523925781,3.444291543560152,22.513319921357315,1.2356685681829556e12,-0.48668007864268503
0.04900002479553223,0.017999887466430664,0.031000137329101562,8.434049443617365,20.06770555713968,3.8319571735209964e18,-2.9322944428603215
0.026999950408935547,0.017999887466430664,0.009000062942504883,4.876353373312248,22.67436099009123,4.000536891734648e15,-0.3256390099087696
0.019999980926513672,0.012000083923339844,0.007999897003173828,5.137094650114797,22.17755080586752,5.78062722707293e15,-0.8224491941324814
0.04799985885620117,0.019999980926513672,0.0279998779296875,6.178304621975702,21.320121077055557,7.268245761926651e16,-1.679878922944443
0.023999929428100586,0.01399993896484375,0.009999990463256836,2.801780778482637,24.166805891344076,6.502109640804875e10,1.166805891344076
0.021999835968017578,0.009999990463256836,0.011999845504760742,1.2596210422012448,25.51113688894171,360.7729678327125,2.51113688894171
0.03500008583068848,0.023999929428100586,0.01100015640258789,4.876353373312248,22.96354268219261,6.325615723016176e15,-0.0364573178073897
0.02700018882751465,0.012000083923339844,0.015000104904174805,3.6878093230927544,24.95729112132261,1.3963857318805578e14,1.9572911213226085
0.02499985694885254,0.011999845504760742,0.013000011444091797,3.444291543560152,22.179008155793454,8.172278944158733e11,-0.8209918442065458
0.019999980926513672,0.006999969482421875,0.013000011444091797,4.876353373312248,22.17755080586752,1.8208140317489792e15,-0.8224491941324814
0.03600001335144043,0.024000167846679688,0.011999845504760742,4.876353373312248,21.159560882128662,3.629039054184554e14,-1.8404391178713375
0.029999971389770508,0.021999835968017578,0.00800013542175293,4.841266351863096,22.17755080586752,1.5513597141841678e15,-0.8224491941324814
0.023000001907348633,0.009000062942504883,0.01399993896484375,5.272098769589482,22.633984688465155,2.1946453152784252e16,-0.366015311534845
0.03299999237060547,0.01699995994567871,0.016000032424926758,4.876353373312248,22.17755080586752,1.8208140317489792e15,-0.8224491941324814
0.02500009536743164,0.013000011444091797,0.012000083923339844,3.5614413405332357,20.86237389523016,3.2227275971821515e11,-2.13762610476984
0.029000043869018555,0.017000198364257812,0.011999845504760742,3.327833133719338,22.179008155793454,3.8108783678607446e11,-0.8209918442065458
0.029000043869018555,0.019999980926513672,0.009000062942504883,4.992811783153391,25.794772282272223,1.0319419488200804e18,2.7947722822722234
0.029999971389770508,0.020999908447265625,0.009000062942504883,5.198170747003368,22.208268218924484,7.903160773486889e15,-0.7917317810755158
0.023000001907348633,0.012000083923339844,0.010999917984008789,4.661770327500944,20.8705667261212,8.975023811710298e13,-2.1294332738787993
0.019999980926513672,0.008999824523925781,0.01100015640258789,4.733602434780757,20.526610157873286,7.234332118169803e13,-2.473389842126714
0.03399991989135742,0.01699995994567871,0.01699995994567871,3.444291543560152,22.513319921357315,1.2356685681829556e12,-0.48668007864268503
0.03800010681152344,0.020000219345092773,0.017999887466430664,4.876353373312248,20.855652175486206,2.2421957691988312e14,-2.144347824513794
0.023000001907348633,0.01100015640258789,0.011999845504760742,3.444291543560152,22.513319921357315,1.2356685681829556e12,-0.48668007864268503
0.023000001907348633,0.010000228881835938,0.012999773025512695,3.444291543560152,22.513319921357315,1.2356685681829556e12,-0.48668007864268503
0.04999995231628418,0.032000064849853516,0.017999887466430664,4.944560736897248,20.398875995710327,1.4435279686973722e14,-2.601124004289673
0.0280001163482666,0.014000177383422852,0.01399993896484375,6.1076161073811335,22.179008155793454,2.6906397161311082e17,-0.8209918442065458
0.029999971389770508,0.016000032424926758,0.01399993896484375,3.2738826566634094,22.179008155793454,2.6520939270334088e11,-0.8209918442065458
0.03099989891052246,0.018999814987182617,0.012000083923339844,3.327833133719338,23.417798138480936,1.6899489067882876e12,0.4177981384809364
0.031000137329101562,0.013000011444091797,0.018000125885009766,3.444291543560152,23.139419604302635,2.680279471643566e12,0.13941960430263478
0.04400014877319336,0.029999971389770508,0.014000177383422852,4.1291072907028,21.016829406918784,8.776957922487827e12,-1.9831705930812156
0.02500009536743164,0.012000083923339844,0.013000011444091797,3.151432172868587,20.54708774829904,1.7493909993641376e10,-2.4529122517009583
0.046000003814697266,0.02700018882751465,0.018999814987182617,2.809754030646509,20.54708774829904,1.6551104830204377e9,-2.4529122517009583
0.031000137329101562,0.015000104904174805,0.016000032424926758,3.2752056541494827,22.179008155793454,2.675965799040654e11,-0.8209918442065458
0.020999908447265625,0.013000011444091797,0.007999897003173828,5.388399796844022,20.967548096786857,2.1722948365066685e15,-2.0324519032131434
0.018000125885009766,0.009000062942504883,0.009000062942504883,3.444291543560152,20.611277405737695,1.1757504251341924e11,-2.3887225942623047
0.029000043869018555,0.014000177383422852,0.014999866485595703,3.151432172868587,20.28878445155157,1.300530785605943e10,-2.711215548448429
0.03600001335144043,0.023000001907348633,0.013000011444091797,1.5932324805668934,22.746194130616615,39909.91943224726,-0.2538058693833847
0.017999887466430664,0.008999824523925781,0.009000062942504883,3.444291543560152,22.54890820835136,1.2912682279365405e12,-0.4510917916486399
0.01900005340576172,0.00800013542175293,0.010999917984008789,3.444291543560152,22.14341986879941,7.820395486580977e11,-0.856580131200591
0.020999908447265625,0.009000062942504883,0.011999845504760742,3.151432172868587,20.885773695505115,2.5806227992751522e10,-2.114226304494885
0.03900003433227539,0.023000001907348633,0.016000032424926758,2.779116793262336,20.54708774829904,1.3212711167714093e9,-2.4529122517009583
0.021999835968017578,0.01399993896484375,0.007999897003173828,1.9879192220582684,21.738544100362038,3.0672842128759734e6,-1.2614558996379621
0.020999908447265625,0.007999897003173828,0.013000011444091797,3.444291543560152,20.33520061418525,8.356690653559447e10,-2.6647993858147494
0.026999950408935547,0.01699995994567871,0.009999990463256836,1.411051196582494,24.72652115819131,4985.08422435964,1.7265211581913107
0.026000022888183594,0.01399993896484375,0.012000083923339844,5.660768188722427,20.28878445155157,1.8833286558363795e15,-2.711215548448429
0.02500009536743164,0.013000011444091797,0.012000083923339844,3.151432172868587,22.692789255391613,2.0536960994273108e11,-0.30721074460838693
0.043000221252441406,0.024000167846679688,0.017999887466430664,3.2738826566634094,27.26340650787402,1.1024906754120077e14,4.26340650787402
0.03900003433227539,0.026999950408935547,0.012000083923339844,6.082393220997744,22.179008155793454,2.4546783086200438e17,-0.8209918442065458
0.031999826431274414,0.01399993896484375,0.017999887466430664,3.151432172868587,23.138357869606654,3.424961398876486e11,0.1383578696066543
0.034999847412109375,0.019999980926513672,0.014999866485595703,0.44999469782324875,22.746194130616615,1.2935645952780589e-8,-0.2538058693833847
0.026999950408935547,0.01399993896484375,0.013000011444091797,3.155465852526421,22.746194130616615,2.2479927554299905e11,-0.2538058693833847
0.026000022888183594,0.015000104904174805,0.010999917984008789,0.4464264570581691,21.020781170947068,4.339800977188406e-8,-1.9792188290529324
0.034999847412109375,0.023000001907348633,0.011999845504760742,2.480497222653104,20.54708774829904,1.2782688794131476e8,-2.4529122517009583
0.0279998779296875,0.016000032424926758,0.011999845504760742,3.154697253933702,20.28878445155157,1.3281434265471148e10,-2.711215548448429
0.018999814987182617,0.008999824523925781,0.009999990463256836,2.7737229961119567,22.746194130616615,1.1967377541182812e10,-0.2538058693833847
0.03900003433227539,0.011999845504760742,0.02700018882751465,0.4862293125881416,20.54708774829904,3.6770315993668923e-7,-2.4529122517009583
0.05500006675720215,0.02200007438659668,0.03299999237060547,2.809754030646509,20.54708774829904,1.6551104830204377e9,-2.4529122517009583
0.031000137329101562,0.016000032424926758,0.015000104904174805,0.850121765241298,20.54708774829904,0.03556662860926306,-2.4529122517009583
0.03600001335144043,0.014000177383422852,0.021999835968017578,2.5807115792024167,20.679567171386797,3.27034850508498e8,-2.320432828613203
0.017999887466430664,0.009999990463256836,0.007999897003173828,0.44999469782324875,22.669053270447208,1.3757515164503638e-8,-0.33094672955279236
0.03500008583068848,0.014000177383422852,0.020999908447265625,1.9757228247472796,22.746194130616615,5.328946923537959e6,-0.2538058693833847
0.06599998474121094,0.03800010681152344,0.0279998779296875,1.6013221716165538,22.746194130616615,44782.93871232321,-0.2538058693833847
0.03699994087219238,0.007999897003173828,0.029000043869018555,0.4862293125881416,20.698539157901536,3.2966209242991477e-7,-2.3014608420984644
0.05499982833862305,0.03399991989135742,0.020999908447265625,0.44999469782324875,23.917827507033717,5.075447404464969e-9,0.9178275070337172
0.020999908447265625,0.006999969482421875,0.01399993896484375,2.480497222653104,20.54708774829904,1.2782688794131476e8,-2.4529122517009583
0.03500008583068848,0.013000011444091797,0.02200007438659668,0.6164270990265646,22.746194130616615,1.6619152525826744e-5,-0.2538058693833847
0.023999929428100586,0.014999866485595703,0.009000062942504883,0.850121765241298,20.534940465162403,0.03563685029185178,-2.4650595348375965
0.023999929428100586,0.01399993896484375,0.009999990463256836,0.44999469782324875,22.758416672780186,1.2810008952277044e-8,-0.24158332721981424
0.020999908447265625,0.007999897003173828,0.013000011444091797,1.796123087073743,20.956438431750033,213785.73395341058,-2.0435615682499666
0.03099989891052246,0.01699995994567871,0.013000011444091797,0.44999469782324875,22.94017459938244,1.1079422620767076e-8,-0.0598254006175587
0.03099989891052246,0.017999887466430664,0.013000011444091797,0.35347993134930134,22.758416672780186,5.266196607019313e-11,-0.24158332721981424
0.017000198364257812,0.0070002079010009766,0.009999990463256836,0.44999469782324875,24.50886983229161,3.165958552659845e-9,1.5088698322916088
0.029999971389770508,0.009999990463256836,0.019999980926513672,0.4160959174268002,23.450804459891902,1.174302995548818e-9,0.4508044598919021
0.03699994087219238,0.020999908447265625,0.016000032424926758,0.44999469782324875,22.74643107921031,1.2933198655738642e-8,-0.2535689207896894
0.0280001163482666,0.013000011444091797,0.015000104904174805,0.44999469782324875,22.75817972418649,1.2812432938628037e-8,-0.2418202758135095
0.02500009536743164,0.013000011444091797,0.012000083923339844,3.7546649858087093,22.758416672780186,1.192149197208564e13,-0.24158332721981424
0.03900003433227539,0.01399993896484375,0.02500009536743164,0.3485265945971743,22.758416672780186,3.8195693096907436e-11,-0.24158332721981424
0.03299999237060547,0.009999990463256836,0.023000001907348633,0.44999469782324875,20.9729687745304,5.3300288295399954e-8,-2.0270312254695995
0.020999908447265625,0.010999917984008789,0.009999990463256836,0.44999469782324875,22.669053270447208,1.3757515164503638e-8,-0.33094672955279236
0.026000022888183594,0.018000125885009766,0.007999897003173828,0.09073810223967849,24.298998368767453,4.7351465337329723e-26,1.2989983687674531
0.029999971389770508,0.017999887466430664,0.012000083923339844,1.7406065639954864,23.385613892463397,425531.47796968266,0.3856138924633967
0.021000146865844727,0.013000011444091797,0.00800013542175293,0.44999469782324875,22.94017459938244,1.1079422620767076e-8,-0.0598254006175587
0.029000043869018555,0.013000011444091797,0.016000032424926758,1.3828434656923987,22.758416672780186,1598.7151414618518,-0.24158332721981424
0.026999950408935547,0.01399993896484375,0.013000011444091797,0.11190351917810082,22.75817972418649,2.2563942965180046e-22,-0.2418202758135095
0.029000043869018555,0.012000083923339844,0.01699995994567871,0.03898012729066913,22.746194130616615,8.852115501349434e-33,-0.2538058693833847
0.023999929428100586,0.010999917984008789,0.013000011444091797,0.03849112545295119,23.351741388106777,9.240741068803436e-34,0.35174138810677746
0.03500008583068848,0.023000001907348633,0.012000083923339844,0.3485265945971743,25.036961418366054,3.459222224381303e-12,2.0369614183660545
0.023999929428100586,0.011999845504760742,0.012000083923339844,0.27078433191270834,22.758416672780186,1.2229534399143726e-13,-0.24158332721981424
0.019999980926513672,0.010999917984008789,0.009000062942504883,0.03184704630997892,22.758416672780186,8.555082451904492e-35,-0.24158332721981424
0.03600001335144043,0.009999990463256836,0.026000022888183594,0.018355884527330613,22.149926357580828,3.489403006957452e-39,-0.8500736424191722
0.031999826431274414,0.019999980926513672,0.011999845504760742,0.11190351917810082,26.14325119286697,1.3604515845001985e-25,3.1432511928669697
0.03699994087219238,0.026000022888183594,0.010999917984008789,1.1341799129013679,21.90425228633462,15.767660422113464,-1.0957477136653786
0.039999961853027344,0.012000083923339844,0.0279998779296875,0.03184704630997892,22.758416672780186,8.555082451904492e-35,-0.24158332721981424
0.051999807357788086,0.017999887466430664,0.03399991989135742,0.3485265945971743,22.758416672780186,3.8195693096907436e-11,-0.24158332721981424
0.037999868392944336,0.008999824523925781,0.029000043869018555,0.045593931893384454,22.758416672780186,3.0119500105803975e-31,-0.24158332721981424
0.03299999237060547,0.013000011444091797,0.019999980926513672,0.03898012729066913,22.181118815441383,5.537666086694735e-32,-0.8188811845586166
0.016000032424926758,0.006999969482421875,0.009000062942504883,0.6207824255449284,22.94017459938244,1.7782548114469438e-5,-0.0598254006175587
0.02500009536743164,0.010999917984008789,0.014000177383422852,0.025914741119410944,25.372572720066884,5.592457752460179e-41,2.3725727200668842
0.032000064849853516,0.019999980926513672,0.012000083923339844,0.42583473342408684,22.137230591654,6.200466111374054e-9,-0.8627694083460007
0.029000043869018555,0.01699995994567871,0.012000083923339844,0.02248217432783184,22.181118815441383,2.7664941099102743e-37,-0.8188811845586166
0.023999929428100586,0.010999917984008789,0.013000011444091797,0.06428735680604358,22.74575284550682,7.7610198086986045e-28,-0.2542471544931786
0.04900002479553223,0.023000001907348633,0.026000022888183594,0.0019407607722903286,22.690635299935376,2.89975864370682e-62,-0.3093647000646236
0.019999980926513672,0.009999990463256836,0.009999990463256836,0.0025867283181884027,20.77172883673054,1.8128486560136082e-54,-2.2282711632694614
0.029999971389770508,0.018000125885009766,0.011999845504760742,0.8910532573852841,24.931947819873134,0.05636385893196067,1.931947819873134
0.04699993133544922,0.031999826431274414,0.01399993896484375,0.05699493937733102,23.474598561302184,6.219514797048865e-30,0.4745985613021837
0.031999826431274414,0.018999814987182617,0.013000011444091797,0.02817579933602766,22.348009962908307,2.279391340726929e-35,-0.6519900370916929
0.039999961853027344,0.013000011444091797,0.026999950408935547,0.03900199879499277,20.916528319241333,3.391786466643322e-30,-2.0834716807586666
0.042999982833862305,0.019999980926513672,0.023000001907348633,0.016544842778108304,22.181118815441383,3.0757035050803627e-40,-0.8188811845586166
0.017999887466430664,0.009999990463256836,0.007999897003173828,1.0136776073121339,22.758416672780186,1.3622954569929873,-0.24158332721981424
0.03399991989135742,0.02200007438659668,0.011999845504760742,0.02248217432783184,22.12865685014261,3.3759464663416746e-37,-0.8713431498573883
0.034999847412109375,0.018999814987182617,0.016000032424926758,0.2335632697602934,22.149926357580828,1.0237813584904896e-14,-0.8500736424191722
0.021999835968017578,0.01399993896484375,0.007999897003173828,0.001388430932458995,20.77172883673054,4.41864590114877e-60,-2.2282711632694614
0.026999950408935547,0.008999824523925781,0.018000125885009766,0.03898012729066913,22.226438636076853,4.7803977558144283e-32,-0.7735613639231467
0.046000003814697266,0.019999980926513672,0.026000022888183594,0.26012265120765754,22.149926357580828,1.1123451664213924e-13,-0.8500736424191722
0.021999835968017578,0.013000011444091797,0.008999824523925781,0.03898012729066913,22.181186691132922,5.536446624889227e-32,-0.8188133088670781
0.03699994087219238,0.01699995994567871,0.019999980926513672,0.02817579933602766,22.347942087216765,2.2799436315545688e-35,-0.6520579127832349
0.0840001106262207,0.06999993324279785,0.014000177383422852,0.0019234247225956205,21.963920506865808,2.2266064181529569e-60,-1.0360794931341921
0.03699994087219238,0.016000032424926758,0.020999908447265625,0.016567958020628243,22.181118815441383,3.17244271462319e-40,-0.8188811845586166
0.032000064849853516,0.018000125885009766,0.01399993896484375,0.3783837552832052,25.03661730310549,2.709300033389755e-11,2.0366173031054906
0.018999814987182617,0.010999917984008789,0.007999897003173828,0.018355884527330613,21.81473372279067,1.3326645861935482e-38,-1.1852662772093296
0.04699993133544922,0.029999971389770508,0.01699995994567871,0.0019407607722903286,20.54139682740776,1.955044991160255e-56,-2.458603172592241
0.029999971389770508,0.01399993896484375,0.016000032424926758,0.02248217432783184,22.556319440823902,6.660984966383805e-38,-0.44368055917609794
0.020999908447265625,0.011999845504760742,0.00800013542175293,0.0019407607722903286,21.960178996425917,2.7757464663247364e-60,-1.0398210035740831
0.04900002479553223,0.03099989891052246,0.018000125885009766,4.006706829097666,21.67040890054848,1.1551889894270557e13,-1.3295910994515197
0.02500009536743164,0.01399993896484375,0.01100015640258789,0.0006534768744708153,20.77172883673054,7.027903483262769e-67,-2.2282711632694614
0.018999814987182617,0.011999845504760742,0.006999969482421875,0.0019407607722903286,22.70487484270594,2.653040092463817e-62,-0.2951251572940592
0.034999847412109375,0.01399993896484375,0.020999908447265625,0.0007536464183203941,21.960142029161556,2.643369231598135e-69,-1.039857970838444
0.023999929428100586,0.010999917984008789,0.013000011444091797,0.0003401623841607915,20.78040320042268,8.453617893126163e-73,-2.219596799577321
0.021999835968017578,0.011999845504760742,0.009999990463256836,0.0006534768744708153,20.087885328580732,1.0585464630425748e-64,-2.9121146714192676
0.02500009536743164,0.012000083923339844,0.013000011444091797,0.0019234247225956205,22.69294165204389,2.331722396776254e-62,-0.30705834795611153
0.034999847412109375,0.02200007438659668,0.012999773025512695,0.0019407607722903286,21.9616141547573,2.7509810959368834e-60,-1.0383858452427006
0.023999929428100586,0.01399993896484375,0.009999990463256836,0.0019407607722903286,21.960178996425917,2.7757464663247364e-60,-1.0398210035740831
0.023000001907348633,0.0070002079010009766,0.015999794006347656,1.4206502998359976,20.21861734291245,1210.8214062038135,-2.7813826570875513
0.031999826431274414,0.01399993896484375,0.017999887466430664,0.0006808672346219069,21.960178996425917,2.8410848537270657e-70,-1.0398210035740831
0.03299999237060547,0.010999917984008789,0.02200007438659668,0.0019407607722903286,20.23221793868654,1.3479027449838229e-55,-2.7677820613134614
0.019999980926513672,0.009999990463256836,0.009999990463256836,0.0003401623841607915,24.175707318262013,1.415998460519124e-84,1.1757073182620132
0.020999908447265625,0.009999990463256836,0.010999917984008789,0.0005694998477427937,22.333771212488983,3.450933891876992e-73,-0.6662287875110167
0.04199981689453125,0.028999805450439453,0.013000011444091797,0.0019234247225956205,21.963920506865808,2.2266064181529569e-60,-1.0360794931341921
0.03500008583068848,0.02500009536743164,0.009999990463256836,0.0003401623841607915,21.324088713927075,1.0999442948779885e-74,-1.6759112860729246
0.032000064849853516,0.012000083923339844,0.019999980926513672,0.0006534768744708153,20.767105873656014,7.270241906785835e-67,-2.232894126343986
0.026999950408935547,0.010999917984008789,0.016000032424926758,0.0006808672346219069,21.511668603606076,7.479776414077995e-69,-1.4883313963939244
0.023999929428100586,0.013000011444091797,0.010999917984008789,0.18857283932512445,22.69294165204389,3.618181961224207e-17,-0.30705834795611153
0.02500009536743164,0.015000104904174805,0.009999990463256836,0.587580889508446,21.960178996425917,8.485638554421241e-6,-1.0398210035740831
0.029999971389770508,0.009999990463256836,0.019999980926513672,0.006998350044447891,20.77172883673054,1.7251792835880767e-45,-2.2282711632694614
0.029000043869018555,0.015000104904174805,0.01399993896484375,0.0005074117496639963,21.960178996425917,4.4578687817295e-73,-1.0398210035740831
0.026999950408935547,0.01699995994567871,0.009999990463256836,0.0005031428784145249,20.12494599194956,4.18519936762933e-67,-2.8750540080504408
0.019999980926513672,0.008999824523925781,0.01100015640258789,0.000344431255410276,21.973026841912784,8.121971885319e-77,-1.0269731580872161
0.034999847412109375,0.014999866485595703,0.019999980926513672,0.0002674248392709322,21.960178996425917,3.473047860274134e-79,-1.0398210035740831
0.029999971389770508,0.016000032424926758,0.01399993896484375,0.0006534768744708153,20.69650312364696,1.220119494148888e-66,-2.303496876353041
0.020999908447265625,0.013000011444091797,0.007999897003173828,2.0387937083073972e-5,21.960178996425917,9.840059543269935e-104,-1.0398210035740831
0.029000043869018555,0.013000011444091797,0.016000032424926758,0.0005074117496639963,21.488680256148502,1.5942104275831304e-71,-1.511319743851498
0.026000022888183594,0.012000083923339844,0.01399993896484375,0.0006534768744708153,20.77172883673054,7.027903483262769e-67,-2.2282711632694614
0.029000043869018555,0.015000104904174805,0.01399993896484375,0.8992991927056031,20.972762907867274,0.10795525560422496,-2.027237092132726
0.018999814987182617,0.007999897003173828,0.010999917984008789,1.4770137087012647,24.349662858907713,13318.524252967147,1.3496628589077133
0.037999868392944336,0.026000022888183594,0.011999845504760742,0.0005694998477427937,20.60176895798142,1.4369081829499627e-67,-2.3982310420185797
0.043000221252441406,0.013000011444091797,0.03000020980834961,0.2253505386972492,21.01107199149428,2.5285146146700785e-14,-1.9889280085057202
0.03399991989135742,0.012000083923339844,0.021999835968017578,0.0003401623841607915,21.324088713927075,1.0999442948779885e-74,-1.6759112860729246
0.032000064849853516,0.016000032424926758,0.016000032424926758,0.036289771193618356,21.960178996425917,2.3583263154218755e-32,-1.0398210035740831
0.02200007438659668,0.011999845504760742,0.010000228881835938,0.3751845617009986,21.960178996425917,4.4703662097502496e-10,-1.0398210035740831
0.021000146865844727,0.012000083923339844,0.009000062942504883,2.0387937083073972e-5,21.076237082556275,1.3779684763741716e-99,-1.9237629174437245
0.03099989891052246,0.009000062942504883,0.021999835968017578,8.07708246512663e-6,21.933744231722105,1.9816325966063508e-112,-1.0662557682778946
0.029000043869018555,0.010000228881835938,0.018999814987182617,0.6914546227757579,21.960178996425917,0.0003028180995140442,-1.0398210035740831
0.025999784469604492,0.014999866485595703,0.010999917984008789,2.0387937083073972e-5,21.960178996425917,9.840059543269935e-104,-1.0398210035740831
0.029000043869018555,0.013000011444091797,0.016000032424926758,0.0001099279615717208,21.324088713927075,3.8039912589309655e-85,-1.6759112860729246
0.03099989891052246,0.01699995994567871,0.01399993896484375,0.06012653892794494,21.973026841912784,1.4872670451497588e-27,-1.0269731580872161
0.028999805450439453,0.014999866485595703,0.01399993896484375,0.0003401623841607915,21.234581953590055,2.248061643785763e-74,-1.7654180464099447
0.03099989891052246,0.01399993896484375,0.01699995994567871,0.364012783006749,22.333771212488983,1.5778994948187372e-10,-0.6662287875110167
0.03400015830993652,0.01900005340576172,0.015000104904174805,0.00019726490656295172,21.143522045233013,4.616410579642629e-79,-1.8564779547669872
0.029000043869018555,0.019999980926513672,0.009000062942504883,4.877105410679996e-6,21.076237082556275,1.112873923215925e-112,-1.9237629174437245
0.03900003433227539,0.012000083923339844,0.026999950408935547,0.10641184794980556,21.076237082556275,3.108924997314854e-21,-1.9237629174437245
0.051000118255615234,0.01699995994567871,0.03400015830993652,4.607137360542759e-6,21.013596578560424,7.235945708803759e-113,-1.9864034214395758
0.02500009536743164,0.010999917984008789,0.014000177383422852,2.0387937083073972e-5,21.960178996425917,9.840059543269935e-104,-1.0398210035740831
0.039999961853027344,0.013000011444091797,0.026999950408935547,2.166364883317262,22.907318893928267,4.905812982110219e7,-0.09268110607173341
0.02700018882751465,0.012000083923339844,0.015000104904174805,2.0612341418327192e-5,20.616791088617816,2.4679823035440677e-97,-2.3832089113821837
0.01399993896484375,0.009000062942504883,0.004999876022338867,7.8526788907151e-6,21.37178358137983,7.896344068249852e-110,-1.6282164186201697
0.019999980926513672,0.006999969482421875,0.013000011444091797,2.0387937083073972e-5,21.090343297217757,1.183238507692778e-99,-1.909656702782243
0.042999982833862305,0.023000001907348633,0.019999980926513672,2.0387937083073972e-5,20.286243182266208,6.995290845577554e-96,-2.713756817733792
0.02500009536743164,0.012000083923339844,0.013000011444091797,8.07708246512663e-6,21.933744231722105,1.9816325966063508e-112,-1.0662557682778946
0.019999980926513672,0.012000083923339844,0.007999897003173828,4.877105410679996e-6,20.165698981412493,7.639707352212371e-108,-2.8343010185875066
0.0409998893737793,0.023000001907348633,0.017999887466430664,0.922217584244458,21.076237082556275,0.18147649210149486,-1.9237629174437245
0.031999826431274414,0.01699995994567871,0.014999866485595703,4.607137360542759e-6,20.54937683756761,2.1718803897075096e-110,-2.4506231624323895
0.020999908447265625,0.011999845504760742,0.009000062942504883,0.31835690710130266,21.013596578560424,3.584603690892311e-11,-1.9864034214395758
0.023000001907348633,0.009000062942504883,0.01399993896484375,1.0413978456902862,20.947959367741188,2.33901706630747,-2.0520406322588123
0.0280001163482666,0.013000011444091797,0.015000104904174805,8.07708246512663e-6,21.933744231722105,1.9816325966063508e-112,-1.0662557682778946
0.03900003433227539,0.02499985694885254,0.014000177383422852,2.895739748028938e-6,20.136795579945684,3.003196380393014e-112,-2.8632044200543163
0.04500007629394531,0.01399993896484375,0.031000137329101562,4.877105410679996e-6,20.165698981412493,7.639707352212371e-108,-2.8343010185875066
0.03600001335144043,0.015000104904174805,0.020999908447265625,0.16137600501701102,20.165698981412493,1.0605201441297285e-16,-2.8343010185875066
0.023000001907348633,0.013000011444091797,0.009999990463256836,4.607137360542759e-6,20.262677374987433,7.359144358606598e-109,-2.737322625012567
0.026999950408935547,0.010999917984008789,0.016000032424926758,1.5234181916368291e-6,21.917010713964984,3.197309720610361e-128,-1.0829892860350157
0.039999961853027344,0.026000022888183594,0.01399993896484375,8.235154847347067e-7,22.38795314258996,6.086178369300095e-137,-0.6120468574100393
0.021000146865844727,0.014000177383422852,0.006999969482421875,8.07708246512663e-6,21.356146272660244,1.7321381798590408e-109,-1.6438537273397564
0.026000022888183594,0.012000083923339844,0.01399993896484375,2.43199450104595e-7,21.079465208964802,3.7986431401907753e-140,-1.9205347910351982
0.037000179290771484,0.016000032424926758,0.021000146865844727,4.870642735244591e-6,25.890101880284185,2.891128724137074e-138,2.8901018802841847
0.03399991989135742,0.01900005340576172,0.014999866485595703,7.9903641707292e-7,21.933744231722105,1.8216072588836374e-134,-1.0662557682778946
0.031000137329101562,0.016000032424926758,0.015000104904174805,4.241882101171392e-6,21.44542554969474,6.105311096505093e-116,-1.5545744503052603
0.04999995231628418,0.03500008583068848,0.014999866485595703,5.1969704540211345e-6,21.933744231722105,1.249158299912394e-116,-1.0662557682778946
0.029000043869018555,0.016000032424926758,0.013000011444091797,1.5234181916368291e-6,21.917010713964984,3.197309720610361e-128,-1.0829892860350157
0.03900003433227539,0.02499985694885254,0.014000177383422852,3.6229874882055726e-7,21.076237082556275,1.7756835247363914e-136,-1.9237629174437245
0.03400015830993652,0.015000104904174805,0.01900005340576172,1.5062147732253283e-6,21.076237082556275,1.9577807077032613e-123,-1.9237629174437245
0.02200007438659668,0.010999917984008789,0.01100015640258789,1.5619110569214445,26.98271683167079,168024.68408468124,3.982716831670789
0.05299997329711914,0.0279998779296875,0.02500009536743164,3.2559795236805274e-7,21.017955397438712,4.46511435917471e-137,-1.9820446025612881
0.04200005531311035,0.026999950408935547,0.015000104904174805,7.411173646590813e-7,24.142444466123347,1.009455230194038e-148,1.1424444661233473
0.029999971389770508,0.017000198364257812,0.012999773025512695,1.1722287518856197e-6,23.005822527653518,3.570681846471938e-137,0.00582252765351754
0.03900003433227539,0.0279998779296875,0.01100015640258789,2.1420834036569268e-8,21.933744231722105,6.116832793526372e-169,-1.0662557682778946
0.02500009536743164,0.013000011444091797,0.012000083923339844,4.241882101171392e-6,20.11287256537679,8.805836702837678e-109,-2.88712743462321
0.03900003433227539,0.009999990463256836,0.029000043869018555,1.012368997254931,21.933744231722105,1.3094854658357873,-1.0662557682778946
0.03600001335144043,0.023000001907348633,0.013000011444091797,5.1969704540211345e-6,23.154091501479524,4.446289332978907e-123,0.15409150147952388
0.02499985694885254,0.010999917984008789,0.01399993896484375,4.241882101171392e-6,22.371642601717863,6.4515037896674875e-121,-0.6283573982821373
0.07399988174438477,0.023000001907348633,0.016000032424926758,0.019999980926513672,0.014999866485595703,0.9017898934266977,1.4504132710866597,-0.35316651576673563,3.253993057940055,-0.45137662234003795,-4.647796835486643
0.03800010681152344,0.00800013542175293,0.013000011444091797,0.009999990463256836,0.006999969482421875,4.1402369634094125,0.9660312604025597,-7.314442666416265,9.246505187221384,-4.174205703006853,-1.8937317761880275
0.06299996376037598,0.015000104904174805,0.014999866485595703,0.018000125885009766,0.014999866485595703,3.1995455465363127,1.0650974224650187,-5.333993670607606,7.464188515537645,-3.134448124071294,-2.735357030998669
0.04799985885620117,0.016000032424926758,0.007999897003173828,0.010999917984008789,0.013000011444091797,1.2721116461387267,1.787367316248344,-0.7568559760291094,4.331590608525797,-0.48474432989038263,-3.940521037612929
0.06699991226196289,0.016000032424926758,0.01399993896484375,0.021999835968017578,0.015000104904174805,4.757832963602315,0.5131798958507008,-9.002486031353929,10.028845823055331,-5.244653067751614,-1.7289871405469839
0.04200005531311035,0.014000177383422852,0.006999969482421875,0.009999990463256836,0.010999917984008789,1.335049602133317,0.3084318178351223,-2.3616673864315114,2.9785310221017562,-2.0266177842981947,-5.356518580031561
0.05900001525878906,0.01100015640258789,0.01399993896484375,0.016000032424926758,0.017999887466430664,3.517003919730128,2.7261101129947054,-4.3078977264655505,9.760117952454962,-1.7908938067354225,-0.7568859672751671
0.04699993133544922,0.012000083923339844,0.010999917984008789,0.009999990463256836,0.01399993896484375,2.0674599494281836,2.3438086389303443,-1.7911112599260228,6.478728537786711,-0.7236513104978393,-2.588731411641472
0.06199979782104492,0.01399993896484375,0.01900005340576172,0.010999917984008789,0.017999887466430664,1.2255496458726074,1.7038413654047184,-0.7472579263404964,4.154940657149933,-0.521708280467889,-4.070608988722674
0.04799985885620117,0.007999897003173828,0.01399993896484375,0.014000177383422852,0.011999845504760742,2.573450378782609,1.667537712545059,-3.4793630450201594,6.814438470110277,-1.90591266623755,-2.759011908672332
0.05099987983703613,0.01699995994567871,0.009999990463256836,0.013000011444091797,0.010999917984008789,1.7469094703331725,1.7038413654047184,-1.7899775752616265,5.1976603060710636,-1.043068104928454,-3.5492491642621093
0.04900002479553223,0.007999897003173828,0.010999917984008789,0.018000125885009766,0.012000083923339844,1.2255496458726074,1.7038413654047184,-0.7472579263404964,4.154940657149933,-0.521708280467889,-4.070608988722674
0.04799985885620117,0.013000011444091797,0.009999990463256836,0.014999866485595703,0.009999990463256836,0.3499170498285197,1.4504132710866597,0.7505791714296204,2.150247370743699,0.10049622125813995,-5.1996696790848205
0.05099987983703613,0.007999897003173828,0.013000011444091797,0.01100015640258789,0.018999814987182617,4.709838561197293,0.5356964917080217,-8.883980630686564,9.955373614102607,-5.174142069489271,-1.7544649470946858
0.04900002479553223,0.013000011444091797,0.014999866485595703,0.012000083923339844,0.009000062942504883,2.3647485933349985,1.667537712545059,-3.0619594741249383,6.397034899215056,-1.6972108807899395,-2.9677136941199427
0.04999995231628418,0.009999990463256836,0.006999969482421875,0.01399993896484375,0.01900005340576172,0.6703907493263994,1.4504132710866597,0.10963177243386091,2.791194769739459,-0.21997747823973968,-4.879195979586941
0.046000003814697266,0.01100015640258789,0.01699995994567871,0.009999990463256836,0.007999897003173828,2.075399377793355,2.3956533183087654,-1.7551454372779443,6.546452073895475,-0.6797460594845894,-2.52894730389788
0.04199981689453125,0.009999990463256836,0.007999897003173828,0.010999917984008789,0.013000011444091797,0.8716179302145001,1.787367316248344,0.04413145581934397,3.530603176677344,-0.08425061396615596,-4.341014753537156
0.0559999942779541,0.01399993896484375,0.01399993896484375,0.018000125885009766,0.009999990463256836,2.628737812069419,1.769469091882244,-3.488006532256594,7.026944716021082,-1.859268720187175,-2.601793096048337
0.04500007629394531,0.01100015640258789,0.006999969482421875,0.010999917984008789,0.016000032424926758,4.1402369634094125,0.28829877068895493,-7.99217515612987,8.56877269750778,-4.851938192720457,-2.571464265901633
0.054000139236450195,0.01699995994567871,0.012000083923339844,0.009999990463256836,0.015000104904174805,4.757832963602315,0.6196650859828979,-8.896000841221731,10.135331013187528,-5.138167877619417,-1.6225019504147875
0.06299996376037598,0.009999990463256836,0.01699995994567871,0.021000146865844727,0.014999866485595703,4.712475727839788,0.5356964917080217,-8.889254963971554,9.960647947387598,-5.176779236131766,-1.7518277804521905
0.046000003814697266,0.013000011444091797,0.014000177383422852,0.007999897003173828,0.010999917984008789,2.7602558968969855,1.769469091882244,-3.751042701911727,7.289980885676215,-1.9907868050147415,-2.470275011220771
0.06499981880187988,0.021999835968017578,0.018000125885009766,0.01399993896484375,0.010999917984008789,4.867744287055712,0.4829192960696289,-9.252569278041795,10.218407870181052,-5.384824990986083,-1.6493364168746592
0.046000003814697266,0.014999866485595703,0.00800013542175293,0.008999824523925781,0.014000177383422852,2.687497439647566,1.7814243434691903,-3.5935705358259415,7.156419222764322,-1.9060730961783756,-2.5310782168832437
0.0710000991821289,0.01699995994567871,0.023000001907348633,0.01900005340576172,0.012000083923339844,0.6116625674267633,2.2478809555740296,1.024555820720503,3.471206090427556,0.6362183881472663,-4.140456476999207
0.06800007820129395,0.009999990463256836,0.012000083923339844,0.019999980926513672,0.026000022888183594,2.573450378782609,1.6085926010321234,-3.5383081565330947,6.755493358597342,-1.9648577777504856,-2.8179570201852675
0.05299997329711914,0.016000032424926758,0.011999845504760742,0.014000177383422852,0.010999917984008789,1.335049602133317,0.3084318178351223,-2.3616673864315114,2.9785310221017562,-2.0266177842981947,-5.356518580031561
0.06400012969970703,0.009000062942504883,0.020999908447265625,0.01900005340576172,0.015000104904174805,2.3760418188280577,1.4504132710866597,-3.3016703665694553,6.202496908742775,-1.925628547741398,-3.1735449100852824
0.06699991226196289,0.012000083923339844,0.020999908447265625,0.016000032424926758,0.017999887466430664,0.47552951438228475,1.6509803975199566,0.6999213687553871,2.6020394262845263,0.175450883137672,-4.873490088097759
0.05900001525878906,0.023000001907348633,0.009999990463256836,0.015000104904174805,0.010999917984008789,0.6703907493263994,1.804577632223763,0.46379613357096416,3.145359130876562,0.13418688289736358,-4.525031618449837
0.059999942779541016,0.009999990463256836,0.006000041961669922,0.018000125885009766,0.025999784469604492,2.687497439647566,1.4723507460176566,-3.9026441332774753,6.847345625312789,-2.2151466936299093,-2.840151814334778
0.046000003814697266,0.007999897003173828,0.015000104904174805,0.015000104904174805,0.007999897003173828,4.867744287055712,0.4829192960696289,-9.252569278041795,10.218407870181052,-5.384824990986083,-1.6493364168746592
0.06800007820129395,0.021000146865844727,0.013000011444091797,0.019999980926513672,0.01399993896484375,1.2165762235847888,0.3084318178351223,-2.124720629334455,2.7415842650047,-1.9081444057496664,-5.474991958580089
0.057000160217285156,0.013000011444091797,0.01100015640258789,0.007999897003173828,0.02500009536743164,4.709838561197293,0.5153735678767515,-8.904303554517833,9.935050690271337,-5.194464993320541,-1.7747878709259561
0.059999942779541016,0.012000083923339844,0.015999794006347656,0.017000198364257812,0.014999866485595703,2.4666250654289152,1.7955902934458141,-3.1376598374120164,6.728840424303645,-1.6710347719831011,-2.7377846411252706
0.06700015068054199,0.009000062942504883,0.013000011444091797,0.02200007438659668,0.023000001907348633,2.7414056078233036,1.769469091882244,-3.713342123764363,7.252280307528851,-1.9719365159410596,-2.489125300294452
0.06999993324279785,0.016000032424926758,0.023999929428100586,0.010999917984008789,0.01900005340576172,3.8523796396360197,0.28829877068895493,-7.416460508583085,7.993058049960994,-4.564080868947064,-2.8593215896750257
0.05000019073486328,0.012000083923339844,0.009999990463256836,0.01699995994567871,0.01100015640258789,4.958513482533927,1.7814243434691903,-8.135602621598665,11.698451308537045,-4.177089139064737,-0.26006217399688225
0.06400012969970703,0.01100015640258789,0.019999980926513672,0.018999814987182617,0.014000177383422852,2.619944182619105,0.4829192960696289,-4.756969069168581,5.722807661307839,-3.137024886549476,-3.897136521311266
0.04500007629394531,0.013000011444091797,0.01399993896484375,0.010999917984008789,0.0070002079010009766,3.1995455465363127,1.223491504554115,-5.17559958851851,7.6225825976267405,-2.9760540419821977,-2.5769629489095722
0.08100008964538574,0.010999917984008789,0.03800010681152344,0.01900005340576172,0.013000011444091797,3.8523796396360197,0.2934568419097391,-7.4113024373623,7.998216121181779,-4.5589227977262805,-2.854163518454241
0.04399991035461426,0.010999917984008789,0.009000062942504883,0.012000083923339844,0.011999845504760742,3.1995455465363127,1.1467948095708966,-5.252296283501729,7.545885902643522,-3.0527507369654163,-2.653659643892791
0.06599998474121094,0.01699995994567871,0.016000032424926758,0.016000032424926758,0.01699995994567871,3.6392810693094697,1.327404724867994,-5.951157413750945,8.605966863486934,-3.3118763444414756,-2.0333142058225366
0.06800007820129395,0.009000062942504883,0.012000083923339844,0.0279998779296875,0.01900005340576172,1.349787617382669,0.3084318178351223,-2.3911434169302157,3.0080070526004605,-2.0413557995475466,-5.3417805647822085
0.06999993324279785,0.011999845504760742,0.023000001907348633,0.012000083923339844,0.023000001907348633,4.776689972366931,0.4829192960696289,-9.070460648664234,10.03629924080349,-5.293770676297302,-1.7403907315634397
0.05900001525878906,0.01699995994567871,0.014999866485595703,0.012000083923339844,0.015000104904174805,4.9156958614580075,0.5149855858845148,-9.3164061370315,10.34637730880053,-5.400710275573493,-1.569318552657478
0.06699991226196289,0.012000083923339844,0.025999784469604492,0.013000011444091797,0.016000032424926758,4.709838561197293,0.4833072780618656,-8.93636984433272,9.90298440045645,-5.226531283135427,-1.8068541607408415
0.046000003814697266,0.013000011444091797,0.008999824523925781,0.012000083923339844,0.012000083923339844,4.1402369634094125,0.2813610401370009,-7.999112886681824,8.561834966955827,-4.858875923272412,-2.5784019964535867
0.05799984931945801,0.01699995994567871,0.01399993896484375,0.014000177383422852,0.012999773025512695,4.585672277135264,0.025866851022338322,-9.14547770324819,9.197211405292865,-5.559805426112925,-2.3884608718423976
0.04999995231628418,0.014999866485595703,0.00800013542175293,0.009999990463256836,0.01699995994567871,4.585672277135264,0.006215769428583512,-9.165128784841944,9.177560323699112,-5.579456507706681,-2.408111953436153
0.06700015068054199,0.015000104904174805,0.023999929428100586,0.014000177383422852,0.01399993896484375,1.349787617382669,0.33584514523120657,-2.3637300895341316,3.0354203799965447,-2.0139424721514625,-5.314367237386124
0.0559999942779541,0.009000062942504883,0.012000083923339844,0.020999908447265625,0.01399993896484375,2.619944182619105,0.35336718787501964,-4.88652117736319,5.59325555311323,-3.2665769947440855,-4.026688629505875
0.06500005722045898,0.024000167846679688,0.014999866485595703,0.014000177383422852,0.011999845504760742,1.335049602133317,0.3084318178351223,-2.3616673864315114,2.9785310221017562,-2.0266177842981947,-5.356518580031561
0.07999992370605469,0.018999814987182617,0.019999980926513672,0.02200007438659668,0.01900005340576172,4.8796420909901705,0.4829192960696289,-9.276364885910713,10.24220347804997,-5.396722794920541,-1.6374386129402003
0.06200003623962402,0.01100015640258789,0.020999908447265625,0.013000011444091797,0.01699995994567871,2.4261053684164144,0.535121208361156,-4.317089528471673,5.387331945193985,-2.8909841600552584,-4.0387734232224295
0.04800009727478027,0.013000011444091797,0.012000083923339844,0.009999990463256836,0.013000011444091797,4.170000932765255,0.3084318178351223,-8.031570047695388,8.648433683365633,-4.861569114930132,-2.521567249399623
0.07700014114379883,0.018000125885009766,0.019999980926513672,0.023000001907348633,0.016000032424926758,1.1374513621999898,0.33717811400468645,-1.9377246103952932,2.612080838404666,-1.8002732481953032,-5.525370523795324
0.05800008773803711,0.015000104904174805,0.007999897003173828,0.012000083923339844,0.023000001907348633,1.1615653260521897,0.18129059978805417,-2.1418400523163252,2.5044212518924334,-1.9802747262641356,-5.657144074159756
0.07700014114379883,0.01900005340576172,0.02500009536743164,0.01399993896484375,0.01900005340576172,4.040757551758082,0.5324590495555234,-7.549056053960641,8.613974153071688,-4.508298502202559,-2.4267833986863945
0.054000139236450195,0.012000083923339844,0.019999980926513672,0.009999990463256836,0.012000083923339844,2.4261053684164144,0.535121208361156,-4.317089528471673,5.387331945193985,-2.8909841600552584,-4.0387734232224295
0.0559999942779541,0.019999980926513672,0.007999897003173828,0.00800013542175293,0.019999980926513672,3.8523796396360197,0.23009199723761287,-7.474667282034426,7.934851276509653,-4.6222876423984065,-2.917528363126367
0.0690000057220459,0.0280001163482666,0.013000011444091797,0.01399993896484375,0.01399993896484375,2.9308807653923226,1.0650974224650187,-4.796664108319627,6.926858953249663,-2.865783342927304,-3.0040218121426587
0.05500006675720215,0.009000062942504883,0.01399993896484375,0.015000104904174805,0.01699995994567871,3.8509255036218955,0.28858688750632366,-7.413264119737467,7.990437894750115,-4.5623386161155715,-2.8604876088717806
0.05300021171569824,0.015000104904174805,0.01399993896484375,0.012000083923339844,0.012000083923339844,2.973670895062215,1.064665863676036,-4.882675926448393,7.012007653800466,-2.9090050313861786,-2.961663241261749
0.06200003623962402,0.013000011444091797,0.013000011444091797,0.023000001907348633,0.013000011444091797,3.07206318206553,0.5355527673233602,-5.6085735968077,6.679679131454421,-3.53651041474217,-3.39238405061111
0.059999942779541016,0.01900005340576172,0.009000062942504883,0.011999845504760742,0.019999980926513672,4.585672277135264,0.006215769428583512,-9.165128784841944,9.177560323699112,-5.579456507706681,-2.408111953436153
0.0709998607635498,0.020999908447265625,0.015000104904174805,0.023999929428100586,0.010999917984008789,4.123791192318215,0.3084318178351223,-7.939150566801309,8.556014202471554,-4.8153593744830925,-2.5677769898466627
0.0559999942779541,0.006000041961669922,0.011999845504760742,0.013000011444091797,0.02500009536743164,3.1995455465363127,1.0650974224650187,-5.333993670607606,7.464188515537645,-3.134448124071294,-2.735357030998669
0.04699993133544922,0.01699995994567871,0.012000083923339844,0.007999897003173828,0.009999990463256836,2.172975634560067,0.4487572509576465,-3.8971940181624873,4.79470852007778,-2.7242183836024205,-4.378267114482287
0.059999942779541016,0.014999866485595703,0.014000177383422852,0.016000032424926758,0.014999866485595703,4.047187238111766,0.5027422289746608,-7.591632247248871,8.597116705198193,-4.544445009137105,-2.450070532913573
0.057000160217285156,0.01900005340576172,0.01100015640258789,0.013000011444091797,0.01399993896484375,4.958426398449236,0.24592858566185177,-9.670924211236619,10.162781382560324,-5.712497812787384,-1.7956450158889128
0.06299996376037598,0.012000083923339844,0.020999908447265625,0.015000104904174805,0.014999866485595703,1.2461020631587227,0.18129059978805417,-2.3109135265293914,2.6734947261054995,-2.0648114633706687,-5.572607337053223
0.06099987030029297,0.011999845504760742,0.02500009536743164,0.01399993896484375,0.009999990463256836,1.363928009291841,0.18129059978805417,-2.546565418795628,2.9091466183717363,-2.182637409503787,-5.454781390920105
0.05200004577636719,0.018000125885009766,0.009000062942504883,0.013000011444091797,0.011999845504760742,4.959180217315457,0.5149855858845148,-9.403374848746399,10.43334602051543,-5.444194631430943,-1.5258341968000284
0.06700015068054199,0.016000032424926758,0.018000125885009766,0.01900005340576172,0.01399993896484375,1.4160122896676441,0.18129059978805417,-2.650733979547234,3.0133151791233423,-2.23472168987959,-5.402697110544302
0.04200005531311035,0.00800013542175293,0.008999824523925781,0.009999990463256836,0.015000104904174805,2.6395877009341904,0.6454402504203962,-4.6337351514479845,5.924615652288777,-2.994147450513794,-3.7149720486454134
0.07699990272521973,0.01699995994567871,0.021999835968017578,0.009999990463256836,0.0280001163482666,4.150357208207399,0.49413998053430275,-7.806574435880496,8.794854396949102,-4.656217227673096,-2.3555028112582974
0.06499981880187988,0.010999917984008789,0.013000011444091797,0.023999929428100586,0.01699995994567871,3.8318555538488064,0.35336718787501964,-7.310343919822593,8.017078295572633,-4.478488365973787,-2.814777258276174
0.04799985885620117,0.013000011444091797,0.011999845504760742,0.009000062942504883,0.01399993896484375,2.4860502374608533,0.021722578504961287,-4.950377896416745,4.993823053426668,-3.464327658955892,-4.492227184034185
0.06599998474121094,0.026999950408935547,0.015000104904174805,0.01399993896484375,0.009999990463256836,2.1987220025271332,0.4487572509576465,-3.94868675409662,4.846201256011913,-2.749964751569487,-4.3525207465152205
0.05500006675720215,0.01100015640258789,0.008999824523925781,0.014000177383422852,0.020999908447265625,4.559597602378532,0.004349235646540245,-9.114845969110524,9.123544440403604,-5.555248366731992,-2.436053161974928
0.05500006675720215,0.009999990463256836,0.021000146865844727,0.011999845504760742,0.012000083923339844,3.9175982130254225,0.08398152196932585,-7.751214904081519,7.919177948020171,-4.833616691056097,-2.998420265005252
0.05800008773803711,0.009999990463256836,0.009999990463256836,0.019999980926513672,0.018000125885009766,2.4860502374608533,0.021722578504961287,-4.950377896416745,4.993823053426668,-3.464327658955892,-4.492227184034185
0.05000019073486328,0.014000177383422852,0.013000011444091797,0.011999845504760742,0.01100015640258789,3.1316597145132685,0.5355527673233602,-5.727766661703177,6.7988721963498975,-3.5961069471899085,-3.3327875181633715
0.07800006866455078,0.016000032424926758,0.02200007438659668,0.01399993896484375,0.026000022888183594,2.1125540479059968,0.4487572509576465,-3.7763508448543472,4.67386534676964,-2.6637967969483505,-4.438688701136357
0.05900001525878906,0.006999969482421875,0.01100015640258789,0.013000011444091797,0.026999950408935547,3.338385940385425,0.7455126465010147,-5.9312592342698345,7.422284527271865,-3.59287329388441,-2.9161014131135605
0.04699993133544922,0.011999845504760742,0.009000062942504883,0.016000032424926758,0.009999990463256836,2.6559985297298487,0.005369899473397499,-5.3066271599863,5.3173669589330945,-3.6506286302564512,-4.338631570796753
0.05500006675720215,0.010999917984008789,0.009000062942504883,0.013000011444091797,0.02200007438659668,3.9550635821037257,0.18129059978805417,-7.728836564419397,8.091417763995505,-4.773772982315672,-2.8636458181082203
0.05499982833862305,0.017999887466430664,0.01100015640258789,0.010999917984008789,0.014999866485595703,1.3764712865633217,0.3084318178351223,-2.444510755291521,3.061374390961766,-2.0680394687281995,-5.315096895601556
0.06700015068054199,0.0280001163482666,0.01399993896484375,0.01100015640258789,0.01399993896484375,1.1615653260521897,0.1537264738262616,-2.1694041782781177,2.476857125930641,-2.007838852225928,-5.684708200121548
0.059999942779541016,0.010999917984008789,0.014000177383422852,0.007999897003173828,0.026999950408935547,1.1615653260521897,0.18129059978805417,-2.1418400523163252,2.5044212518924334,-1.9802747262641356,-5.657144074159756
0.05299997329711914,0.015999794006347656,0.015000104904174805,0.013000011444091797,0.009000062942504883,1.1615653260521897,0.10577505000515819,-2.217355602099221,2.4289057021095375,-2.0557902760470315,-5.732659623942652
0.07200002670288086,0.013000011444091797,0.006999969482421875,0.03699994087219238,0.015000104904174805,4.117998368698999,0.7455126465010147,-7.4904840908969845,8.981509383899013,-4.372485722197984,-2.1364889847999855
0.07200002670288086,0.026999950408935547,0.01100015640258789,0.009999990463256836,0.023999929428100586,3.39038850418204,0.3750308923630623,-6.405746116001017,7.155807900727142,-4.0153576118189775,-3.234580603454898
0.05299997329711914,0.014999866485595703,0.013000011444091797,0.012000083923339844,0.013000011444091797,4.382515166925227,0.7455126465010147,-8.01951768734944,9.510542980351469,-4.637002520424213,-1.8719721865737586
0.046000003814697266,0.010999917984008789,0.01100015640258789,0.013000011444091797,0.010999917984008789,3.2591582245730675,0.7455126465010147,-5.77280380264512,7.26382909564715,-3.513645578072053,-2.995329128925918
0.03600001335144043,0.012000083923339844,0.00800013542175293,0.008999824523925781,0.006999969482421875,4.8453243814273605,0.5402031304170272,-9.150445632437695,10.230851893271748,-5.305121251010333,-1.614472488155612
0.04900002479553223,0.016000032424926758,0.009999990463256836,0.010999917984008789,0.012000083923339844,2.967764182843962,0.13371229591040143,-5.801816069777523,6.069240661598325,-3.8340518869335605,-3.8985235212456364
0.040000200271606445,0.010000228881835938,0.011999845504760742,0.009999990463256836,0.00800013542175293,3.9175982130254225,0.08398152196932585,-7.751214904081519,7.919177948020171,-4.833616691056097,-2.998420265005252
0.07499980926513672,0.009999990463256836,0.021999835968017578,0.026000022888183594,0.01699995994567871,3.9175982130254225,0.08398152196932585,-7.751214904081519,7.919177948020171,-4.833616691056097,-2.998420265005252
0.07299995422363281,0.020999908447265625,0.015000104904174805,0.01399993896484375,0.023000001907348633,3.2920687052179227,0.1501475629558255,-6.43398984748002,6.734284973391671,-4.141921142262097,-3.5577837318262517
0.09599995613098145,0.02200007438659668,0.01399993896484375,0.04400014877319336,0.015999794006347656,3.9649258995645766,0.1578801331351768,-7.771971665993976,8.08773193226433,-4.8070457664294,-2.8771939673002462
0.05799984931945801,0.01699995994567871,0.012000083923339844,0.011999845504760742,0.01699995994567871,2.4860502374608533,0.00012285164301443358,-4.9719776232786925,4.972223326564721,-3.485927385817839,-4.513826910896132
0.06999993324279785,0.014999866485595703,0.019999980926513672,0.019999980926513672,0.015000104904174805,1.1615653260521897,0.035987990580445745,-2.2871426615239336,2.359118642684825,-2.125577335471744,-5.802446683367364
0.0559999942779541,0.01699995994567871,0.014000177383422852,0.014999866485595703,0.009999990463256836,3.845709161942315,0.10575271544243829,-7.585665608442191,7.797171039327068,-4.7399564464998765,-3.0485381226152466
0.07299995422363281,0.020999908447265625,0.019999980926513672,0.015000104904174805,0.01699995994567871,1.4015235224467648,0.08400385653204574,-2.719043188361484,2.8870509014255754,-2.317519665914719,-5.51447262102119
0.05900001525878906,0.016000032424926758,0.012000083923339844,0.014999866485595703,0.016000032424926758,2.421905382647861,0.021722578504961287,-4.8220881867907615,4.865533343800683,-3.4001828041429,-4.556372038847178
0.06599998474121094,0.01900005340576172,0.01699995994567871,0.01699995994567871,0.013000011444091797,4.109318814583148,0.08398152196932585,-8.13465610719697,8.302619151135621,-5.025337292613822,-2.8066996634475263
0.06599998474121094,0.014999866485595703,0.01900005340576172,0.014999866485595703,0.017000198364257812,3.845709161942315,0.240010466535795,-7.451407857348835,7.931428790420425,-4.60569869540652,-2.9142803715218903
0.0559999942779541,0.0279998779296875,0.010000228881835938,0.006999969482421875,0.010999917984008789,2.430539400774395,0.2672991301058848,-4.593779671442905,5.128377931654675,-3.1632402706685103,-4.302161469119721
0.07500004768371582,0.01699995994567871,0.0280001163482666,0.010999917984008789,0.01900005340576172,4.109318814583148,0.15085334403347087,-8.067784285132824,8.369490973199767,-4.958465470549677,-2.7398278413833816
0.051000118255615234,0.009000062942504883,0.009000062942504883,0.019999980926513672,0.013000011444091797,3.2920687052179227,0.18867433854319304,-6.395463071892652,6.772811748979039,-4.1033943666747295,-3.519256956238884
0.0559999942779541,0.016000032424926758,0.013000011444091797,0.01699995994567871,0.009999990463256836,3.845709161942315,0.07129233766833935,-7.620125986216291,7.762710661552969,-4.774416824273976,-3.082998500389346
0.056999921798706055,0.011999845504760742,0.01399993896484375,0.014000177383422852,0.01699995994567871,2.557408988453993,0.005369899473397499,-5.109448077434589,5.120187876381383,-3.5520390889805955,-4.43722111207261
0.0710000991821289,0.019999980926513672,0.01699995994567871,0.009999990463256836,0.024000167846679688,3.9834806242983545,0.1845209383753777,-7.7824403102213315,8.151482186972087,-4.798959685922977,-2.831998437326268
0.06200003623962402,0.01900005340576172,0.016000032424926758,0.014999866485595703,0.012000083923339844,3.2920687052179227,0.1501475629558255,-6.43398984748002,6.734284973391671,-4.141921142262097,-3.5577837318262517
0.06299996376037598,0.009000062942504883,0.010999917984008789,0.024000167846679688,0.018999814987182617,3.7783160113457286,0.10261329053016881,-7.4540187321612885,7.659245313221626,-4.6757027208155595,-3.1190706981241028
0.06799983978271484,0.021999835968017578,0.013000011444091797,0.015000104904174805,0.017999887466430664,3.139508880300514,0.1277093472410829,-6.151308413359945,6.406727107842111,-4.011799533059431,-3.732781772458403
0.054000139236450195,0.01100015640258789,0.015999794006347656,0.012000083923339844,0.015000104904174805,2.512206559834591,0.024508181493455544,-4.999904938175726,5.048921301162638,-3.4876983783411357,-4.463285258671954
0.06500005722045898,0.01900005340576172,0.011999845504760742,0.01900005340576172,0.015000104904174805,1.230837359002813,0.19649757486133912,-2.265177143144287,2.658172292866965,-2.0343397841414737,-5.572665066135848
0.05500006675720215,0.015000104904174805,0.011999845504760742,0.01399993896484375,0.014000177383422852,2.967764182843962,0.13371229591040143,-5.801816069777523,6.069240661598325,-3.8340518869335605,-3.8985235212456364
0.06400012969970703,0.018000125885009766,0.01900005340576172,0.014999866485595703,0.012000083923339844,1.0333556999370441,0.08893578226375173,-1.9777756176103365,2.15564718213784,-1.9444199176732924,-5.877708517799205
0.05500006675720215,0.01399993896484375,0.012000083923339844,0.012000083923339844,0.01699995994567871,3.1812008558217295,0.1501475629558255,-6.2122541486876335,6.512549274599285,-4.031053292865904,-3.668651581222445
0.09500002861022949,0.040000200271606445,0.015999794006347656,0.024000167846679688,0.014999866485595703,4.988862365663187,0.08758139148270355,-9.89014333984367,10.065306122809078,-5.901280974180484,-1.9235562428541098
0.08699989318847656,0.023000001907348633,0.018999814987182617,0.03000020980834961,0.014999866485595703,4.958426398449236,0.24592858566185177,-9.670924211236619,10.162781382560324,-5.712497812787384,-1.7956450158889128
0.08000016212463379,0.0280001163482666,0.01699995994567871,0.015000104904174805,0.019999980926513672,2.1125540479059968,0.4835514867331936,-3.7415566090788,4.708659582545187,-2.629002561172803,-4.40389446536081
0.06500005722045898,0.009999990463256836,0.01900005340576172,0.01699995994567871,0.01900005340576172,4.207133120916894,0.05270456225377762,-8.36156167958001,8.466970804087566,-5.154428558663117,-2.7401623168293288
0.06200003623962402,0.016000032424926758,0.014999866485595703,0.010000228881835938,0.020999908447265625,0.9742415133398286,0.035987990580445745,-1.9124950360992115,1.9844710172601028,-1.938253522759383,-5.989770496079726
0.042999982833862305,0.010999917984008789,0.013000011444091797,0.00800013542175293,0.010999917984008789,4.109318814583148,0.24281607268458744,-7.975821556481708,8.461453701850882,-4.86650274189856,-2.6478651127322648
0.1119999885559082,0.015999794006347656,0.03900003433227539,0.0410001277923584,0.016000032424926758,3.750181763957907,0.10244852701421746,-7.397915000901597,7.602812054930031,-4.64773323694369,-3.1473697090278754
0.07399988174438477,0.019999980926513672,0.01699995994567871,0.015000104904174805,0.021999835968017578,4.988862365663187,0.09942630542426192,-9.878298425902113,10.077151036750635,-5.889436060238925,-1.911711328912551
0.06399989128112793,0.023000001907348633,0.015000104904174805,0.010999917984008789,0.014999866485595703,3.1261702991475753,0.07080504926503982,-6.1815355490301105,6.323145647560191,-4.055365249882536,-3.803024651587385
0.08899998664855957,0.03399991989135742,0.018000125885009766,0.021999835968017578,0.015000104904174805,4.882655712172167,0.0901585097414277,-9.675152914602906,9.855469934085763,-5.79249720243074,-2.0271857780864053
0.06599998474121094,0.01399993896484375,0.013000011444091797,0.021000146865844727,0.017999887466430664,3.377682908986861,0.14757044469757663,-6.607795373276145,6.9029362626712985,-4.2301124642892844,-3.4747466463155625
0.06600022315979004,0.013000011444091797,0.01900005340576172,0.01699995994567871,0.017000198364257812,3.8403201363088044,0.09774409860750995,-7.582896174010099,7.778384371225119,-4.742576037701294,-3.061935765083686
0.06099987030029297,0.016000032424926758,0.013000011444091797,0.01699995994567871,0.014999866485595703,4.464682063159552,0.046242606903693875,-8.88312151941541,8.975606733222799,-5.418439456255858,-2.489075329936754
0.05799984931945801,0.009999990463256836,0.011999845504760742,0.02200007438659668,0.01399993896484375,3.2920687052179227,0.08441287559807459,-6.499724534837771,6.66855028603392,-4.207655829619848,-3.623518419184003
0.0690000057220459,0.026000022888183594,0.013000011444091797,0.012000083923339844,0.017999887466430664,3.2152138247386723,0.0754347349541944,-6.35499291452315,6.5058623844315395,-4.1397790897844775,-3.7093514403071333
0.0820000171661377,0.03400015830993652,0.016000032424926758,0.016000032424926758,0.015999794006347656,4.925536713213112,0.1554227240690798,-9.695650702357144,10.006496150495304,-5.770113989144032,-1.9190405627178082
0.06099987030029297,0.01699995994567871,0.016000032424926758,0.016000032424926758,0.011999845504760742,1.0934968228880215,0.035987990580445745,-2.1510056551955974,2.2229816363564887,-2.057508832307576,-5.870515186531533
0.06099987030029297,0.01900005340576172,0.01699995994567871,0.009000062942504883,0.014999866485595703,3.4947492158089,0.2323135850740552,-6.757184846543745,7.221812016691856,-4.262435630734845,-3.2729371991170444
0.05499982833862305,0.01699995994567871,0.010999917984008789,0.01399993896484375,0.013000011444091797,3.377682908986861,0.14757044469757663,-6.607795373276145,6.9029362626712985,-4.2301124642892844,-3.4747466463155625
0.04900002479553223,0.008999824523925781,0.010000228881835938,0.014999866485595703,0.015000104904174805,1.4015235224467648,0.11796427814990902,-2.6850827667436206,2.9210113230434387,-2.283559244296856,-5.480512199403326
0.07299995422363281,0.03099989891052246,0.016000032424926758,0.015000104904174805,0.010999917984008789,2.1125540479059968,0.4549777901733001,-3.7701303056386934,4.680085885985294,-2.6575762577326967,-4.432468161920703
0.06700015068054199,0.018000125885009766,0.01399993896484375,0.017999887466430664,0.017000198364257812,2.967764182843962,0.13371229591040143,-5.801816069777523,6.069240661598325,-3.8340518869335605,-3.8985235212456364
0.06699991226196289,0.013000011444091797,0.016000032424926758,0.014999866485595703,0.023000001907348633,2.6250345019649446,0.04043879494976052,-5.209630208980129,5.290507798879649,-3.584595707015184,-4.334526703085295
0.06500005722045898,0.023999929428100586,0.01699995994567871,0.014000177383422852,0.009999990463256836,3.756195155880164,0.10244852701421746,-7.409941784746111,7.614838838774545,-4.653746628865946,-3.1413563171056187
0.07999992370605469,0.029999971389770508,0.01699995994567871,0.02200007438659668,0.010999917984008789,3.1440585710931854,0.13371229591040143,-6.15440484627597,6.421829438096772,-4.010346275182783,-3.722229132996413
0.0690000057220459,0.01399993896484375,0.02500009536743164,0.011999845504760742,0.018000125885009766,2.6994091760157177,0.04043879494976052,-5.358379557081675,5.439257146981196,-3.658970381065957,-4.260152029034522
0.0690000057220459,0.01699995994567871,0.013000011444091797,0.013000011444091797,0.026000022888183594,2.967764182843962,0.22032820589679855,-5.7152001597911255,6.155856571584723,-3.7474359769471635,-3.8119076112592394
0.06799983978271484,0.021999835968017578,0.016000032424926758,0.013000011444091797,0.01699995994567871,2.9813340144735863,0.2768910625200427,-5.68577696642713,6.239559091467215,-3.704442951953544,-3.7417749230063713
0.07399988174438477,0.016000032424926758,0.014999866485595703,0.019999980926513672,0.023000001907348633,4.851123436747761,0.30770235911911675,-9.394544514376404,10.00994923261464,-5.543421077628644,-1.8411742041331225
0.07500004768371582,0.015000104904174805,0.007999897003173828,0.017000198364257812,0.034999847412109375,4.996268382427538,0.08758139148270355,-9.904955373372372,10.08011815633778,-5.908686990944835,-1.9161502260897585
0.08299994468688965,0.017999887466430664,0.015000104904174805,0.01399993896484375,0.03600001335144043,3.4882632636957465,0.10244852701421746,-6.874078000377276,7.07897505440571,-4.385814736681529,-3.409288209290036
0.05800008773803711,0.014000177383422852,0.020999908447265625,0.010999917984008789,0.012000083923339844,3.8327629234502076,0.046242606903693875,-7.619283239996721,7.711768453804109,-4.786520316546514,-3.1209944696460985
0.07200002670288086,0.01100015640258789,0.017999887466430664,0.029999971389770508,0.013000011444091797,1.0934968228880215,0.04819064627069877,-2.1388029995053444,2.2351842920467417,-2.0453061766173226,-5.85831253084128
0.06799983978271484,0.02499985694885254,0.009000062942504883,0.01399993896484375,0.019999980926513672,1.5958111846652412,0.23612204749673987,-2.9555003218337426,3.427744416827222,-2.3596891371685014,-5.1680667678380185
0.06000018119812012,0.015000104904174805,0.013000011444091797,0.01699995994567871,0.01399993896484375,0.7729533434557718,0.035987990580445745,-1.509918696331098,1.5818946774919893,-1.736965352875326,-6.191058665963783
0.06800007820129395,0.015000104904174805,0.020999908447265625,0.01399993896484375,0.018000125885009766,1.6841512470859876,0.11160598780079917,-3.256696506371176,3.4799084819727746,-2.5725452592851887,-5.2042427651132135
0.07200002670288086,0.01699995994567871,0.013000011444091797,0.009000062942504883,0.03299999237060547,3.1835507771210967,0.33896497911382895,-6.028136575128364,6.706066533356022,-3.8445857980072677,-3.4774842437650744
0.06100010871887207,0.015000104904174805,0.019999980926513672,0.01399993896484375,0.012000083923339844,2.0730618418761555,0.20958587722801333,-3.9365378065242975,4.3557095609803245,-2.863475964648142,-4.717352280895831
0.07399988174438477,0.026000022888183594,0.01699995994567871,0.016000032424926758,0.014999866485595703,3.4882632636957465,0.01054487176612505,-6.9659816556253675,6.987071399157618,-4.4777183919296215,-3.5011918645381286
0.07500004768371582,0.009999990463256836,0.009000062942504883,0.0409998893737793,0.015000104904174805,0.7264358347396138,0.027609756027266202,-1.4252619134519615,1.4804814255064938,-1.6988260787123477,-6.24595440923312
0.06999993324279785,0.014999866485595703,0.018000125885009766,0.01399993896484375,0.023000001907348633,4.848871696048411,0.06105587285547032,-9.63668751924135,9.758799264952293,-5.787815823192941,-2.090072431096119
0.06000018119812012,0.018000125885009766,0.012000083923339844,0.018999814987182617,0.01100015640258789,4.31740829129515,0.046242606903693875,-8.588573975686606,8.681059189493995,-5.271165684391456,-2.636349101801156
0.06699991226196289,0.01699995994567871,0.01900005340576172,0.017999887466430664,0.013000011444091797,0.9421400589388979,0.4181905096790142,-1.4660896081987815,2.30247062755681,-1.5239495492598836,-5.639669431382088
0.08899998664855957,0.01699995994567871,0.019999980926513672,0.013000011444091797,0.03900003433227539,2.6178967046772046,0.16542212094289255,-5.070371288411517,5.401215530297302,-3.452474583734312,-4.216681174379903
0.06700015068054199,0.026999950408935547,0.017000198364257812,0.009999990463256836,0.013000011444091797,4.092926057190755,0.046242606903693875,-8.139609507477815,8.232094721285204,-5.046683450287061,-2.8608313359055515
0.06500005722045898,0.026999950408935547,0.012000083923339844,0.009999990463256836,0.016000032424926758,3.5136690852405947,0.1229757242476892,-6.904362446233501,7.150313894728878,-4.3906933609929055,-3.363355190511716
0.0710000991821289,0.016000032424926758,0.023999929428100586,0.01900005340576172,0.012000083923339844,4.998753106859063,0.04043879494976052,-9.957067418768364,10.037945008667887,-5.9583143119093025,-1.960808098191177
0.053999900817871094,0.012000083923339844,0.017999887466430664,0.013000011444091797,0.010999917984008789,2.3629436200848257,0.08758139148270355,-4.638305848686948,4.813468631652355,-3.275362228602122,-4.54947498843247
0.07899999618530273,0.031999826431274414,0.02500009536743164,0.01399993896484375,0.00800013542175293,3.1440585710931854,0.11412476191289686,-6.173992380273474,6.4022419040992675,-4.029933809180289,-3.741816666993918
0.07800006866455078,0.016000032424926758,0.03099989891052246,0.015000104904174805,0.016000032424926758,1.5958111846652412,0.039071893084340725,-3.152550476246142,3.230694262414823,-2.5567392915809,-5.365116922250418
0.08800005912780762,0.01900005340576172,0.01699995994567871,0.03299999237060547,0.01900005340576172,3.4882632636957465,0.0010387491971059898,-6.975487778194387,6.9775652765885985,-4.4872245144986405,-3.5106979871071475
0.07899999618530273,0.023000001907348633,0.010999917984008789,0.014999866485595703,0.03000020980834961,3.4882632636957465,0.006417924328510502,-6.970108603062982,6.982944451720003,-4.481845339367236,-3.505318811975743
0.06999993324279785,0.01399993896484375,0.02200007438659668,0.016000032424926758,0.017999887466430664,0.7264358347396138,0.04009319033424716,-1.4127784791449804,1.4929648598134748,-1.6863426444053666,-6.2334709749261386
0.0709998607635498,0.014999866485595703,0.020999908447265625,0.017000198364257812,0.017999887466430664,0.9742415133398286,0.0552407706895319,-1.8932422559901252,2.003723797369189,-1.9190007426502966,-5.970517715970639
0.051000118255615234,0.009999990463256836,0.009999990463256836,0.018000125885009766,0.013000011444091797,1.4405671708635182,0.04039787754254159,-2.8407364641844945,2.921532219269578,-2.4001692933209764,-5.51903495159394
0.06500005722045898,0.019999980926513672,0.017000198364257812,0.013000011444091797,0.014999866485595703,2.6250345019649446,0.3673301817386193,-4.8827388221912695,5.617399185668509,-3.2577043202263254,-4.007635316296437
0.07500004768371582,0.01100015640258789,0.016000032424926758,0.019999980926513672,0.0279998779296875,4.648576974940032,0.046242606903693875,-9.25091134297637,9.343396556783759,-5.602334368036338,-2.305180418156274
0.06599998474121094,0.018999814987182617,0.009000062942504883,0.01399993896484375,0.024000167846679688,0.7264358347396138,0.49160572296399074,-0.9612659465152369,1.9444773924432184,-1.234830111775623,-5.781958442296395
0.06800007820129395,0.019999980926513672,0.01900005340576172,0.012000083923339844,0.01699995994567871,4.9994389267216865,0.14326025713283327,-9.85561759631054,10.142138110576207,-5.856178669588854,-1.8573008161454805
0.07800006866455078,0.024000167846679688,0.018999814987182617,0.015000104904174805,0.019999980926513672,2.71512694507994,0.02802455398815959,-5.40222933617172,5.458278444148039,-3.68710239109178,-4.2568485009319
0.0710000991821289,0.016000032424926758,0.019999980926513672,0.015000104904174805,0.019999980926513672,0.7925476812145673,0.1652756771007169,-1.4198196853284177,1.7503710395298515,-1.6272720041138504,-6.042176641684716
0.04699993133544922,0.016000032424926758,0.008999824523925781,0.01100015640258789,0.010999917984008789,1.9295733442109742,0.14614724054121114,-3.7129994478807373,4.00529392896316,-2.783426103669763,-4.924279415247815
0.07800006866455078,0.029999971389770508,0.014000177383422852,0.01699995994567871,0.01699995994567871,3.8327629234502076,0.043515398493976246,-7.622010448406439,7.709041245394392,-4.789247524956231,-3.123721678055816
0.06400012969970703,0.019999980926513672,0.013000011444091797,0.019999980926513672,0.01100015640258789,4.31740829129515,0.046242606903693875,-8.588573975686606,8.681059189493995,-5.271165684391456,-2.636349101801156
0.0820000171661377,0.016000032424926758,0.018999814987182617,0.015000104904174805,0.032000064849853516,4.999973285407014,0.0064300313589891606,-9.993516539455038,10.006376602173018,-5.993543254048025,-1.9935966832339966
0.06299996376037598,0.01699995994567871,0.02200007438659668,0.010999917984008789,0.013000011444091797,4.648576974940032,0.09772979949057087,-9.199424150389493,9.394883749370635,-5.550847175449461,-2.253693225569397
0.07400012016296387,0.013000011444091797,0.019999980926513672,0.020000219345092773,0.020999908447265625,3.362292837439666,0.11412476191289686,-6.610460912966436,6.838710436792229,-4.2481680755267694,-3.523582400647437
0.07200002670288086,0.016000032424926758,0.02200007438659668,0.01399993896484375,0.01900005340576172,4.334166853833923,0.16815193461225597,-8.50018177305559,8.836485642280103,-5.166014919221667,-2.4976812115538207
0.06699991226196289,0.018999814987182617,0.02200007438659668,0.015000104904174805,0.010999917984008789,2.494404811780491,0.04043879494976052,-4.948370828611222,5.0292484185107424,-3.4539660168307305,-4.465156393269748
0.08300018310546875,0.01900005340576172,0.0280001163482666,0.016000032424926758,0.019999980926513672,1.2045764694287802,0.006190452132858598,-2.402962486724702,2.4153433909904187,-2.1983860172959213,-5.789233078438361
0.06599998474121094,0.016000032424926758,0.017999887466430664,0.013000011444091797,0.01900005340576172,3.5927916053954325,0.03537204114824999,-7.150211169642615,7.220955251939115,-4.557419564247183,-3.3718363534563176
0.07899999618530273,0.018999814987182617,0.017000198364257812,0.015999794006347656,0.02700018882751465,0.9742415133398286,0.0018862189475620413,-1.946596807732095,1.9503692456272193,-1.9723552943922664,-6.023872267712609
0.06399989128112793,0.014999866485595703,0.019999980926513672,0.01100015640258789,0.017999887466430664,4.279332175826438,0.046242606903693875,-8.512421744749181,8.60490695855657,-5.233089568922744,-2.674425217269868
0.08100008964538574,0.019999980926513672,0.017999887466430664,0.03400015830993652,0.009000062942504883,3.8327629234502076,0.012792344038576223,-7.652733502861839,7.678318190938992,-4.819970579411631,-3.154444732511216
0.06599998474121094,0.010999917984008789,0.01699995994567871,0.018000125885009766,0.019999980926513672,0.7264358347396138,0.027609756027266202,-1.4252619134519615,1.4804814255064938,-1.6988260787123477,-6.24595440923312
0.06800007820129395,0.012000083923339844,0.018000125885009766,0.01699995994567871,0.020999908447265625,0.7264358347396138,0.1658832867772788,-1.2869883827019488,1.6187549562565064,-1.560552547962335,-6.107680878483107
0.06600022315979004,0.014000177383422852,0.01699995994567871,0.01699995994567871,0.018000125885009766,4.648576974940032,0.1900973979092303,-9.107056551970834,9.487251347789295,-5.458479577030801,-2.1613256271507373
0.06999993324279785,0.010999917984008789,0.018000125885009766,0.013000011444091797,0.0279998779296875,4.884549032511136,0.046242606903693875,-9.722855458118577,9.815340671925966,-5.838306425607442,-2.0692083605851703
0.06799983978271484,0.016000032424926758,0.019999980926513672,0.007999897003173828,0.023999929428100586,3.181332708460459,0.11412476191289686,-6.248540655008021,6.476790178833815,-4.067207946547562,-3.7045425296266443
0.07299995422363281,0.026000022888183594,0.01699995994567871,0.01399993896484375,0.016000032424926758,1.6884084619337378,0.006190452132858598,-3.3706264717346173,3.383007376000334,-2.682218009800879,-5.305401085933403
0.06700015068054199,0.02200007438659668,0.012000083923339844,0.014999866485595703,0.018000125885009766,1.2045764694287802,0.0033209837423370386,-2.4058319551152234,2.4124739225998972,-2.201255485686443,-5.7921025468288825
0.06700015068054199,0.015000104904174805,0.013000011444091797,0.01399993896484375,0.02500009536743164,1.8830900500643462,0.0799158084764536,-3.686264291652239,3.846095908605146,-2.8031742415878926,-5.0369941414592
0.06300020217895508,0.026000022888183594,0.01100015640258789,0.010999917984008789,0.015000104904174805,2.131778094225058,0.20958587722801333,-4.053970311222103,4.47314206567813,-2.922192216997045,-4.658636028546928
0.0690000057220459,0.01699995994567871,0.017999887466430664,0.017000198364257812,0.01699995994567871,1.7714915631185937,0.006190452132858598,-3.536792674104329,3.5491735783700458,-2.7653011109857353,-5.222317984748548
0.06699991226196289,0.01900005340576172,0.013000011444091797,0.017999887466430664,0.01699995994567871,4.451599838465157,0.048820631205533385,-8.85437904572478,8.952020308135847,-5.4027792072596235,-2.49957953032931
0.06799983978271484,0.017999887466430664,0.018000125885009766,0.011999845504760742,0.019999980926513672,1.2487858066054778,0.0033209837423370386,-2.4942506294686186,2.5008925969532925,-2.2454648228631404,-5.747893209652185
0.07599997520446777,0.02499985694885254,0.021000146865844727,0.017999887466430664,0.012000083923339844,2.1535540685743055,0.04043879494976052,-4.266669342198851,4.347546932098371,-3.113115273624545,-4.806007136475934
0.07800006866455078,0.01699995994567871,0.029000043869018555,0.016000032424926758,0.016000032424926758,3.8327629234502076,0.012792344038576223,-7.652733502861839,7.678318190938992,-4.819970579411631,-3.154444732511216
0.06200003623962402,0.017000198364257812,0.01399993896484375,0.017999887466430664,0.013000011444091797,4.999975113996082,0.00916179116198844,-9.990788436830176,10.009112019154152,-5.990813322834094,-1.99086309484193
0.06399989128112793,0.01699995994567871,0.016000032424926758,0.01699995994567871,0.01399993896484375,3.8327629234502076,0.031609247891714036,-7.6339165990087015,7.697135094792129,-4.801153675558494,-3.1356278286580785
0.06999993324279785,0.01399993896484375,0.020999908447265625,0.018000125885009766,0.01699995994567871,4.280972456928436,0.11412476191289686,-8.447820151943974,8.676069675769769,-5.166847695015539,-2.6049027811586676
0.06299996376037598,0.01399993896484375,0.01699995994567871,0.013000011444091797,0.01900005340576172,3.1026884616385386,0.046242606903693875,-6.159134316373383,6.251619530180771,-4.056445854734845,-3.8510689314577675
0.10599994659423828,0.02200007438659668,0.01900005340576172,0.029999971389770508,0.034999847412109375,1.1687357467067863,0.11123325809236252,-2.22623823532121,2.448704751505935,-2.057502488614424,-5.720030995200851
0.05900001525878906,0.018000125885009766,0.01699995994567871,0.010999917984008789,0.013000011444091797,3.217173662011832,0.4515636359855896,-5.982783688038074,6.885910960009253,-3.765610026026242,-3.3312627020025785
0.08700013160705566,0.02700018882751465,0.018999814987182617,0.026000022888183594,0.015000104904174805,1.4167915489065885,0.041132272648737395,-2.7924508251644395,2.8747153704619146,-2.375659276257851,-5.542076178444674
0.07699990272521973,0.013000011444091797,0.016000032424926758,0.03099989891052246,0.01699995994567871,4.597785067962141,0.02914780074815561,-9.166422335176126,9.224717936672437,-5.568637267213985,-2.3730671312897034
0.07899999618530273,0.016000032424926758,0.008999824523925781,0.029000043869018555,0.02500009536743164,3.863237243758717,0.03964322152901845,-7.686831265988416,7.766117709046452,-4.823594022229699,-3.0971195347122644
0.06100010871887207,0.018000125885009766,0.01699995994567871,0.012000083923339844,0.01399993896484375,1.9753833170509494,0.0029062747103370395,-3.9478603593915618,3.9536729088122358,-2.9724770423406124,-5.021710408238714
0.07199978828430176,0.015999794006347656,0.018000125885009766,0.0279998779296875,0.009999990463256836,4.718568234149712,0.046242606903693875,-9.39089386139573,9.48337907520312,-5.6723256272460185,-2.2351891589465938
0.07300019264221191,0.018000125885009766,0.01900005340576172,0.021999835968017578,0.014000177383422852,1.6884084619337378,0.006190452132858598,-3.3706264717346173,3.383007376000334,-2.682218009800879,-5.305401085933403
0.08099985122680664,0.020999908447265625,0.01100015640258789,0.023999929428100586,0.02499985694885254,0.5014607888421996,0.027609756027266202,-0.9753118216571329,1.0305313337116653,-1.4738510328149332,-6.470929455130534
0.06200003623962402,0.016000032424926758,0.019999980926513672,0.016000032424926758,0.009999990463256836,0.6185271431867689,0.027609756027266202,-1.2094445303462718,1.264664042400804,-1.5909173871595028,-6.353863100785965
0.07699990272521973,0.01699995994567871,0.02499985694885254,0.015000104904174805,0.019999980926513672,0.5014607888421996,0.027609756027266202,-0.9753118216571329,1.0305313337116653,-1.4738510328149332,-6.470929455130534
0.05900001525878906,0.015000104904174805,0.013000011444091797,0.01699995994567871,0.01399993896484375,3.181332708460459,0.04367648522953735,-6.318988931691381,6.406341902150455,-4.1376562232309215,-3.7749908063100035
0.06300020217895508,0.018000125885009766,0.01399993896484375,0.018000125885009766,0.013000011444091797,1.4997311401715356,0.01586499245433294,-2.9835972878887382,3.0153272727974043,-2.483866147717203,-5.484403867374131
0.09500002861022949,0.017999887466430664,0.029000043869018555,0.019999980926513672,0.0280001163482666,3.316704684485642,0.31396510071889205,-6.319444268252392,6.9473744696901765,-4.0027395837667505,-3.369330214795466
0.07500004768371582,0.016000032424926758,0.02200007438659668,0.018999814987182617,0.018000125885009766,1.7115921357327935,0.04043879494976052,-3.3827454765158262,3.4636230664153476,-2.6711533407830332,-5.247969069317446
0.08000016212463379,0.01699995994567871,0.013000011444091797,0.021000146865844727,0.029000043869018555,1.6567094125944672,0.04139980137627383,-3.2720190238126605,3.3548186265652085,-2.6153096112181933,-5.301890786029259
0.07500004768371582,0.026000022888183594,0.011999845504760742,0.009000062942504883,0.0280001163482666,0.49649659997238105,0.005543372422107423,-0.9874498275226546,0.9985365723668695,-1.4909532275502735,-6.497960027605512
0.06800007820129395,0.019999980926513672,0.01900005340576172,0.014999866485595703,0.014000177383422852,2.2045113295922167,0.04043879494976052,-4.368583864234673,4.449461454134194,-3.164072534642456,-4.755049875458022
0.0710000991821289,0.01699995994567871,0.019999980926513672,0.01699995994567871,0.017000198364257812,2.370836221423384,0.04043879494976052,-4.701233647897007,4.782111237796528,-3.330397426473623,-4.5887249836268555
0.07899999618530273,0.011999845504760742,0.016000032424926758,0.029000043869018555,0.02200007438659668,0.35098195236813423,0.0027913220804970384,-0.6991725826557714,0.7047552268167655,-1.3481906302876372,-6.646226725551369
0.07300019264221191,0.014000177383422852,0.015999794006347656,0.02500009536743164,0.018000125885009766,3.3933091203134715,0.29679761748681993,-6.489820623140123,7.083415858113763,-4.096511502826651,-3.3098932621997084
0.06800007820129395,0.01900005340576172,0.021999835968017578,0.015000104904174805,0.012000083923339844,4.999988597139412,0.32113398984004105,-9.678843204438783,10.321111184118864,-5.678854607299371,-1.6788774130205475
0.06699991226196289,0.011999845504760742,0.021000146865844727,0.02200007438659668,0.011999845504760742,3.316704684485642,0.005156176775660631,-6.628253192195624,6.638565545746944,-4.311548507709981,-3.6781391387386972
0.07399988174438477,0.017999887466430664,0.01399993896484375,0.024000167846679688,0.017999887466430664,2.204606979848342,0.14483141590520565,-4.264382543791479,4.5540453756018895,-3.0597755639431363,-4.650561604246452
0.06599998474121094,0.017999887466430664,0.018000125885009766,0.01399993896484375,0.016000032424926758,3.181332708460459,0.008022315656050452,-6.354643101264868,6.370687732576968,-4.173310392804408,-3.8106449758834904
0.07999992370605469,0.01900005340576172,0.026999950408935547,0.01699995994567871,0.01699995994567871,2.5042434114392944,0.027609756027266202,-4.980877066851322,5.036096578905855,-3.4766336554120283,-4.4681468325334395
0.07800006866455078,0.009999990463256836,0.026999950408935547,0.013000011444091797,0.0280001163482666,0.7921427824791304,0.04043879494976052,-1.5438467700085003,1.6247243599080212,-1.7517039875293698,-6.167418422571109
0.07700014114379883,0.009000062942504883,0.0279998779296875,0.018000125885009766,0.02200007438659668,0.9977760243721014,0.04043879494976052,-1.9551132537944425,2.0359908436939635,-1.957337229422341,-5.961785180678138
0.0690000057220459,0.01900005340576172,0.018999814987182617,0.012000083923339844,0.01900005340576172,2.6912182924865222,0.19379411215325412,-5.18864247281979,5.576230697126299,-3.497424180333268,-4.1149875953602235
0.07200002670288086,0.018000125885009766,0.018999814987182617,0.024000167846679688,0.010999917984008789,4.229862285920391,0.01774026604805687,-8.441984305792726,8.477464837888839,-5.212122019872334,-2.7523974480315516
0.07500004768371582,0.009000062942504883,0.026999950408935547,0.021000146865844727,0.017999887466430664,0.9118787307223932,0.06019421374365423,-1.7635632477011323,1.8839516751884406,-1.851684516978739,-6.027927055533953
0.0690000057220459,0.021000146865844727,0.009999990463256836,0.014999866485595703,0.023000001907348633,0.3201790587768363,0.07864240965834246,-0.5617157078953301,0.719000527212015,-1.2415366491184938,-6.6011785315648215
0.07699990272521973,0.020999908447265625,0.023000001907348633,0.01900005340576172,0.01399993896484375,4.280972456928436,0.24402395001135255,-8.31792096384552,8.805968863868223,-5.036948506917083,-2.4750035930602117
0.09600019454956055,0.015000104904174805,0.015000104904174805,0.028999805450439453,0.037000179290771484,3.79287280521626,0.11412476191289686,-7.471620848519623,7.6998703723454165,-4.678748043303363,-3.0930024328708434
0.08500003814697266,0.026999950408935547,0.023000001907348633,0.012000083923339844,0.023000001907348633,2.6250345019649446,0.04043879494976052,-5.209630208980129,5.290507798879649,-3.584595707015184,-4.334526703085295
0.07200002670288086,0.015000104904174805,0.014999866485595703,0.021000146865844727,0.020999908447265625,2.1535540685743055,0.35918489716837243,-3.9479232399802386,4.6662930343169835,-2.794369171405933,-4.4872610342573225
0.06400012969970703,0.02200007438659668,0.012000083923339844,0.010999917984008789,0.01900005340576172,4.645881985675215,0.03266828412082043,-9.25909568722961,9.324432255471251,-5.613213701554395,-2.3214497302039643
0.06800007820129395,0.023000001907348633,0.013000011444091797,0.016000032424926758,0.016000032424926758,1.0871059826538274,0.19161971022962898,-1.9825922550780257,2.365831675537284,-1.8954862724241983,-5.721274307116543
0.06999993324279785,0.01399993896484375,0.018000125885009766,0.021999835968017578,0.016000032424926758,2.703217977697175,0.01890295993410071,-5.3875329954602496,5.425338915328451,-3.6843150177630744,-4.277879062368724
0.06500005722045898,0.015000104904174805,0.012000083923339844,0.014999866485595703,0.023000001907348633,3.167075777052148,0.008022315656050452,-6.326129238448246,6.342173869760346,-4.159053461396097,-3.8249019072918014
0.0839998722076416,0.01699995994567871,0.013000011444091797,0.03299999237060547,0.020999908447265625,4.284576085678517,0.11478892222515188,-8.454363249131882,8.683941093582186,-5.169787163453365,-2.6006349920963308
0.07399988174438477,0.018999814987182617,0.017000198364257812,0.019999980926513672,0.017999887466430664,3.2312733205013364,0.0912393777588979,-6.371307263243775,6.553786018761571,-4.140033942742439,-3.677487301739766
0.07599997520446777,0.01900005340576172,0.03299999237060547,0.009999990463256836,0.01399993896484375,3.3647305260322566,0.09276260967077524,-6.636698442393738,6.822223661735289,-4.271967916361481,-3.542506864296968
0.07600021362304688,0.015000104904174805,0.016000032424926758,0.020999908447265625,0.024000167846679688,3.316704684485642,0.10316558197018236,-6.530243787001102,6.736574950941466,-4.21353910251546,-3.5801297335441755
0.0709998607635498,0.017999887466430664,0.019999980926513672,0.012000083923339844,0.020999908447265625,3.181332708460459,0.29298575897600826,-6.06967965794491,6.655651175896926,-3.888346949484451,-3.525681532563533
0.07800006866455078,0.019999980926513672,0.021000146865844727,0.023000001907348633,0.01399993896484375,1.0576204968493608,0.0852003909442516,-2.03004060275447,2.200441384642973,-1.9724201059051092,-5.857179112206388
0.07999992370605469,0.023999929428100586,0.01900005340576172,0.020999908447265625,0.016000032424926758,2.1535540685743055,0.012485349595934364,-4.294622787552677,4.319593486744545,-3.1410687189783713,-4.833960581829761
0.09000015258789062,0.031000137329101562,0.019999980926513672,0.020999908447265625,0.018000125885009766,0.8058989455236656,0.0008642478519301777,-1.610933643195401,1.6126621388992612,-1.8050346976717355,-6.193236806624404
0.06699991226196289,0.017999887466430664,0.017000198364257812,0.017999887466430664,0.01399993896484375,4.551436246852099,0.009631128230604538,-9.093241365473592,9.112503621934803,-5.541805118621494,-2.438932624917297
0.06299996376037598,0.016000032424926758,0.01699995994567871,0.015000104904174805,0.014999866485595703,3.8327629234502076,0.012792344038576223,-7.652733502861839,7.678318190938992,-4.819970579411631,-3.154444732511216
0.07200002670288086,0.01699995994567871,0.02200007438659668,0.019999980926513672,0.013000011444091797,1.4861596530432712,3.1633410254108124e-5,-2.9722876726762886,2.9723509394967964,-2.486128019633017,-5.513808713546474
0.07500004768371582,0.013000011444091797,0.01399993896484375,0.031000137329101562,0.01699995994567871,2.6250345019649446,0.04072628025264188,-5.209342723677247,5.290795284182531,-3.584308221712303,-4.334239217782414
0.10100007057189941,0.026999950408935547,0.01100015640258789,0.020999908447265625,0.04200005531311035,3.618101634841856,0.058599189636986626,-7.177604080046725,7.2948024593206995,-4.55950244520487,-3.323299175521157
0.08699989318847656,0.03500008583068848,0.010999917984008789,0.01699995994567871,0.023999929428100586,2.728845574023561,0.012985948751245677,-5.444705199295876,5.470677096798368,-3.7158596252723153,-4.258168477225194
0.0969998836517334,0.03099989891052246,0.021000146865844727,0.01699995994567871,0.0279998779296875,2.3103132660800814,0.04043879494976052,-4.5801877372104025,4.661065327109923,-3.2698744711303207,-4.6492479389701575
0.08699989318847656,0.019999980926513672,0.018999814987182617,0.03400015830993652,0.01399993896484375,4.488497667830427,0.03266828412082043,-8.944327051540034,9.009663619781675,-5.455829383709607,-2.4788340480487525
0.09200000762939453,0.026000022888183594,0.03099989891052246,0.016000032424926758,0.01900005340576172,1.9043269188775005,0.012485349595934364,-3.7961684881590667,3.8211391873509353,-2.891841569281566,-5.083187731526565
0.08500003814697266,0.031000137329101562,0.019999980926513672,0.017999887466430664,0.016000032424926758,4.9873141215393515,0.268150242861022,-9.70647800021768,10.242778485939725,-5.719163878678329,-1.7445356355996262
0.10900020599365234,0.029999971389770508,0.020000219345092773,0.03899979591369629,0.020000219345092773,0.6640624855551555,0.0005148265780019479,-1.327610144532309,1.3286397976883129,-1.6635476589771536,-6.335422687866843
0.08999991416931152,0.026999950408935547,0.029000043869018555,0.020999908447265625,0.013000011444091797,4.980037934074151,0.1352075007576924,-9.824868367390609,10.095283368905994,-5.844830433316458,-1.8847545651681568
0.08100008964538574,0.019999980926513672,0.026999950408935547,0.015000104904174805,0.01900005340576172,0.9808775550865015,0.0064300313589891606,-1.955325078814014,1.9681851415319922,-1.9744475237275125,-6.012692413554509
0.07600021362304688,0.014000177383422852,0.017999887466430664,0.01900005340576172,0.02500009536743164,1.2045764694287802,0.0004638867348476655,-2.4086890521227127,2.409616825592408,-2.2041125826939325,-5.794959643836372
0.07599997520446777,0.01900005340576172,0.021999835968017578,0.01699995994567871,0.018000125885009766,1.4861596530432712,1.3474861042216124e-6,-2.9723179586004385,2.9723206535726465,-2.4861583055571668,-5.513838999470624
0.07500004768371582,0.032000064849853516,0.01900005340576172,0.013000011444091797,0.010999917984008789,4.488497667830427,0.006944283371608212,-8.970051052289246,8.983939619032462,-5.481553384458819,-2.504558048797965
0.09000015258789062,0.019999980926513672,0.019999980926513672,0.032000064849853516,0.018000125885009766,4.999973285407014,0.031601872453651245,-9.968344698360378,10.03154844326768,-5.968371412953363,-1.9684248421393349
0.05900001525878906,0.01399993896484375,0.012000083923339844,0.02200007438659668,0.010999917984008789,3.903168833170161,0.012792344038576223,-7.793545322301745,7.819130010378898,-4.890376489131585,-3.0840388227912627
0.05900001525878906,0.016000032424926758,0.013000011444091797,0.016000032424926758,0.01399993896484375,1.21698939560518,0.00024925252302233913,-2.433729538687338,2.4342280437333823,-2.2167401430821574,-5.782761351871797
0.051999807357788086,0.009999990463256836,0.014999866485595703,0.014000177383422852,0.012999773025512695,1.2484469674433167,1.3474861042216124e-6,-2.4968925874005294,2.4968952823727375,-2.2484456199572125,-5.751551685070579
0.11699986457824707,0.016000032424926758,0.01399993896484375,0.04999995231628418,0.03699994087219238,3.8327629234502076,0.13067857267734984,-7.534847274223066,7.796204419577765,-4.702084350772858,-3.0365585038724427
0.09500002861022949,0.023999929428100586,0.03099989891052246,0.02200007438659668,0.018000125885009766,3.8327629234502076,0.012792344038576223,-7.652733502861839,7.678318190938992,-4.819970579411631,-3.154444732511216
0.11800003051757812,0.021000146865844727,0.05799984931945801,0.02500009536743164,0.01399993896484375,4.155953349727966,0.012792344038576223,-8.299114355417355,8.324699043494508,-5.1431610056893895,-2.8312543062334576
0.05900001525878906,0.01699995994567871,0.012000083923339844,0.012000083923339844,0.017999887466430664,0.39940740924689433,0.02991750744252581,-0.7688973110512628,0.8287323259363145,-1.3694899018043685,-6.57067508331058
0.07299995422363281,0.01699995994567871,0.020999908447265625,0.023000001907348633,0.012000083923339844,3.5482256224721365,0.2927718893174745,-6.803679355626798,7.389223134261748,-4.255453733154662,-3.159002488210389
0.07200002670288086,0.01699995994567871,0.01699995994567871,0.019999980926513672,0.018000125885009766,3.0574528233006113,0.17643175474223824,-5.938473891858984,6.291337401343461,-3.8810210685583733,-3.7661154219571507
0.07299995422363281,0.016000032424926758,0.013000011444091797,0.02200007438659668,0.021999835968017578,2.1087409869987264,0.0030257026113519048,-4.2144562713861005,4.220507676608805,-3.1057152843873745,-4.888233310389921
0.06100010871887207,0.015000104904174805,0.01699995994567871,0.01399993896484375,0.015000104904174805,4.398625001300108,0.0012275980122893049,-8.796022404587927,8.798477600612504,-5.397397403287818,-2.600147400687603
0.07899999618530273,0.015000104904174805,0.023999929428100586,0.018000125885009766,0.021999835968017578,4.669488811608599,0.005343432762432959,-9.333634190454765,9.344321055979632,-5.664145378846166,-2.325167755628968
0.07999992370605469,0.014999866485595703,0.023000001907348633,0.021000146865844727,0.020999908447265625,4.99998755492296,0.008789434535913028,-9.991185675310007,10.008764544381833,-5.991198120387047,-1.9912230105411268
0.0690000057220459,0.013000011444091797,0.018000125885009766,0.014999866485595703,0.023000001907348633,2.4648060121287436,0.006465959687205044,-4.9231460645702825,4.936077983944692,-3.4583400524415384,-4.528728028184052
0.05900001525878906,0.01399993896484375,0.023000001907348633,0.009000062942504883,0.013000011444091797,4.987592157011544,0.006944283371608212,-9.96824003065148,9.982128597394695,-5.980647873639936,-2.0054635596168486
0.09100008010864258,0.023999929428100586,0.029999971389770508,0.01900005340576172,0.018000125885009766,4.399954692875157,0.0064300313589891606,-8.793479354391325,8.806339417109305,-5.393524661516168,-2.5936152757658535
0.046000003814697266,0.009000062942504883,0.009999990463256836,0.013000011444091797,0.01399993896484375,3.504225323846799,0.2501869589580954,-6.758263688735503,7.2586376066516936,-4.254038364888704,-3.2455877171951055
0.07999992370605469,0.023999929428100586,0.020000219345092773,0.021999835968017578,0.01399993896484375,1.0541256985222784,9.661975075257734e-7,-2.1082504308470496,2.108252363242064,-2.054124732324771,-5.945873335280214
0.07200002670288086,0.01399993896484375,0.023000001907348633,0.017999887466430664,0.017000198364257812,4.627874190635505,0.0072615648381622235,-9.248486816432848,9.263009946109172,-5.620612625797342,-2.3648642445263324
0.08800005912780762,0.016000032424926758,0.01900005340576172,0.028999805450439453,0.024000167846679688,2.247056125281962,0.012171033782689258,-4.481941216781235,4.506283284346613,-3.2348850914992724,-4.740772840935349
0.08100008964538574,0.01699995994567871,0.012000083923339844,0.019999980926513672,0.032000064849853516,3.5595697138622455,0.0027913220804970384,-7.116348105643994,7.121930749804988,-4.556778391781748,-3.4376389640572573
0.07899999618530273,0.012000083923339844,0.026999950408935547,0.019999980926513672,0.019999980926513672,0.3958172993630962,0.2501869589580954,-0.541447639768097,1.0418215576842877,-1.1456303404050008,-6.353995741678808
0.06700015068054199,0.014000177383422852,0.021999835968017578,0.015000104904174805,0.016000032424926758,2.728845574023561,0.1826397644320118,-5.27505138361511,5.640330912479134,-3.546205809591549,-4.088514661544427
0.07400012016296387,0.016000032424926758,0.023999929428100586,0.023000001907348633,0.01100015640258789,3.0574528233006113,0.004019780465116682,-6.110885866136106,6.11892542706634,-4.053433042835495,-3.938527396234272
0.07699990272521973,0.010999917984008789,0.031000137329101562,0.02499985694885254,0.009999990463256836,1.9043269188775005,0.012485349595934364,-3.7961684881590667,3.8211391873509353,-2.891841569281566,-5.083187731526565
0.0989999771118164,0.020999908447265625,0.01900005340576172,0.03900003433227539,0.019999980926513672,1.8047238506785082,0.025603111705345544,-3.5838445896516706,3.635050813062362,-2.7791207389731625,-5.169673037616146
0.06299996376037598,0.02200007438659668,0.01399993896484375,0.009999990463256836,0.01699995994567871,4.398625001300108,0.40915805367916414,-8.388091948921051,9.206408056279379,-4.989466947620944,-2.1922169450207285
0.06999993324279785,0.01699995994567871,0.023999929428100586,0.01399993896484375,0.015000104904174805,4.398625001300108,0.16259630226920915,-8.634653700331006,8.959846304869425,-5.236028699030898,-2.438778696430683
0.07700014114379883,0.01699995994567871,0.02500009536743164,0.01699995994567871,0.018000125885009766,4.398625001300108,0.0010574628226427555,-8.796192539777572,8.798307465422859,-5.397567538477465,-2.6003175358772497
0.07300019264221191,0.016000032424926758,0.02200007438659668,0.013000011444091797,0.02200007438659668,2.728845574023561,0.01317677670088524,-5.444514371346236,5.470867924748007,-3.7156687973226754,-4.257977649275554
0.06699991226196289,0.023999929428100586,0.013000011444091797,0.009999990463256836,0.019999980926513672,4.429600318847144,0.00018406785105315807,-8.859016569843234,8.859384705545342,-5.429416250996091,-2.5702156133018033
0.1119999885559082,0.0409998893737793,0.020999908447265625,0.029999971389770508,0.020000219345092773,2.7021828297661554,0.05323343596542682,-5.351132223566884,5.457599095497738,-3.6489493938007285,-4.244583734268417
0.07500004768371582,0.020999908447265625,0.01900005340576172,0.017999887466430664,0.017000198364257812,0.39940740924689433,0.02991750744252581,-0.7688973110512628,0.8287323259363145,-1.3694899018043685,-6.57067508331058
0.09299993515014648,0.023000001907348633,0.026999950408935547,0.023000001907348633,0.019999980926513672,1.4861596530432712,1.3474861042216124e-6,-2.9723179586004385,2.9723206535726465,-2.4861583055571668,-5.513838999470624
0.07799983024597168,0.01699995994567871,0.026000022888183594,0.017999887466430664,0.01699995994567871,4.793524877495914,0.0008885044952218818,-9.586161250496605,9.58793825948705,-5.792636373000692,-2.205586618008864
0.09399986267089844,0.017999887466430664,0.03299999237060547,0.023000001907348633,0.019999980926513672,2.303229758024991,0.0013037111638730652,-4.60515580488611,4.607763227213855,-3.301926046861118,-4.695466530811135
0.07200002670288086,0.016000032424926758,0.015999794006347656,0.021000146865844727,0.01900005340576172,1.201634668655157,0.04733513109744045,-2.3559342062128734,2.450604468407754,-2.1542995375577165,-5.751030200247403
0.10100007057189941,0.026999950408935547,0.03400015830993652,0.01900005340576172,0.020999908447265625,0.39940740924689433,0.02991750744252581,-0.7688973110512628,0.8287323259363145,-1.3694899018043685,-6.57067508331058
0.0690000057220459,0.01900005340576172,0.01699995994567871,0.013000011444091797,0.019999980926513672,3.091509643158586,0.002215660836639599,-6.180803625480532,6.185234947153811,-4.089293982321946,-3.9062746960047745
0.07599997520446777,0.0279998779296875,0.014000177383422852,0.019999980926513672,0.01399993896484375,4.821742068118944,0.0064300313589891606,-9.637054104878898,9.649914167596878,-5.815312036759955,-2.171827900522067
0.10199999809265137,0.03500008583068848,0.017999887466430664,0.032000064849853516,0.01699995994567871,3.0574528233006113,0.004019780465116682,-6.110885866136106,6.11892542706634,-4.053433042835495,-3.938527396234272
0.0820000171661377,0.023000001907348633,0.01900005340576172,0.021000146865844727,0.018999814987182617,1.0541256985222784,0.0013453359131962322,-2.106906061131361,2.109596732957753,-2.052780362609082,-5.944528965564525
0.10699987411499023,0.014999866485595703,0.03299999237060547,0.032000064849853516,0.026999950408935547,0.35098195236813423,0.00031744568465223136,-0.7016464590516163,0.7022813504209207,-1.350664506683482,-6.648700601947214
0.0819997787475586,0.01399993896484375,0.016000032424926758,0.029999971389770508,0.021999835968017578,4.279656813485154,0.02287997047458363,-8.536433656495724,8.582193597444892,-5.25677684301057,-2.697463216040262
0.07399988174438477,0.019999980926513672,0.016000032424926758,0.018999814987182617,0.01900005340576172,0.5207294620372369,0.03280296811161722,-1.0086559559628565,1.0742618921860911,-1.4879264939256198,-6.446467569851146
0.08299994468688965,0.020999908447265625,0.023000001907348633,0.01900005340576172,0.019999980926513672,4.398625001300108,0.0003500062692577558,-8.796899996330957,8.797600008869473,-5.3982749950308495,-2.6010249924306343
0.06700015068054199,0.01900005340576172,0.01900005340576172,0.01399993896484375,0.015000104904174805,1.624878416184841,1.3474861042216124e-6,-3.249755484883578,3.249758179855786,-2.624877068698737,-5.375120236329055
0.08699989318847656,0.03699994087219238,0.015000104904174805,0.01399993896484375,0.020999908447265625,4.999973285407014,0.06275569565976735,-9.937190875154261,10.062702266473796,-5.937217589747247,-1.9372710189332185
0.08699989318847656,0.016000032424926758,0.018999814987182617,0.023000001907348633,0.029000043869018555,4.186045926408053,0.1495128780782097,-8.222578974737898,8.521604730894316,-5.036533048329844,-2.664441195513737
0.08600020408630371,0.02500009536743164,0.019999980926513672,0.01699995994567871,0.024000167846679688,1.535141841932039,0.0680945333082352,-3.002189150555843,3.1383782171723134,-2.467047308623804,-5.396763624759726
0.06299996376037598,0.019999980926513672,0.013000011444091797,0.012000083923339844,0.017999887466430664,4.782185335153038,0.0064300313589891606,-9.557940638947086,9.570800701665066,-5.775755303794049,-2.211384633487973
0.08100008964538574,0.032000064849853516,0.013000011444091797,0.01900005340576172,0.01699995994567871,0.5207294620372369,0.03280296811161722,-1.0086559559628565,1.0742618921860911,-1.4879264939256198,-6.446467569851146
0.08000016212463379,0.032000064849853516,0.010999917984008789,0.019999980926513672,0.017000198364257812,0.5193551776140152,0.03280296811161722,-1.005907387116413,1.0715133233396477,-1.486552209502398,-6.447841854274367
0.09299993515014648,0.023000001907348633,0.020999908447265625,0.02200007438659668,0.026999950408935547,2.303229758024991,9.670885800905187e-5,-4.6063628071919736,4.606556224907991,-3.3031330491669824,-4.696673533117
0.06699991226196289,0.01399993896484375,0.013000011444091797,0.017999887466430664,0.02200007438659668,3.5595697138622455,0.06985487558888859,-7.049284552135602,7.18899430331338,-4.489714838273357,-3.3705754105488657
0.10299992561340332,0.018000125885009766,0.031999826431274414,0.021000146865844727,0.031999826431274414,0.9810346559657921,2.0006315356799198e-7,-1.9620691118684306,1.9620695119947378,-1.9810344559026385,-6.018965143971054
0.0690000057220459,0.01699995994567871,0.023999929428100586,0.01100015640258789,0.01699995994567871,3.5480136406647227,0.0027913220804970384,-7.093235959248949,7.098818603409942,-4.5452223185842255,-3.44919503725478
0.05500006675720215,0.01399993896484375,0.015000104904174805,0.011999845504760742,0.014000177383422852,4.323741962525168,0.1495128780782097,-8.497971046972127,8.796996803128545,-5.174229084446958,-2.526745159396622
0.04800009727478027,0.009999990463256836,0.010999917984008789,0.012000083923339844,0.015000104904174805,3.1705292237341824,0.004019780465116682,-6.337038667003248,6.345078227933482,-4.1665094432690655,-3.825450995800701
0.04900002479553223,0.016000032424926758,0.010999917984008789,0.010999917984008789,0.01100015640258789,4.123159888992785,0.1495128780782097,-8.096806899907362,8.39583265606378,-4.973647010914576,-2.727327232929005
0.09100008010864258,0.013000011444091797,0.019999980926513672,0.03299999237060547,0.02500009536743164,3.5595697138622455,0.0027913220804970384,-7.116348105643994,7.121930749804988,-4.556778391781748,-3.4376389640572573
0.10899996757507324,0.029000043869018555,0.029999971389770508,0.026000022888183594,0.023999929428100586,2.2829462930310727,0.012485349595934364,-4.553407236466211,4.57837793565808,-3.2704609434351384,-4.7045683573729935
0.125,0.053999900817871094,0.026999950408935547,0.02200007438659668,0.02200007438659668,1.4950904739094766,9.661975075257734e-7,-2.990179981621446,2.9901819140164605,-2.495089507711969,-5.504908559893016
0.09200000762939453,0.02200007438659668,0.026999950408935547,0.019999980926513672,0.023000001907348633,4.915570864460612,0.0064300313589891606,-9.824711697562234,9.837571760280214,-5.909140833101623,-2.0779991041803987
0.10100007057189941,0.01900005340576172,0.029000043869018555,0.021999835968017578,0.031000137329101562,2.303229758024991,7.213143882056454e-5,-4.606387384611162,4.6065316474888025,-3.3031576265861706,-4.696698110536188
0.08000016212463379,0.026000022888183594,0.019999980926513672,0.012000083923339844,0.02200007438659668,3.621889234762695,0.0007985028310427689,-7.242979966694347,7.244576972356433,-4.621090731931652,-3.3773122624062624
0.0690000057220459,0.014000177383422852,0.012999773025512695,0.018000125885009766,0.023999929428100586,2.9306627941139665,0.014897009920329093,-5.846428578307604,5.876222598148262,-3.9157657841936375,-4.054440195965705
0.09399986267089844,0.034999847412109375,0.017000198364257812,0.018999814987182617,0.023000001907348633,3.9698870454511117,0.0007985028310427689,-7.93897558807118,7.9405725937332665,-4.969088542620069,-3.0293144517178456
0.07599997520446777,0.01900005340576172,0.017999887466430664,0.01900005340576172,0.019999980926513672,2.8636832158765455,0.004019780465116682,-5.723346651287974,5.731386212218208,-3.859663435411429,-4.132297003658338
0.06599998474121094,0.018000125885009766,0.01900005340576172,0.01699995994567871,0.011999845504760742,4.26659168385501,0.0959207924351371,-8.437262575274882,8.629104160145157,-5.1706708914198725,-2.6374875237098525
0.06500005722045898,0.013000011444091797,0.01699995994567871,0.02200007438659668,0.013000011444091797,1.6457915178971008,0.1627813815189959,-3.1288016542752057,3.4543644173131973,-2.483010136378105,-5.191427100583903
0.07299995422363281,0.023999929428100586,0.015000104904174805,0.01699995994567871,0.01699995994567871,4.1409210120185,0.012518212939888779,-8.269323811097111,8.294360236976887,-5.128402799078611,-2.8465607750416115
0.09200000762939453,0.018999814987182617,0.026000022888183594,0.021000146865844727,0.026000022888183594,1.8551670097794761,0.026082132108781145,-3.6842518874501713,3.736416151667733,-2.829084877670695,-5.118750858111743
0.08500003814697266,0.01399993896484375,0.021000146865844727,0.02499985694885254,0.02500009536743164,4.033945097208028,0.15160077248968856,-7.916289421926368,8.219490966905745,-4.88234432471834,-2.814454130302283
0.09500002861022949,0.029999971389770508,0.023999929428100586,0.024000167846679688,0.01699995994567871,3.8816602504733146,0.10821454349801832,-7.655105957448611,7.871535044444648,-4.773445706975297,-3.010125206028667
0.07200002670288086,0.023000001907348633,0.01900005340576172,0.01900005340576172,0.010999917984008789,4.920504279561603,0.0551294337919183,-9.785879125331288,9.896137992915126,-5.8653748457696855,-2.0243662866464787
0.09999990463256836,0.03299999237060547,0.029000043869018555,0.020999908447265625,0.01699995994567871,0.35098195236813423,0.10779772478073717,-0.5941661799555313,0.8097616295170056,-1.243184227587397,-6.541220322851129
0.0820000171661377,0.013000011444091797,0.016000032424926758,0.03800010681152344,0.014999866485595703,2.303229758024991,7.213143882056454e-5,-4.606387384611162,4.6065316474888025,-3.3031576265861706,-4.696698110536188
0.09200000762939453,0.026000022888183594,0.01900005340576172,0.017999887466430664,0.029000043869018555,4.915570864460612,0.0064300313589891606,-9.824711697562234,9.837571760280214,-5.909140833101623,-2.0779991041803987
0.08299994468688965,0.024000167846679688,0.014999866485595703,0.023999929428100586,0.019999980926513672,3.0574528233006113,0.004019780465116682,-6.110885866136106,6.11892542706634,-4.053433042835495,-3.938527396234272
0.08299994468688965,0.017999887466430664,0.019999980926513672,0.016000032424926758,0.029000043869018555,4.3026306038265245,0.02288618435807549,-8.582375023294974,8.628147392011124,-5.279744419468449,-2.6744832118154003
0.08100008964538574,0.019999980926513672,0.019999980926513672,0.017000198364257812,0.023999929428100586,3.034478832406755,0.004014592522794198,-6.064943072290716,6.072972257336304,-4.030464239883961,-3.961506575070451
0.07800006866455078,0.01900005340576172,0.029999971389770508,0.01399993896484375,0.015000104904174805,1.6217484947109502,0.22943496327643154,-3.014062026145469,3.4729319526983318,-2.3923135314345187,-5.148816542012618
0.09099984169006348,0.019999980926513672,0.03099989891052246,0.020999908447265625,0.01900005340576172,4.506744530899343,0.02287997047458363,-8.990609091324101,9.036369032273269,-5.483864560424759,-2.4703754986260735
0.10499978065490723,0.021999835968017578,0.03900003433227539,0.01900005340576172,0.02499985694885254,4.78882950163593,0.0038393117438120655,-9.573819691528048,9.581498315015672,-5.784990189892118,-2.207331186620258
0.08800005912780762,0.021999835968017578,0.03000020980834961,0.01399993896484375,0.02200007438659668,4.299059507071371,0.051524064756071915,-8.546594949386671,8.649643078898814,-5.247535442315299,-2.6494164281725565
0.07799983024597168,0.01900005340576172,0.019999980926513672,0.017999887466430664,0.020999908447265625,2.303229758024991,7.213143882056454e-5,-4.606387384611162,4.6065316474888025,-3.3031576265861706,-4.696698110536188
0.08599996566772461,0.0279998779296875,0.01900005340576172,0.023999929428100586,0.015000104904174805,0.5308642916977695,6.810837749025855e-7,-1.061727902311764,1.061729264479314,-1.5308636106139946,-6.469135027218456
0.07899999618530273,0.026999950408935547,0.015000104904174805,0.020999908447265625,0.016000032424926758,3.0487420958825755,7.213143882056454e-5,-6.097412060326331,6.097556323203971,-4.048669964443755,-3.951185772678604
0.06599998474121094,0.017999887466430664,0.01399993896484375,0.021000146865844727,0.013000011444091797,3.621889234762695,4.1136249331885644e-5,-7.243737333276058,7.243819605774722,-4.621848098513363,-3.3780696289879732
0.10400009155273438,0.029000043869018555,0.017999887466430664,0.037000179290771484,0.019999980926513672,2.181679265571608,6.785789748608821e-5,-4.36329067324573,4.363426389040702,-3.181611407674122,-4.818252876530906
0.06299996376037598,0.012000083923339844,0.01399993896484375,0.016000032424926758,0.020999908447265625,4.574435425292338,0.02287997047458363,-9.125990880110091,9.171750821059259,-5.551555454817754,-2.4026846042330785
0.07999992370605469,0.0279998779296875,0.01399993896484375,0.019999980926513672,0.018000125885009766,4.506744530899343,0.0723443773641505,-8.941144684434535,9.085833439162835,-5.434400153535192,-2.4209110917365066
0.0840001106262207,0.026999950408935547,0.017000198364257812,0.01699995994567871,0.023000001907348633,3.621889234762695,0.00015131432389570154,-7.243627155201494,7.2439297838492855,-4.621737920438799,-3.3779594509134094
0.06599998474121094,0.01399993896484375,0.01699995994567871,0.016000032424926758,0.01900005340576172,3.009124232401852,0.10642789875508285,-5.911820566048621,6.124676363558787,-3.902696333646769,-3.8844478688430653
0.09600019454956055,0.032000064849853516,0.016000032424926758,0.023999929428100586,0.024000167846679688,2.122034544785972,0.004019780465116682,-4.240049309106827,4.248088870037061,-3.1180147643208556,-4.873945674748912
0.06000018119812012,0.021000146865844727,0.01699995994567871,0.013000011444091797,0.009000062942504883,2.8636832158765455,0.004019780465116682,-5.723346651287974,5.731386212218208,-3.859663435411429,-4.132297003658338
0.10599994659423828,0.04800009727478027,0.020999908447265625,0.01699995994567871,0.019999980926513672,3.621889234762695,4.1136249331885644e-5,-7.243737333276058,7.243819605774722,-4.621848098513363,-3.3780696289879732
0.09200000762939453,0.026999950408935547,0.026000022888183594,0.02200007438659668,0.01699995994567871,4.776264578063629,0.002607883046157153,-9.549921273081102,9.555137039173415,-5.773656695017472,-2.2211275388902134
0.10400009155273438,0.03299999237060547,0.02200007438659668,0.026000022888183594,0.023000001907348633,2.683153180922542,0.5133432804472626,-4.852963081397822,5.879649642292347,-3.1698099004752796,-3.803503538630195
0.07599997520446777,0.0279998779296875,0.014000177383422852,0.019999980926513672,0.01399993896484375,4.9741818357151875,0.004467779508582501,-9.943895891921793,9.952831450938957,-5.969714056206605,-2.0213503847762304
0.08700013160705566,0.018000125885009766,0.026000022888183594,0.021999835968017578,0.021000146865844727,0.35098195236813423,0.00031744568465223136,-0.7016464590516163,0.7022813504209207,-1.350664506683482,-6.648700601947214
0.09299993515014648,0.019999980926513672,0.03900003433227539,0.016000032424926758,0.017999887466430664,0.313935423018044,0.00031744568465223136,-0.6275534003514358,0.6281882917207402,-1.3136179773333918,-6.685747131297304
0.08099985122680664,0.01399993896484375,0.014000177383422852,0.025999784469604492,0.026000022888183594,2.2974234719895485,7.213143882056454e-5,-4.594774812540277,4.594919075417917,-3.297351340550728,-4.702504396571631
0.09399986267089844,0.026999950408935547,0.009999990463256836,0.018000125885009766,0.03899979591369629,1.6457915178971008,0.17396143329334768,-3.117621602500854,3.465544469087549,-2.471830084603753,-5.180247048809552
0.10700011253356934,0.015000104904174805,0.026999950408935547,0.029999971389770508,0.03500008583068848,1.0541256985222784,3.8843596791501844e-7,-2.108251008608589,2.1082517854805247,-2.0541253100863104,-5.945873913041754
0.07500004768371582,0.02200007438659668,0.013000011444091797,0.016000032424926758,0.023000001907348633,4.02879518752675,2.4512367468476626e-5,-8.057565862686031,8.05761488742097,-5.028770675159282,-2.9711803001057815
0.06399989128112793,0.02200007438659668,0.019999980926513672,0.009999990463256836,0.011999845504760742,0.22982179736091946,0.0002675277729210859,-0.4593760669489178,0.45991112249476,-1.2295542695879984,-6.76991067486616
0.10199999809265137,0.026000022888183594,0.03699994087219238,0.026000022888183594,0.013000011444091797,1.6313429009357967,0.1627813815189959,-3.0999044203525976,3.425467183390589,-2.468561519416801,-5.205875717545208
0.08899998664855957,0.03099989891052246,0.024000167846679688,0.019999980926513672,0.01399993896484375,1.6457915178971008,0.10686102336034187,-3.1847220124338596,3.3984440591545435,-2.538930494536759,-5.247347458742557
0.09300017356872559,0.017000198364257812,0.03699994087219238,0.01900005340576172,0.019999980926513672,4.441916662166689,0.0011525290767405022,-8.882680795256636,8.884985853410118,-5.440764133089948,-2.5569308087565705
0.10299992561340332,0.01699995994567871,0.039999961853027344,0.02700018882751465,0.018999814987182617,3.7618725080120394,4.1136249331885644e-5,-7.523703879774747,7.523786152273411,-4.761831371762708,-3.238086355738629
0.07699990272521973,0.016000032424926758,0.0279998779296875,0.015000104904174805,0.017999887466430664,4.999981704859715,0.0064300313589891606,-9.99353337836044,10.00639344107842,-5.9935516735007255,-1.9935882637812963
0.09499979019165039,0.02499985694885254,0.015000104904174805,0.03600001335144043,0.018999814987182617,4.48854479976791,0.05510290323221749,-8.921986696303602,9.032192502768037,-5.433441896535692,-2.4563522969998726
0.08599996566772461,0.023000001907348633,0.015000104904174805,0.023000001907348633,0.02499985694885254,4.999981704859715,0.0064300313589891606,-9.99353337836044,10.00639344107842,-5.9935516735007255,-1.9935882637812963
0.07299995422363281,0.023999929428100586,0.018000125885009766,0.016000032424926758,0.014999866485595703,1.0541256985222784,3.8843596791501844e-7,-2.108251008608589,2.1082517854805247,-2.0541253100863104,-5.945873913041754
0.08099985122680664,0.021999835968017578,0.029000043869018555,0.015000104904174805,0.014999866485595703,4.776264578063629,0.015472488505777822,-9.537056667621481,9.568001644633036,-5.760792089557851,-2.2082629334305928
0.07700014114379883,0.020000219345092773,0.01699995994567871,0.023000001907348633,0.01699995994567871,1.4385923615595626,0.1181055397384145,-2.759079183380711,2.9952902628575395,-2.320486821821148,-5.443302098702023
0.10199999809265137,0.01399993896484375,0.026000022888183594,0.03400015830993652,0.0279998779296875,3.675152178469645,4.1136249331885644e-5,-7.350263220689958,7.350345493188622,-4.675111042220314,-3.324806685281023
0.10099983215332031,0.020999908447265625,0.04500007629394531,0.018999814987182617,0.016000032424926758,2.8636832158765455,0.0325458831121294,-5.694820548640962,5.75991231486522,-3.831137332764416,-4.103770901011325
0.08499979972839355,0.020999908447265625,0.01900005340576172,0.026999950408935547,0.017999887466430664,4.880450123262818,3.8843596791501844e-7,-9.760899858089669,9.760900634961605,-5.8804497348268505,-2.119549488301214
0.09399986267089844,0.021999835968017578,0.03299999237060547,0.021000146865844727,0.017999887466430664,0.7399951787056772,0.002087464883260101,-1.4779028925280944,1.4820778222946145,-1.737907713822417,-6.257917356411062
0.08999991416931152,0.025999784469604492,0.020000219345092773,0.023999929428100586,0.019999980926513672,3.55403402709729,3.068508270383435e-7,-7.108067747343752,7.108068361045407,-4.554033720246463,-3.445965666051883
0.08599996566772461,0.01900005340576172,0.012000083923339844,0.016000032424926758,0.037999868392944336,1.1219831785998875,4.237343784020339e-5,-2.2439239837619347,2.2440087306376153,-2.121940805162047,-5.877974447962272
0.09200000762939453,0.02499985694885254,0.01900005340576172,0.0280001163482666,0.019999980926513672,3.5516125510536005,3.068508270383435e-7,-7.103224795256374,7.1032254089580285,-4.551612244202774,-3.4483871420955725
0.09000015258789062,0.03299999237060547,0.019999980926513672,0.013000011444091797,0.024000167846679688,2.901243275919726,0.0012350046493472683,-5.801251547190105,5.803721556488799,-3.9000082712703787,-4.097521719430926
0.08500003814697266,0.01900005340576172,0.03099989891052246,0.016000032424926758,0.01900005340576172,0.16493412099298932,0.10540026323771405,-0.22446797874826457,0.4352685052236927,-1.0595338577552753,-6.729665615769297
0.07800006866455078,0.019999980926513672,0.02200007438659668,0.019999980926513672,0.016000032424926758,0.22982179736091946,0.0002675277729210859,-0.4593760669489178,0.45991112249476,-1.2295542695879984,-6.76991067486616
0.12899994850158691,0.015000104904174805,0.028999805450439453,0.0710000991821289,0.01399993896484375,1.8360033539566025,0.1181055397384145,-3.5539011681747907,3.7901122476516194,-2.7178978142181878,-5.045891106304983
0.09900021553039551,0.015000104904174805,0.013000011444091797,0.026000022888183594,0.04500007629394531,2.7004900110890677,0.004019780465116682,-5.3969602417130185,5.404999802643252,-3.696470230623951,-4.295490208445816
0.0989999771118164,0.021000146865844727,0.021999835968017578,0.03400015830993652,0.021999835968017578,2.9257028948600317,0.004019780465116682,-5.847386009254946,5.85542557018518,-3.921683114394915,-4.070277324674851
0.09599995613098145,0.017999887466430664,0.01900005340576172,0.023000001907348633,0.03600001335144043,3.4920143481137718,3.068508270383435e-7,-6.984028389376716,6.984029003078371,-4.492014041262944,-3.5079853450354013
0.09599995613098145,0.01699995994567871,0.016000032424926758,0.039999961853027344,0.021999835968017578,3.5636239020204963,2.4512367468476626e-5,-7.127223291673524,7.127272316408461,-4.563599389653028,-3.4363515856120355
0.08999991416931152,0.01900005340576172,0.013000011444091797,0.034999847412109375,0.023000001907348633,2.7004900110890677,0.22763270427560284,-5.173347317902532,5.6286127264537384,-3.4728573068134647,-4.071877284635329
0.08500003814697266,0.023000001907348633,0.017000198364257812,0.026999950408935547,0.017999887466430664,4.283730069113218,0.11601448452117959,-8.451445653705255,8.683474622747616,-5.167715584592038,-2.600255446365603
0.10099983215332031,0.03299999237060547,0.019999980926513672,0.019999980926513672,0.0279998779296875,1.4385923615595626,0.20733021302197566,-2.6698545100971494,3.084514936141101,-2.2312621485375868,-5.3540774254184615
0.07699990272521973,0.017999887466430664,0.023000001907348633,0.01399993896484375,0.02200007438659668,4.745221846651567,0.10294674381742161,-9.387496949485714,9.593390437120556,-5.642275102834146,-2.1518314095310114
0.07999992370605469,0.017999887466430664,0.02200007438659668,0.020999908447265625,0.01900005340576172,1.7727435402000018,0.02729018844213142,-3.518196891957872,3.572777268842135,-2.7454533517578703,-5.199966271357867
0.08500003814697266,0.02200007438659668,0.023000001907348633,0.02500009536743164,0.014999866485595703,3.0679026210736637,0.004019780465116682,-6.1317854616822105,6.1398250226124444,-4.063882840608548,-3.9280775984612197
0.07200002670288086,0.013000011444091797,0.01900005340576172,0.021000146865844727,0.018999814987182617,4.0183453894081875,2.1682212969387216e-5,-8.036669096603406,8.036712461029344,-5.0183237071952185,-2.9816329283788434
0.08099985122680664,0.021999835968017578,0.013000011444091797,0.031000137329101562,0.014999866485595703,0.1882590048156001,0.10540026323771405,-0.2711177463934861,0.48191827286891425,-1.082858741577886,-6.7063407319466855
0.10100007057189941,0.034999847412109375,0.021000146865844727,0.023999929428100586,0.021000146865844727,0.09227819262665349,0.0002675277729210859,-0.1842888574803859,0.18482391302622805,-1.0920106648537324,-6.907454279600425
0.07999992370605469,0.026000022888183594,0.021999835968017578,0.015000104904174805,0.01699995994567871,0.6161564755221014,0.002087464883260101,-1.2302254861609427,1.2344004159274629,-1.6140690106388413,-6.381756059594639
0.09100008010864258,0.01900005340576172,0.0280001163482666,0.023000001907348633,0.020999908447265625,1.299865443249555,0.08662206696574068,-2.5131088195333695,2.686352953464851,-2.213243376283814,-5.613512489784704
0.07500004768371582,0.018000125885009766,0.01399993896484375,0.02500009536743164,0.017999887466430664,1.4385923615595626,0.07960529079278764,-2.7975794323263377,2.9567900139119128,-2.358987070766775,-5.481802347647649
0.09500002861022949,0.02700018882751465,0.023999929428100586,0.0279998779296875,0.016000032424926758,3.1242279510616298,1.5697744286967936e-5,-6.248440204378973,6.248471599867546,-4.124212253317342,-3.875756351194083
0.10299992561340332,0.014999866485595703,0.019999980926513672,0.04400014877319336,0.023999929428100586,0.07935520139995589,0.0002496818369646976,-0.15846072096294708,0.15896008463687647,-1.0791055195629913,-6.920395116763079
0.08500003814697266,0.019999980926513672,0.023999929428100586,0.023000001907348633,0.018000125885009766,3.5636239020204963,0.008546772733222907,-7.118701031307769,7.135794576774216,-4.555077129287273,-3.4278293252462806
0.07899999618530273,0.013000011444091797,0.01699995994567871,0.03500008583068848,0.01399993896484375,4.2102109650813455,1.4434184017697582e-5,-8.420407495978674,8.420436364346708,-5.210196530897328,-2.7897746007346367
0.08000016212463379,0.021000146865844727,0.010999917984008789,0.01699995994567871,0.031000137329101562,1.0915259232561434,0.1181055397384145,-2.0649463067738725,2.301157386250701,-1.9734203835177289,-5.790368537005442
0.07299995422363281,0.01699995994567871,0.01699995994567871,0.021000146865844727,0.017999887466430664,4.849717871198246,0.002607883046157153,-9.696827859350336,9.702043625442649,-5.847109988152089,-2.1476742457555966
0.08299994468688965,0.021999835968017578,0.018000125885009766,0.02499985694885254,0.018000125885009766,2.922757382681787,2.336652854206811e-6,-5.84551242871072,5.845517102016428,-3.9227550460289327,-4.077240280665359
0.08899998664855957,0.018000125885009766,0.014999866485595703,0.03400015830993652,0.021999835968017578,3.1242279510616298,1.5697744286967936e-5,-6.248440204378973,6.248471599867546,-4.124212253317342,-3.875756351194083
0.08899998664855957,0.018999814987182617,0.02700018882751465,0.019999980926513672,0.023000001907348633,4.165035327101867,0.01996525602437217,-8.310105398179362,8.350035910228106,-5.145070071077495,-2.8149994168737607
0.09999990463256836,0.016000032424926758,0.016000032424926758,0.039999961853027344,0.026999950408935547,4.308906071866653,0.14704848596097853,-8.470763657772329,8.764860629694285,-5.161857585905675,-2.5440454421723677
0.06999993324279785,0.01399993896484375,0.014999866485595703,0.021000146865844727,0.019999980926513672,3.5414560692106356,0.1181055397384145,-6.9648065986828565,7.201017678159686,-4.423350529472222,-3.34043839105095
0.08000016212463379,0.023000001907348633,0.016000032424926758,0.016000032424926758,0.02500009536743164,1.1136951072314987,0.04068929929173104,-2.1867009151712664,2.2680795137547283,-2.0730058079397677,-5.84561559347677
0.07299995422363281,0.021999835968017578,0.017000198364257812,0.021999835968017578,0.012000083923339844,3.1242279510616298,1.5697744286967936e-5,-6.248440204378973,6.248471599867546,-4.124212253317342,-3.875756351194083
0.11299991607666016,0.034999847412109375,0.023000001907348633,0.03400015830993652,0.020999908447265625,2.4422572747056748,0.004019780465116682,-4.880494768946233,4.8885343298764665,-3.4382374942405582,-4.553722944829209
0.10199999809265137,0.037000179290771484,0.023000001907348633,0.017999887466430664,0.023999929428100586,4.929126817024357,0.001621057170355808,-9.856632576878358,9.85987469121907,-5.927505759854001,-2.0692521258052876
0.07499980926513672,0.020999908447265625,0.026999950408935547,0.01699995994567871,0.009999990463256836,4.534596721652471,0.0012791288511029703,-9.067914314453839,9.070472572156044,-5.533317592801367,-2.464124149496426
0.08299994468688965,0.014999866485595703,0.031000137329101562,0.018999814987182617,0.018000125885009766,4.177178649691821,0.01996525602437217,-8.33439204335927,8.374322555408014,-5.1572133936674485,-2.8028560942838068
0.09299993515014648,0.013000011444091797,0.026999950408935547,0.03400015830993652,0.018999814987182617,3.3762369513385964,0.3406190637499238,-6.411854838927269,7.0930929664271165,-4.035617887588673,-3.28314398491148
0.09500002861022949,0.016000032424926758,0.013000011444091797,0.02499985694885254,0.0410001277923584,4.534596721652471,1.7089553232299895e-5,-9.06917635375171,9.069210532858174,-5.534579632099239,-2.465386188794297
0.10699987411499023,0.039999961853027344,0.019999980926513672,0.023999929428100586,0.023000001907348633,4.670123365385164,0.03989124265030191,-9.300355488120026,9.38013797342063,-5.630232122734863,-2.2899853919645343
0.07999992370605469,0.018999814987182617,0.01900005340576172,0.023000001907348633,0.01900005340576172,4.165035327101867,0.01996525602437217,-8.310105398179362,8.350035910228106,-5.145070071077495,-2.8149994168737607
0.09099984169006348,0.026000022888183594,0.021999835968017578,0.019999980926513672,0.023000001907348633,0.07935520139995589,0.0002496818369646976,-0.15846072096294708,0.15896008463687647,-1.0791055195629913,-6.920395116763079
0.09299993515014648,0.021999835968017578,0.016000032424926758,0.019999980926513672,0.03500008583068848,0.07935520139995589,0.28793572679691054,0.12922532399699876,0.4466461295968223,-0.7914194746030454,-6.632709071803133
0.0559999942779541,0.014999866485595703,0.021000146865844727,0.009999990463256836,0.009999990463256836,4.416211238886355,0.018885671702640987,-8.813536806070069,8.85130814947535,-5.397325567183714,-2.564903089411004
0.12000012397766113,0.02500009536743164,0.0409998893737793,0.03000020980834961,0.023999929428100586,2.493584905512343,0.004019780465116682,-4.983150030559569,4.991189591489803,-3.4895651250472266,-4.50239531402254
0.10099983215332031,0.031999826431274414,0.021000146865844727,0.015999794006347656,0.032000064849853516,2.7004900110890677,0.00219070687213245,-5.398789315306003,5.4031707290502675,-3.698299304216935,-4.297319282038799
0.0839998722076416,0.017999887466430664,0.021000146865844727,0.020999908447265625,0.023999929428100586,4.204182917706858,0.11993325554340774,-8.288432579870308,8.528299090957125,-5.084249662163451,-2.6758838267497342
0.0709998607635498,0.014999866485595703,0.021000146865844727,0.01699995994567871,0.017999887466430664,4.6309757643655765,0.024213131776663448,-9.237738396954489,9.286164660507817,-5.606762632588913,-2.3448111038577597
0.07999992370605469,0.01699995994567871,0.023000001907348633,0.023000001907348633,0.01699995994567871,2.4422572747056748,0.028399238474981915,-4.856115310936367,4.912913787886332,-3.413858036230693,-4.529343486819343
0.0709998607635498,0.019999980926513672,0.01399993896484375,0.023000001907348633,0.01399993896484375,1.1136951072314987,0.003921234320308779,-2.2234689801426883,2.2313114487833063,-2.10977387291119,-5.882383658448193
0.11099982261657715,0.03299999237060547,0.03299999237060547,0.025999784469604492,0.01900005340576172,4.6448287942639634,0.00010742514715369328,-9.289550163380774,9.28976501367508,-5.64472136911681,-2.3550637805888828
0.08099985122680664,0.01699995994567871,0.018999814987182617,0.015000104904174805,0.029999971389770508,3.3799441775950285,0.042266036157801015,-6.717622319032256,6.802154391347858,-4.337678141437228,-3.5777897862471706
0.09000015258789062,0.020000219345092773,0.03399991989135742,0.01699995994567871,0.01900005340576172,4.665735252444031,0.14195133578648966,-9.189519169101573,9.47342184067455,-5.523783916657541,-2.1923134117694794
0.07500004768371582,0.01699995994567871,0.024000167846679688,0.020999908447265625,0.013000011444091797,4.169423427932002,0.020031642907148813,-8.318815212956855,8.358878498771153,-5.149391785024853,-2.810544929160849
0.07400012016296387,0.024000167846679688,0.01699995994567871,0.018999814987182617,0.014000177383422852,1.8360033539566025,0.09357520130715133,-3.5784315066060537,3.7655819092203564,-2.742428152649451,-5.070421444736246
0.10899996757507324,0.01699995994567871,0.01100015640258789,0.03299999237060547,0.04799985885620117,2.2489471348247614,0.12454872971630564,-4.373345539933217,4.622442999365829,-3.124398405108456,-4.626504135458934
0.07999992370605469,0.010999917984008789,0.02500009536743164,0.023000001907348633,0.020999908447265625,2.1199382329565912,0.26137685263800325,-3.9784996132751793,4.501253318551186,-2.858561380318588,-4.618684914405406
0.07999992370605469,0.01399993896484375,0.015000104904174805,0.020999908447265625,0.029999971389770508,3.5636239020204963,2.4512367468476626e-5,-7.127223291673524,7.127272316408461,-4.563599389653028,-3.4363515856120355
0.08499979972839355,0.019999980926513672,0.014999866485595703,0.01699995994567871,0.03299999237060547,4.999981704859715,0.0064300313589891606,-9.99353337836044,10.00639344107842,-5.9935516735007255,-1.9935882637812963
0.09999990463256836,0.026000022888183594,0.01699995994567871,0.023999929428100586,0.03299999237060547,4.999981704859715,0.10027063957170061,-9.899692770147729,10.10023404929113,-5.899711065288014,-1.8997476555685848
0.07200002670288086,0.019999980926513672,0.020999908447265625,0.015000104904174805,0.016000032424926758,3.3392019366115853,0.11057042908569811,-6.567833444137473,6.788974302308868,-4.228631507525887,-3.5502276343027166
0.10800004005432129,0.02500009536743164,0.03600001335144043,0.026999950408935547,0.019999980926513672,2.7004900110890677,0.00219070687213245,-5.398789315306003,5.4031707290502675,-3.698299304216935,-4.297319282038799
0.07899999618530273,0.01900005340576172,0.023000001907348633,0.019999980926513672,0.01699995994567871,3.5636239020204963,2.4512367468476626e-5,-7.127223291673524,7.127272316408461,-4.563599389653028,-3.4363515856120355
0.08999991416931152,0.013000011444091797,0.0279998779296875,0.031000137329101562,0.017999887466430664,2.1133971193661276,0.3577913514832168,-3.8690028872490383,4.584585590215472,-2.755605767882911,-4.528811529150655
0.08700013160705566,0.014000177383422852,0.020999908447265625,0.03299999237060547,0.01900005340576172,4.825202477684021,0.0064300313589891606,-9.643974924009052,9.656834986727032,-5.818772446325032,-2.1683674909569897
0.10099983215332031,0.020999908447265625,0.02700018882751465,0.020999908447265625,0.03099989891052246,4.999981704859715,0.0064300313589891606,-9.99353337836044,10.00639344107842,-5.9935516735007255,-1.9935882637812963
0.08799982070922852,0.017999887466430664,0.021000146865844727,0.023000001907348633,0.025999784469604492,3.074183369096656,0.001874308411599343,-6.146492429781713,6.150241046604911,-4.072309060685057,-3.9239423224917447
0.07599997520446777,0.023999929428100586,0.015000104904174805,0.019999980926513672,0.01699995994567871,3.6889274162570294,2.33764264875474e-5,-7.377831456087571,7.377878208940547,-4.6889040398305415,-3.3110492073164832
0.08800005912780762,0.020000219345092773,0.02499985694885254,0.01699995994567871,0.026000022888183594,2.3821405084830305,0.0003705702366222402,-4.763910446729438,4.764651587202684,-3.3817699382464084,-4.617488921280348
0.07699990272521973,0.028999805450439453,0.013000011444091797,0.018000125885009766,0.01699995994567871,0.07935520139995589,0.03521981149476348,-0.1234905913051483,0.19393021429467525,-1.0441353899051924,-6.885424987105281
0.09299993515014648,0.020999908447265625,0.029999971389770508,0.01900005340576172,0.023000001907348633,3.956854468951858,0.01996525602437217,-7.893743681879344,7.933674193928089,-4.936889212927486,-3.0231802750237695
0.08700013160705566,0.01699995994567871,0.032000064849853516,0.01699995994567871,0.021000146865844727,1.8360033539566025,0.09357520130715133,-3.5784315066060537,3.7655819092203564,-2.742428152649451,-5.070421444736246
0.10899996757507324,0.01900005340576172,0.03899979591369629,0.03500008583068848,0.016000032424926758,4.816620323004075,0.024213131776663448,-9.609027514231487,9.657453777784815,-5.7924071912274115,-2.1591665452192608
0.06599998474121094,0.01699995994567871,0.017000198364257812,0.016000032424926758,0.015999794006347656,2.7004900110890677,0.30410515971162605,-5.0968748624665094,5.705085181889761,-3.3963848513774417,-3.9954048291993063
0.09399986267089844,0.021999835968017578,0.03800010681152344,0.01699995994567871,0.01699995994567871,1.1136951072314987,0.0009354516282813509,-2.2264547628347158,2.228325666091279,-2.1127596556032175,-5.88536944114022
0.08999991416931152,0.026999950408935547,0.032000064849853516,0.017999887466430664,0.013000011444091797,2.243418309887441,0.05663027668677571,-4.4302063430881065,4.543466896461658,-3.1867880332006653,-4.699951413425783
0.09100008010864258,0.043000221252441406,0.02299976348876953,0.014000177383422852,0.010999917984008789,0.07935520139995589,0.0002496818369646976,-0.15846072096294708,0.15896008463687647,-1.0791055195629913,-6.920395116763079
0.09500002861022949,0.01900005340576172,0.03299999237060547,0.021000146865844727,0.021999835968017578,4.999999748371431,0.0064300313589891606,-9.993569465383873,10.006429528101853,-5.993569717012442,-1.9935702202695795
0.10899996757507324,0.0559999942779541,0.018999814987182617,0.018000125885009766,0.016000032424926758,2.699023688702518,0.12454872971630564,-5.27349864768873,5.522596107121342,-3.5744749589862126,-4.176427581581176
0.07000017166137695,0.01699995994567871,0.018000125885009766,0.012000083923339844,0.023000001907348633,3.5522782530387342,0.058652154838780945,-7.045904351238687,7.16320866091625,-4.493626098199954,-3.389069592122485
0.09500002861022949,0.03900003433227539,0.017999887466430664,0.01399993896484375,0.024000167846679688,4.852824705856364,0.0177358579211037,-9.687913553791624,9.72338526963383,-5.83508884793526,-2.1294394362225324
0.1100001335144043,0.03400015830993652,0.020999908447265625,0.01900005340576172,0.03600001335144043,0.07935520139995589,0.00015666324031080438,-0.15855373955960098,0.15886706604022258,-1.0791985381596452,-6.920488135359733
0.10800004005432129,0.031000137329101562,0.019999980926513672,0.018999814987182617,0.03800010681152344,2.2489471348247614,0.12454872971630564,-4.373345539933217,4.622442999365829,-3.124398405108456,-4.626504135458934
0.09299993515014648,0.03399991989135742,0.016000032424926758,0.023999929428100586,0.01900005340576172,3.160574732326679,1.5697744286967936e-5,-6.321133766909071,6.321165162397644,-4.160559034582391,-3.839409569929034
0.08700013160705566,0.019999980926513672,0.02200007438659668,0.015000104904174805,0.029999971389770508,1.1136951072314987,0.0007857602717664704,-2.226604454191231,2.228175974734764,-2.112909346959732,-5.885519132496735
0.07299995422363281,0.013000011444091797,0.023000001907348633,0.01900005340576172,0.017999887466430664,4.165035327101867,0.00022408203712200037,-8.329846572166613,8.330294736240855,-5.164811245064745,-2.834740590861011
0.0820000171661377,0.017999887466430664,0.023000001907348633,0.01900005340576172,0.02200007438659668,2.243418309887441,0.08044500630157662,-4.406391613473306,4.567281626076459,-3.1629733035858645,-4.676136683810983
0.08699989318847656,0.020999908447265625,0.01900005340576172,0.023999929428100586,0.023000001907348633,1.1136951072314987,0.0006783175573417156,-2.2267118969056554,2.2280685320203393,-2.113016789674157,-5.88562657521116
0.08699989318847656,0.028999805450439453,0.013000011444091797,0.0280001163482666,0.01699995994567871,1.1136951072314987,0.00031087531606710864,-2.2270793391469303,2.2277010897790643,-2.1133842319154317,-5.885994017452434
0.09300017356872559,0.03400015830993652,0.01699995994567871,0.01900005340576172,0.023000001907348633,3.514198360761221,0.006457838862911367,-7.02193888265953,7.034854560385353,-4.5077405218983095,-3.479343800375868
0.0820000171661377,0.021000146865844727,0.020999908447265625,0.01399993896484375,0.026000022888183594,2.2066205739983826,0.002162900517095276,-4.41107824747967,4.41540404851386,-3.2044576734812873,-4.791216525484522
0.07699990272521973,0.0279998779296875,0.016000032424926758,0.01900005340576172,0.01399993896484375,2.243418309887441,0.013000377747335909,-4.473836242027547,4.499836997522218,-3.230417932140105,-4.743581312365222
0.08500003814697266,0.026000022888183594,0.016000032424926758,0.021000146865844727,0.021999835968017578,3.2960744922884624,0.04902110629398641,-6.543127878282938,6.6411700908709115,-4.247053385994477,-3.6549044014175514
0.08599996566772461,0.020999908447265625,0.023000001907348633,0.019999980926513672,0.02200007438659668,4.165035327101867,0.007183370825923033,-8.322887283377812,8.337254025029656,-5.157851956275944,-2.82778130207221
0.10599994659423828,0.016000032424926758,0.020999908447265625,0.03600001335144043,0.03299999237060547,2.1880398654053725,0.08759228713267779,-4.288487443678068,4.463672017943423,-3.1004475782726946,-4.7243678474619495
0.09499979019165039,0.028999805450439453,0.018000125885009766,0.026999950408935547,0.020999908447265625,2.1432495893315533,0.23043741788858538,-4.056061760774521,4.516936596551692,-2.912812171442968,-4.626312992779861
0.09799981117248535,0.020999908447265625,0.03500008583068848,0.020999908447265625,0.020999908447265625,4.999999785200068,0.0064300313589891606,-9.993569539041147,10.006429601759127,-5.993569753841079,-1.9935701834409425
0.0820000171661377,0.01399993896484375,0.023999929428100586,0.018000125885009766,0.026000022888183594,3.23147575380656,1.5697744286967936e-5,-6.462935809868833,6.4629672053574065,-4.231460056062273,-3.768508548449153
0.09599995613098145,0.03600001335144043,0.01699995994567871,0.019999980926513672,0.023000001907348633,4.8349758565795975,0.006206527573341698,-9.663745185585853,9.676158240732537,-5.828769329006255,-2.1588176158470604
0.11299991607666016,0.03099989891052246,0.01699995994567871,0.020999908447265625,0.04400014877319336,3.14434603763387,0.0024142113508243265,-6.286277863916915,6.2911062866185645,-4.141931826283045,-3.853239751015306
0.11400008201599121,0.03699994087219238,0.019999980926513672,0.032000064849853516,0.02500009536743164,4.6309757643655765,0.018696115507390414,-9.243255413223762,9.280647644238543,-5.612279648858186,-2.350328120127033
0.10700011253356934,0.018000125885009766,0.026999950408935547,0.03699994087219238,0.02500009536743164,0.2707507456692553,0.0001999875314895351,-0.541301503807021,0.5417014788700001,-1.2705507581377657,-6.729049266799255
0.09599995613098145,0.015000104904174805,0.021999835968017578,0.03299999237060547,0.026000022888183594,4.999999785200068,0.011811916661624063,-9.988187653738512,10.011811487061761,-5.988187868538445,-1.9881882981383079
0.09599995613098145,0.018999814987182617,0.021000146865844727,0.026000022888183594,0.029999971389770508,2.243418309887441,0.006700643286787082,-4.4801359764880955,4.493537263061669,-3.2367176666006543,-4.749881046825772
0.12800002098083496,0.023999929428100586,0.03600001335144043,0.0410001277923584,0.026999950408935547,0.1936735033307444,0.18646118764403027,-0.20088581901745853,0.5738081943055191,-1.007212315686714,-6.619865309025226
0.0820000171661377,0.012000083923339844,0.01900005340576172,0.009999990463256836,0.0409998893737793,0.07998505321646095,0.17278475135393656,0.012814644921014667,0.3327548577868584,-0.9072003018625244,-6.747230195429602
0.10299992561340332,0.03600001335144043,0.01699995994567871,0.017999887466430664,0.032000064849853516,3.5636239020204963,2.4512367468476626e-5,-7.127223291673524,7.127272316408461,-4.563599389653028,-3.4363515856120355
0.11400008201599121,0.02200007438659668,0.029000043869018555,0.04200005531311035,0.020999908447265625,1.0537720388419285,0.0890722486046176,-2.0184718290792394,2.1966163262884746,-1.964699790237311,-5.857155712553454
0.0989999771118164,0.01900005340576172,0.015000104904174805,0.03699994087219238,0.0279998779296875,1.1136951072314987,0.00021188952413997778,-2.2271783249388575,2.227602103987137,-2.1134832177073584,-5.886093003244361
0.12100005149841309,0.017999887466430664,0.04400014877319336,0.037999868392944336,0.021000146865844727,1.1136951072314987,0.00031087531606710864,-2.2270793391469303,2.2277010897790643,-2.1133842319154317,-5.885994017452434
0.10199999809265137,0.02200007438659668,0.023000001907348633,0.03699994087219238,0.019999980926513672,2.7004900110890677,0.003310655753680225,-5.397669366424455,5.404290677931816,-3.6971793553353876,-4.2961993331572526
0.05500006675720215,0.013000011444091797,0.009999990463256836,0.016000032424926758,0.016000032424926758,1.1736162666798182,0.08864079835681835,-2.258591735002818,2.4358733317164547,-2.084975468323,-5.7377429349633635
0.06000018119812012,0.018000125885009766,0.011999845504760742,0.018000125885009766,0.012000083923339844,2.7004900110890677,0.00219070687213245,-5.398789315306003,5.4031707290502675,-3.698299304216935,-4.297319282038799
0.05900001525878906,0.014999866485595703,0.013000011444091797,0.018000125885009766,0.013000011444091797,0.41954656292882575,0.2835283535868891,-0.5555647722707624,1.1226214794445406,-1.1360182093419366,-6.296925083484285
0.13100004196166992,0.01399993896484375,0.042999982833862305,0.029000043869018555,0.04500007629394531,4.999999785200068,0.0064300313589891606,-9.993569539041147,10.006429601759127,-5.993569753841079,-1.9935701834409425
0.08699989318847656,0.020999908447265625,0.019999980926513672,0.019999980926513672,0.026000022888183594,1.1915581406293967,0.05152156253249729,-2.331594718726296,2.4346378437912906,-2.1400365780968995,-5.756920296838106
0.09100008010864258,0.01900005340576172,0.026999950408935547,0.019999980926513672,0.02500009536743164,2.2019358215823406,0.0037006032781223648,-4.400171039886559,4.407572246442803,-3.198235218304218,-4.794363575139537
0.10400009155273438,0.019999980926513672,0.019999980926513672,0.03299999237060547,0.031000137329101562,0.06035316775713051,2.6741643527204554e-5,-0.12067959387073382,0.12073307715778822,-1.0603264261136034,-6.939620090599342
0.07399988174438477,0.026000022888183594,0.01399993896484375,0.012000083923339844,0.021999835968017578,1.0537720388419285,0.051063216819534296,-2.0564808608643226,2.1586072945033914,-2.0027088220223943,-5.895164744338537
0.07999992370605469,0.026999950408935547,0.019999980926513672,0.01900005340576172,0.01399993896484375,3.5636239020204963,2.4512367468476626e-5,-7.127223291673524,7.127272316408461,-4.563599389653028,-3.4363515856120355
0.11700010299682617,0.051000118255615234,0.029999971389770508,0.014999866485595703,0.021000146865844727,3.5636239020204963,0.006272964164683814,-7.120974839876308,7.133520768205677,-4.557350937855812,-3.43010313381482
0.09200000762939453,0.023999929428100586,0.023000001907348633,0.0280001163482666,0.01699995994567871,1.8360033539566025,0.093082786859886,-3.578923921053319,3.765089494773091,-2.7429205670967165,-5.070913859183511
0.07599997520446777,0.019999980926513672,0.019999980926513672,0.017999887466430664,0.018000125885009766,3.5678601181856733,0.39999837941835764,-6.735721856952989,7.535718615789704,-4.167861738767316,-3.032141502395969
0.09400010108947754,0.019999980926513672,0.026000022888183594,0.02500009536743164,0.023000001907348633,2.69625379492269,2.4512367468476626e-5,-5.392483077477912,5.392532102212848,-3.6962292825552217,-4.303721692709842
0.0989999771118164,0.020999908447265625,0.0280001163482666,0.026999950408935547,0.023000001907348633,4.6309757643655765,0.01918665697841271,-9.24276487175274,9.281138185709565,-5.611789107387164,-2.349837578656011
0.0989999771118164,0.01699995994567871,0.029000043869018555,0.017999887466430664,0.03500008583068848,1.1915581406293967,0.028358663674402942,-2.3547576175843905,2.4114749449331963,-2.163199476954994,-5.7800831956962
0.13299989700317383,0.032000064849853516,0.026999950408935547,0.04500007629394531,0.028999805450439453,2.2794062004624642,0.00219070687213245,-4.556621694052796,4.5610031077970605,-3.2772154935903317,-4.718403092665403
0.08299994468688965,0.02500009536743164,0.019999980926513672,0.021999835968017578,0.016000032424926758,2.7004900110890677,0.00219070687213245,-5.398789315306003,5.4031707290502675,-3.698299304216935,-4.297319282038799
0.07800006866455078,0.020000219345092773,0.01699995994567871,0.01900005340576172,0.021999835968017578,2.7004900110890677,0.00219070687213245,-5.398789315306003,5.4031707290502675,-3.698299304216935,-4.297319282038799
0.0690000057220459,0.018000125885009766,0.015000104904174805,0.020999908447265625,0.014999866485595703,0.06035316775713051,0.0993833560423422,-0.021322979471918815,0.22008969155660324,-0.9609698117147883,-6.840263476200527
0.11999988555908203,0.014999866485595703,0.015000104904174805,0.017999887466430664,0.07200002670288086,1.5667728954140232,7.763956187983867e-5,-3.1334681512661664,3.1336234303899264,-2.566695255852143,-5.433149465024097
0.10899996757507324,0.03399991989135742,0.019999980926513672,0.026000022888183594,0.029000043869018555,2.9422748686707845,0.0018667142814905863,-5.882683023060078,5.8864164516230595,-3.940408154389294,-4.055858417047725
0.11799979209899902,0.023000001907348633,0.026999950408935547,0.034999847412109375,0.03299999237060547,2.0244091911859075,0.010764975601098278,-4.038053406770716,4.0595833579729135,-3.0136442155848093,-4.964825833212995
0.12299990653991699,0.04200005531311035,0.02499985694885254,0.0280001163482666,0.0279998779296875,2.1408833350417087,0.2488681124741786,-4.032898557609239,4.530634782557596,-2.8920152225675304,-4.610248552484112
0.14299988746643066,0.02499985694885254,0.0410001277923584,0.04399991035461426,0.03299999237060547,4.0155541616343795,0.00022408203712200037,-8.030884241231638,8.03133240530588,-5.015330079597257,-2.9842217563284983
0.1380000114440918,0.03299999237060547,0.04399991035461426,0.03800010681152344,0.023000001907348633,0.9105730164627884,0.2835283535868891,-1.5376176793386878,2.1046743865124657,-1.6270446628758992,-5.805898629950322
0.10500001907348633,0.02500009536743164,0.01699995994567871,0.026000022888183594,0.03600001335144043,4.2909805414960545,0.018696115507390414,-8.563264967484718,8.6006571984995,-5.272284425988664,-2.690323342996555
0.0989999771118164,0.02499985694885254,0.015000104904174805,0.026000022888183594,0.03299999237060547,4.6309757643655765,0.14273213385038025,-9.119219394880773,9.404683662581533,-5.488243630515196,-2.2262921017840434
0.127000093460083,0.026999950408935547,0.03800010681152344,0.026999950408935547,0.03500008583068848,4.999999909272569,0.07908976197185429,-9.920910056573284,10.079089580516992,-5.920910147300715,-1.9209103287555767
0.14300012588500977,0.054000139236450195,0.03500008583068848,0.03399991989135742,0.019999980926513672,2.7004900110890677,0.024113705001244476,-5.376866317176891,5.42509372717938,-3.6763763060878234,-4.2753962839096875
0.11400008201599121,0.02500009536743164,0.029999971389770508,0.03299999237060547,0.026000022888183594,2.9422748686707845,0.0008194298213346912,-5.883730307520234,5.885369167162904,-3.9414554388494496,-4.056905701507881
0.11699986457824707,0.04999995231628418,0.03299999237060547,0.017999887466430664,0.016000032424926758,2.74902313036958,0.00219070687213245,-5.4958555538670275,5.500236967611292,-3.7468324234974473,-4.248786162758288
0.11300015449523926,0.023000001907348633,0.02700018882751465,0.029999971389770508,0.03299999237060547,0.9105730164627884,0.2835283535868891,-1.5376176793386878,2.1046743865124657,-1.6270446628758992,-5.805898629950322
0.16000008583068848,0.04800009727478027,0.04199981689453125,0.046000003814697266,0.024000167846679688,3.57583744637786,2.4512367468476626e-5,-7.151650380388252,7.151699405123188,-4.575812934010392,-3.424138041254672
0.10800004005432129,0.02499985694885254,0.02700018882751465,0.03099989891052246,0.02500009536743164,2.2794062004624642,0.000877364807860534,-4.557935036117068,4.559689765732789,-3.278528835654604,-4.719716434729675
0.12899994850158691,0.03600001335144043,0.039999961853027344,0.023000001907348633,0.029999971389770508,0.021607450554296692,0.10257621851799767,0.059361317409404285,0.14579111962659105,-0.919031232036299,-6.875816330927706
0.15600013732910156,0.029999971389770508,0.03500008583068848,0.03600001335144043,0.05500006675720215,3.4266413576366337,2.4512367468476626e-5,-6.853258202905799,6.853307227640736,-4.426616845269165,-3.5733341299958976
0.1099998950958252,0.023999929428100586,0.020999908447265625,0.026000022888183594,0.03900003433227539,2.332907656862787,2.4512367468476626e-5,-4.6657908013581055,4.665839826093042,-3.3328831444953186,-4.667067830769745
0.12199997901916504,0.037999868392944336,0.02500009536743164,0.031999826431274414,0.02700018882751465,4.992232537587087,0.0006939587594904277,-9.983771116414685,9.985159033933664,-5.991538578827597,-2.007073503653422
0.10599994659423828,0.02500009536743164,0.017999887466430664,0.031000137329101562,0.031999826431274414,2.8427933519758577,0.16716388040502994,-5.518422823546685,5.8527505843567456,-3.6756294715708275,-3.990042767619112
0.15400004386901855,0.0280001163482666,0.03399991989135742,0.04999995231628418,0.04200005531311035,0.5585303726618195,0.36639119466020065,-0.7506695506634383,1.4834519399838397,-1.1921391780016188,-6.07507843267798
0.12199997901916504,0.01900005340576172,0.020999908447265625,0.04500007629394531,0.03699994087219238,0.06035316775713051,1.4181015894661067e-6,-0.12070491741267156,0.12070775361585048,-1.060351749655541,-6.93964541414128
0.12599992752075195,0.039999961853027344,0.026999950408935547,0.029999971389770508,0.029000043869018555,0.13710281597388851,0.2835283535868891,0.009322721639112075,0.5577339855346661,-0.8535744623869994,-6.579368830439222
0.10400009155273438,0.01900005340576172,0.016000032424926758,0.029000043869018555,0.039999961853027344,0.41954656292882575,0.2835283535868891,-0.5555647722707624,1.1226214794445406,-1.1360182093419366,-6.296925083484285
0.15399980545043945,0.04399991035461426,0.03500008583068848,0.05099987983703613,0.023999929428100586,3.2679320925132007,2.4512367468476626e-5,-6.535839672658933,6.53588869739387,-4.2679075801457325,-3.732043395119331
0.15799999237060547,0.026999950408935547,0.0279998779296875,0.06500005722045898,0.03800010681152344,0.9389987396624105,0.2835283535868891,-1.594469125737932,2.1615258329117104,-1.6554703860755215,-5.777472906750701
0.14100003242492676,0.031000137329101562,0.03099989891052246,0.04999995231628418,0.029000043869018555,2.223254835443588,0.0003733388449970376,-4.446136332042179,4.446883009732173,-3.222881496598591,-4.776371825711415
0.12399983406066895,0.015999794006347656,0.04200005531311035,0.03500008583068848,0.03099989891052246,4.999999835324312,0.006973268262028596,-9.993026402386596,10.006972938910652,-5.993026567062283,-1.9930268964136593
0.12800002098083496,0.016000032424926758,0.026999950408935547,0.042999982833862305,0.04200005531311035,2.8427933519758577,0.16147186309033534,-5.52411484086138,5.847058567042051,-3.6813214888855224,-3.995734784933807
0.12100005149841309,0.03000020980834961,0.026999950408935547,0.031999826431274414,0.032000064849853516,2.9422748686707845,0.2729492759637772,-5.611600461377792,6.157499013305346,-3.669325592707007,-3.7847758553654383
0.09299993515014648,0.023000001907348633,0.019999980926513672,0.016000032424926758,0.03399991989135742,4.990683108972344,0.0064300313589891606,-9.974936186585698,9.987796249303678,-5.984253077613355,-2.002886859668667
0.12100005149841309,0.032000064849853516,0.020999908447265625,0.02500009536743164,0.042999982833862305,2.9852307715685624,0.1391678772706298,-5.831293665866495,6.109629420407755,-3.8460628942979325,-3.8756013511608076
0.12800002098083496,0.03600001335144043,0.03699994087219238,0.020999908447265625,0.03400015830993652,3.231233881734238,5.4639799891348026e-5,-6.4624131236685844,6.462522403268368,-4.231179241934347,-3.7687114784658706
0.11899995803833008,0.04500007629394531,0.023999929428100586,0.031000137329101562,0.018999814987182617,1.1915581406293967,0.03171119517896706,-2.351405086079826,2.4148274764377606,-2.15984694545043,-5.7767306641916365
0.10000014305114746,0.019999980926513672,0.02200007438659668,0.03299999237060547,0.02500009536743164,0.8854352080285471,0.2576906335248408,-1.5131797825322535,2.028561049581935,-1.6277445745037062,-5.856874158446612
0.12400007247924805,0.01900005340576172,0.019999980926513672,0.046000003814697266,0.03900003433227539,0.9312680787287242,0.4142035001573373,-1.448332657300111,2.276739657614786,-1.5170645785713868,-5.654528421113938
0.1509997844696045,0.03099989891052246,0.059999942779541016,0.039999961853027344,0.019999980926513672,2.8427933519758577,0.23825343697476253,-5.447333266976953,5.923840140926478,-3.6045399150010953,-3.91895321104938
0.11999988555908203,0.02499985694885254,0.042999982833862305,0.032000064849853516,0.019999980926513672,2.2533264355680624,0.07841758523892252,-4.428235285897203,4.585070456375047,-3.17490885032914,-4.668255979193015
0.10399985313415527,0.023000001907348633,0.031999826431274414,0.031000137329101562,0.017999887466430664,3.738131215078646,0.01756053026900735,-7.458701899888285,7.493822960426299,-4.720570684809639,-3.2443082546523465
0.12200021743774414,0.02500009536743164,0.03699994087219238,0.029999971389770508,0.03000020980834961,1.0924168918518995,2.4512367468476626e-5,-2.1848092713363307,2.1848582960712672,-2.092392379484431,-5.907558595780632
0.1399998664855957,0.026000022888183594,0.059999942779541016,0.03500008583068848,0.018999814987182617,4.999999785200068,0.0064300313589891606,-9.993569539041147,10.006429601759127,-5.993569753841079,-1.9935701834409425
0.12100005149841309,0.019999980926513672,0.039999961853027344,0.03800010681152344,0.023000001907348633,3.4430110929808184,0.15192788730441265,-6.734094298657224,7.03795007326605,-4.291083205676406,-3.405061019714769
0.11800003051757812,0.023000001907348633,0.019999980926513672,0.039999961853027344,0.03500008583068848,0.032965416319632346,1.4181015894661067e-6,-0.06592941453767523,0.06593225074085415,-1.032963998218043,-6.967033165578778
0.12299990653991699,0.0279998779296875,0.04200005531311035,0.023999929428100586,0.029000043869018555,2.810897375313498,0.07854115502851856,-5.543253595598477,5.700335905655514,-3.7323562202849794,-4.110561469657984
0.13099980354309082,0.037999868392944336,0.051000118255615234,0.023000001907348633,0.018999814987182617,1.431979054100517,5.082154994463881e-8,-2.863958057379484,2.863958159022584,-2.4319790032789674,-5.568020895077933
0.12899994850158691,0.04199981689453125,0.029000043869018555,0.031000137329101562,0.026999950408935547,4.627719825684137,0.018696115507390414,-9.236743535860883,9.274135766875665,-5.609023710176746,-2.3535840588084724
0.11300015449523926,0.02700018882751465,0.023000001907348633,0.026000022888183594,0.03699994087219238,4.999999785200068,0.00016720809845975626,-9.999832362301676,10.000166778498597,-5.999832577101609,-1.999833006701472
0.11800003051757812,0.02700018882751465,0.037999868392944336,0.024000167846679688,0.028999805450439453,0.19719662879444033,1.4181015894661067e-6,-0.3943918394872912,0.39439467569047015,-1.197195210692851,-6.8028019531039705
0.13399982452392578,0.01699995994567871,0.06099987030029297,0.03400015830993652,0.021999835968017578,4.999999933364679,0.10361042311786499,-9.896389443611492,10.103610289847223,-5.896389510246814,-1.8963896435174563
0.12399983406066895,0.018999814987182617,0.03800010681152344,0.029000043869018555,0.037999868392944336,4.999999823444047,0.0045038071660275375,-9.995495839722066,10.004503454054122,-5.995496016278019,-1.995496369389925
0.11500000953674316,0.039999961853027344,0.029000043869018555,0.026000022888183594,0.019999980926513672,2.524838979801643,1.4181015894661067e-6,-5.049676541501697,5.049679377704875,-3.5248375617000534,-4.475159602096768
0.09499979019165039,0.018999814987182617,0.01900005340576172,0.019999980926513672,0.03699994087219238,0.00046211195700396335,0.03364431838711492,0.032720094473106996,0.03456854230112285,-0.9668177935698891,-6.965893569655881
0.13399982452392578,0.025999784469604492,0.04400014877319336,0.029999971389770508,0.03299999237060547,4.999999891436859,0.00016720809845975626,-9.999832574775258,10.000166990972179,-5.9998326833384,-1.999832900464681
0.12199997901916504,0.053999900817871094,0.02500009536743164,0.023000001907348633,0.019999980926513672,2.0922391688809823,0.0003733388449970376,-4.184104998916967,4.184851676606962,-3.091865830035985,-4.907387492274021
0.10800004005432129,0.01900005340576172,0.037999868392944336,0.02700018882751465,0.023999929428100586,0.2620225772093715,0.2576906335248408,-0.2663545208939022,0.7817357879435838,-1.0043319436845306,-6.480286789265787
0.11700010299682617,0.02200007438659668,0.013000011444091797,0.039999961853027344,0.04200005531311035,2.4982881279630336,0.0003733388449970376,-4.99620291708107,4.996949594771064,-3.4979147891180364,-4.501338533191969
0.127000093460083,0.029000043869018555,0.04399991035461426,0.02500009536743164,0.029000043869018555,4.500425143374229,0.07965913108225259,-8.921191155666206,9.08050941783071,-5.420766012291976,-2.419915725543518
0.10500001907348633,0.019999980926513672,0.01900005340576172,0.03399991989135742,0.032000064849853516,0.19719662879444033,0.047487923164004166,-0.3469053344248765,0.44188118075288485,-1.1497087056304363,-6.755315448041555
0.12100005149841309,0.02700018882751465,0.01699995994567871,0.03699994087219238,0.039999961853027344,0.8979698984100597,0.31006101465525904,-1.4858787821648605,2.1060008114753783,-1.5879088837548005,-5.791969086934682
0.10899996757507324,0.0279998779296875,0.02500009536743164,0.029999971389770508,0.026000022888183594,1.060602142138001,5.475127993885033e-9,-2.121204278800874,2.12120428975113,-2.0606021366628733,-5.939397852386871
0.12599992752075195,0.016000032424926758,0.023000001907348633,0.03899979591369629,0.04800009727478027,4.999999938103719,0.20742877129350173,-9.792571104913936,10.20742864750094,-5.792571166810217,-1.7925712906027789
0.127000093460083,0.02700018882751465,0.023000001907348633,0.051999807357788086,0.02500009536743164,0.8099997167300196,0.2576906335248408,-1.3623087999351984,1.87769006698488,-1.552309083205179,-5.9323096497451395
0.10700011253356934,0.018000125885009766,0.01699995994567871,0.04200005531311035,0.029999971389770508,3.9171297697949647,0.01756053026900735,-7.8166990093209225,7.851820069858936,-4.899569239525958,-3.065309699936028
0.10700011253356934,0.02200007438659668,0.014999866485595703,0.03900003433227539,0.031000137329101562,2.1904875969622073,1.949696373328754e-5,-4.380955696960681,4.380994690888148,-3.190468099998474,-4.809492906074059
0.12400007247924805,0.021000146865844727,0.04199981689453125,0.03500008583068848,0.026000022888183594,3.4430110929808184,0.14713864306075608,-6.738883542900881,7.033160829022393,-4.295872449920062,-3.4098502639584254
0.1359999179840088,0.023000001907348633,0.05200004577636719,0.034999847412109375,0.026000022888183594,3.2532474050810545,0.01756053026900735,-6.488934279893102,6.524055340431116,-4.235686874812047,-3.729192064649938
0.1399998664855957,0.021999835968017578,0.04699993133544922,0.051000118255615234,0.019999980926513672,4.999999891436859,0.00016720809845975626,-9.999832574775258,10.000166990972179,-5.9998326833384,-1.999832900464681
0.14800000190734863,0.06500005722045898,0.0280001163482666,0.026999950408935547,0.0279998779296875,4.500425143374229,0.07965913108225259,-8.921191155666206,9.08050941783071,-5.420766012291976,-2.419915725543518
0.0989999771118164,0.014999866485595703,0.026000022888183594,0.023000001907348633,0.03500008583068848,2.0093236092775095,5.082154994463881e-8,-4.018647167733469,4.018647269376569,-3.0093235584559594,-4.99067633990094
0.1419999599456787,0.03600001335144043,0.046000003814697266,0.03400015830993652,0.025999784469604492,1.1978017942088095,1.8742952587433824e-5,-2.3955848454650317,2.3956223313702063,-2.1977830512562218,-5.802179462838603
0.125,0.02500009536743164,0.026999950408935547,0.03600001335144043,0.03699994087219238,2.810897375313498,0.07854115502851856,-5.543253595598477,5.700335905655514,-3.7323562202849794,-4.110561469657984
0.10099983215332031,0.0279998779296875,0.026999950408935547,0.023000001907348633,0.023000001907348633,1.431979054100517,0.5063502512011018,-2.357607856999932,3.370308359402136,-1.9256288028994153,-5.061670694698381
0.07500004768371582,0.02200007438659668,0.016000032424926758,0.01699995994567871,0.019999980926513672,2.7571539789677666,0.07854115502851856,-5.435766802907015,5.592849112964052,-3.678612823939248,-4.1643048660037145
0.14700007438659668,0.04800009727478027,0.05099987983703613,0.02500009536743164,0.023000001907348633,2.0922391688809823,0.10389560891836071,-4.080582728843604,4.288373946680325,-2.9883435599626216,-4.803865222200657
0.11400008201599121,0.029000043869018555,0.021000146865844727,0.03299999237060547,0.03099989891052246,4.935034116525621,1.360817544796724e-5,-9.870054624875793,9.87008184122669,-5.935020508350173,-2.064952275298931
0.1099998950958252,0.018999814987182617,0.029000043869018555,0.03299999237060547,0.029000043869018555,2.1961359054594016,0.00017345631096092124,-4.3920983546078425,4.392445267229764,-3.195962449148441,-4.803690638229638
0.11700010299682617,0.026000022888183594,0.029000043869018555,0.03699994087219238,0.02500009536743164,0.00046211195700396335,0.03364431838711492,0.032720094473106996,0.03456854230112285,-0.9668177935698891,-6.965893569655881
0.10000014305114746,0.01699995994567871,0.017000198364257812,0.018999814987182617,0.04700016975402832,4.653577783114805,5.0365833057439136e-5,-9.307105200396553,9.307205932062669,-5.653527417281748,-2.3463718510521376
0.13699984550476074,0.0409998893737793,0.032000064849853516,0.03800010681152344,0.025999784469604492,1.1323628804325645,0.00017653660160128694,-2.264549224263528,2.26490229746673,-2.132186343830963,-5.867460582965834
0.09599995613098145,0.02500009536743164,0.023999929428100586,0.023000001907348633,0.023999929428100586,4.999999891436859,0.0338992762614798,-9.96610050661224,10.033899059135198,-5.96610061517538,-1.9661008323016613
0.08300018310546875,0.024000167846679688,0.014999866485595703,0.018000125885009766,0.026000022888183594,4.999999895344805,0.20897463317106085,-9.79102515751855,10.20897442386067,-5.791025262173744,-1.7910254714841338
0.1099998950958252,0.026000022888183594,0.023000001907348633,0.020999908447265625,0.039999961853027344,3.9171297697949647,0.02142439382920848,-7.812835145760721,7.855683933419138,-4.895705375965756,-3.061445836375827
0.12199997901916504,0.0279998779296875,0.03299999237060547,0.03299999237060547,0.0280001163482666,0.8099997167300196,0.2542483177050076,-1.3657511157550315,1.8742477511650468,-1.555751399025012,-5.935751965564973
0.10900020599365234,0.031000137329101562,0.032000064849853516,0.018999814987182617,0.02700018882751465,4.9945580753047,1.4181015894661067e-6,-9.98911473250781,9.98911756871099,-5.994556657203111,-2.005440506593711
0.13299989700317383,0.04900002479553223,0.026000022888183594,0.034999847412109375,0.023000001907348633,0.1557094488368076,0.00016720809845975626,-0.3112516895751554,0.31158610577207496,-1.1555422407383478,-6.844123343064733
0.0969998836517334,0.017999887466430664,0.016000032424926758,0.026000022888183594,0.03699994087219238,2.6931027529628797,0.18890913108281648,-5.197296374842943,5.575114637008576,-3.5041936218800633,-4.117988115954304
0.10899996757507324,0.026000022888183594,0.017999887466430664,0.03800010681152344,0.026999950408935547,0.19719662879444033,1.4181015894661067e-6,-0.3943918394872912,0.39439467569047015,-1.197195210692851,-6.8028019531039705
0.09800004959106445,0.02499985694885254,0.032000064849853516,0.02200007438659668,0.01900005340576172,3.6353858332343982,0.01756053026900735,-7.2532111361997895,7.288332196737803,-4.617825302965391,-3.3470536364965944
0.12400007247924805,0.0409998893737793,0.03800010681152344,0.026999950408935547,0.018000125885009766,0.8099997167300196,0.2542483177050076,-1.3657511157550315,1.8742477511650468,-1.555751399025012,-5.935751965564973
0.08899998664855957,0.01900005340576172,0.018999814987182617,0.023000001907348633,0.0280001163482666,0.19719662879444033,0.10499528572096559,-0.28939797186791505,0.4993885433098463,-1.0922013430734747,-6.697808085484594
0.11100006103515625,0.03600001335144043,0.023999929428100586,0.029000043869018555,0.02200007438659668,4.296639328415646,0.07965913108225259,-8.51361952574904,8.672937787913543,-5.216980197333393,-2.6237015405021014
0.1269998550415039,0.04200005531311035,0.023999929428100586,0.02500009536743164,0.03599977493286133,1.431979054100517,0.27254967551961307,-2.591408432681421,3.1365077837206474,-2.159429378580904,-5.29547127037987
0.09299993515014648,0.026999950408935547,0.02500009536743164,0.020999908447265625,0.019999980926513672,3.8547401281107256,0.07801787374592002,-7.631462382475531,7.787498129967371,-4.776722254364806,-3.0672419981433543
0.10500001907348633,0.026999950408935547,0.03600001335144043,0.017999887466430664,0.024000167846679688,2.810897375313498,0.01808445860172271,-5.603710292025273,5.639879209228718,-3.792812916711775,-4.17101816608478
0.10500001907348633,0.013000011444091797,0.02499985694885254,0.037000179290771484,0.029999971389770508,4.500425143374229,0.0635172813822969,-8.937333005366161,9.064367568130754,-5.436907861991932,-2.436057575243474
0.14100003242492676,0.046000003814697266,0.05299997329711914,0.023000001907348633,0.01900005340576172,0.19719662879444033,1.4181015894661067e-6,-0.3943918394872912,0.39439467569047015,-1.197195210692851,-6.8028019531039705
0.08299994468688965,0.014999866485595703,0.02500009536743164,0.023000001907348633,0.019999980926513672,4.709614702043991,0.03364431838711492,-9.385585085700868,9.452873722475097,-5.6759703836568765,-2.256740979568894
0.11700010299682617,0.0280001163482666,0.039999961853027344,0.0280001163482666,0.020999908447265625,0.06943806736415548,0.0635172813822969,-0.07535885334601405,0.20239341611060785,-1.0059207859818586,-6.867044651253548
0.09800004959106445,0.021000146865844727,0.03399991989135742,0.02200007438659668,0.020999908447265625,4.500425143374229,0.10527640924147813,-8.89557387750698,9.106126695989936,-5.395148734132751,-2.394298447384293
0.09099984169006348,0.023999929428100586,0.026999950408935547,0.018000125885009766,0.021999835968017578,0.08283206717091862,0.10487489072017839,-0.060789243621658856,0.27053902506201566,-0.9779571764507402,-6.812293042108903
0.1269998550415039,0.02200007438659668,0.04799985885620117,0.03699994087219238,0.019999980926513672,0.19719662879444033,1.4181015894661067e-6,-0.3943918394872912,0.39439467569047015,-1.197195210692851,-6.8028019531039705
0.17400002479553223,0.023000001907348633,0.09999990463256836,0.0280001163482666,0.023000001907348633,0.19719662879444033,0.05920966287583627,-0.3351835947130444,0.45360292046471695,-1.1379869659186042,-6.7435937083297235
0.11500000953674316,0.01399993896484375,0.029000043869018555,0.02499985694885254,0.04700016975402832,3.0269093565885323,0.024091962598240646,-6.029726750578824,6.077910675775305,-4.002817393990291,-3.948998680813227
0.13100004196166992,0.0280001163482666,0.04999995231628418,0.03500008583068848,0.017999887466430664,3.443296491242222,0.01756053026900735,-6.869032452215437,6.904153512753451,-4.425735960973215,-3.5391429784887705
0.13400006294250488,0.02200007438659668,0.04200005531311035,0.037999868392944336,0.032000064849853516,3.7034302586535572,0.01756053026900735,-7.3892999870381075,7.424421047576121,-4.685869728384549,-3.2790092110774354
0.07799983024597168,0.015999794006347656,0.02200007438659668,0.01100015640258789,0.028999805450439453,2.558992013269674,0.2611123174736004,-4.856871709065748,5.3790963440129484,-3.2978796957960737,-4.179895669256725
0.0989999771118164,0.023000001907348633,0.026999950408935547,0.019999980926513672,0.029000043869018555,3.1366860050413132,0.01756053026900735,-6.2558114798136195,6.290932540351633,-4.119125474772305,-3.8457534646896794
0.11300015449523926,0.01900005340576172,0.039999961853027344,0.03299999237060547,0.021000146865844727,4.999999991474685,0.00016720809845975626,-9.99983277485091,10.000167191047831,-5.999832783376226,-1.999832800426855
0.12599992752075195,0.029999971389770508,0.05500006675720215,0.02500009536743164,0.014999866485595703,4.999999961505176,0.00016720809845975626,-9.999832714911891,10.000167131108812,-5.999832753406716,-1.9998328303963646
0.09299993515014648,0.017999887466430664,0.026000022888183594,0.029000043869018555,0.019999980926513672,4.52614548065184,0.04942087830091074,-9.002870083002769,9.10171183960459,-5.476724602350929,-2.4244336410472496
0.11100006103515625,0.02200007438659668,0.03399991989135742,0.023000001907348633,0.032000064849853516,3.336647247242617,0.5820651081514215,-6.091229386333813,7.255359602636656,-3.7545821390911955,-3.081287644605961
0.10700011253356934,0.023000001907348633,0.029000043869018555,0.023000001907348633,0.03099989891052246,0.00046211195700396335,0.07735619914862871,0.07643197523462078,0.07828042306263663,-0.9231059128083753,-6.9221816888943675
0.12600016593933105,0.024000167846679688,0.029999971389770508,0.03900003433227539,0.03299999237060547,1.4503554534952998,5.082154994463881e-8,-2.9007108561690496,2.9007109578121497,-2.45035540267375,-5.54964449568315
0.10599994659423828,0.02499985694885254,0.03400015830993652,0.023999929428100586,0.023000001907348633,3.7034302586535572,0.01756053026900735,-7.3892999870381075,7.424421047576121,-4.685869728384549,-3.2790092110774354
0.09999990463256836,0.017999887466430664,0.03699994087219238,0.01900005340576172,0.026000022888183594,0.9970414728737013,5.082154994463881e-8,-1.9940828949258527,1.9940829965689524,-1.9970414220521513,-6.002958476304749
0.10899996757507324,0.03600001335144043,0.03400015830993652,0.018999814987182617,0.019999980926513672,2.0093236092775095,0.18974393359991312,-3.828903284955106,4.208391152154932,-2.8195796756775966,-4.8009324571225775
0.10899996757507324,0.03299999237060547,0.032000064849853516,0.0279998779296875,0.016000032424926758,0.045165454168892616,0.03364431838711492,-0.05668658995067031,0.12397522672490016,-1.0115211357817777,-6.921190227443993
0.09499979019165039,0.023999929428100586,0.01399993896484375,0.029000043869018555,0.0279998779296875,4.57525535005933,0.060284303446813445,-9.090226396671847,9.210795003565474,-5.514971046612517,-2.364460346493856
0.09399986267089844,0.021999835968017578,0.02500009536743164,0.023000001907348633,0.023999929428100586,1.0142342653017962,0.2517446388558184,-1.776723891747774,2.2802131694594108,-1.7624896264459777,-5.734021095842385
0.10299992561340332,0.018999814987182617,0.029999971389770508,0.03000020980834961,0.023999929428100586,0.19392848345930458,2.5252818933575814e-7,-0.3878567143904198,0.3878572194467985,-1.1939282309311152,-6.806071264012506
0.09599995613098145,0.023000001907348633,0.019999980926513672,0.029999971389770508,0.023000001907348633,0.4819554969952142,5.082154994463881e-8,-0.9639109431688785,0.9639110448119784,-1.4819554461736644,-6.5180444521832355
0.10599994659423828,0.023000001907348633,0.02500009536743164,0.02499985694885254,0.03299999237060547,2.558992013269674,0.05368720477643418,-5.064296821762914,5.171671231315782,-3.50530480849324,-4.387320781953892
0.14399981498718262,0.03299999237060547,0.028999805450439453,0.05200004577636719,0.029999971389770508,2.558992013269674,0.4578347302075938,-4.660149296331754,5.575818756746942,-3.10115728306208,-3.983173256522732
0.09399986267089844,0.01399993896484375,0.01900005340576172,0.03600001335144043,0.02499985694885254,4.398938757350514,0.005058982742655205,-8.792818531958373,8.802936497443683,-5.393879774607859,-2.5960022599068306
0.10500001907348633,0.021999835968017578,0.02200007438659668,0.039999961853027344,0.021000146865844727,2.973624310186832,0.01756053026900735,-5.929688090104657,5.964809150642671,-3.9560637799178244,-4.008815159544161
0.10300016403198242,0.023000001907348633,0.026000022888183594,0.03299999237060547,0.021000146865844727,1.4864778937661547,0.40514338335317035,-2.567812404179139,3.3780991708854797,-2.0813345104129843,-5.1083787228806745
0.10800004005432129,0.026000022888183594,0.03699994087219238,0.023999929428100586,0.021000146865844727,4.999999991474685,0.0001620077390833101,-9.999837975210287,10.000161990688454,-5.999837983735602,-1.999838000786231
0.08699989318847656,0.01699995994567871,0.019999980926513672,0.026000022888183594,0.023999929428100586,0.00046211195700396335,0.03364431838711492,0.032720094473106996,0.03456854230112285,-0.9668177935698891,-6.965893569655881
0.10299992561340332,0.026999950408935547,0.02200007438659668,0.021999835968017578,0.032000064849853516,2.934393714538876,0.01756053026900735,-5.851226898808745,5.886347959346759,-3.9168331842698687,-4.048045755192117
0.09599995613098145,0.021999835968017578,0.02500009536743164,0.02200007438659668,0.026999950408935547,2.973624310186832,0.027856069146483156,-5.9193925512271806,5.975104689520147,-3.9457682410403487,-3.998519620666685
0.0970001220703125,0.023000001907348633,0.02200007438659668,0.032000064849853516,0.019999980926513672,2.1095596531385845,5.082154994463881e-8,-4.219119255455619,4.219119357098719,-3.1095596023170344,-4.890440296039865
0.12199997901916504,0.02200007438659668,0.023999929428100586,0.03600001335144043,0.039999961853027344,4.999999991474685,0.014020152793085036,-9.985979830156285,10.014020135742456,-5.9859798386816,-1.9859798557322295
0.09200000762939453,0.017999887466430664,0.031000137329101562,0.023000001907348633,0.019999980926513672,1.7794355495641005,2.8178310994123913e-8,-3.5588710709498903,3.558871127306512,-2.7794355213857895,-5.220564422257588
0.10400009155273438,0.0280001163482666,0.01900005340576172,0.023999929428100586,0.03299999237060547,0.9993020642983793,5.082154994463881e-8,-1.9986040777752088,1.9986041794183085,-1.9993020134768293,-6.00069788488007
0.10099983215332031,0.028999805450439453,0.014000177383422852,0.023000001907348633,0.034999847412109375,2.109783851500849,7.692296562092707e-10,-4.219567702232468,4.219567703770928,-3.1097838507316196,-4.890216147729921
0.10199999809265137,0.019999980926513672,0.021999835968017578,0.037000179290771484,0.023000001907348633,4.999041775881021,0.0034371544396459286,-9.994646397322395,10.001520706201688,-5.995604621441375,-1.9975210696793333
0.12100005149841309,0.02200007438659668,0.026000022888183594,0.04799985885620117,0.02500009536743164,4.368669028948845,0.0001620077390833101,-8.737176050158606,8.737500065636773,-5.368507021209761,-2.6311689633120716
0.09800004959106445,0.016000032424926758,0.026000022888183594,0.03399991989135742,0.02200007438659668,4.8095702547576495,0.00329829237309448,-9.615842217142205,9.622438801888393,-5.806271962384555,-2.187131452869256
0.10599994659423828,0.021999835968017578,0.03000020980834961,0.028999805450439453,0.02500009536743164,2.6918206008957455,0.277326242052369,-5.106314959739122,5.66096744384386,-3.4144943588433767,-4.030853157051886
0.09300017356872559,0.019999980926513672,0.017000198364257812,0.028999805450439453,0.02700018882751465,3.779938952891788,0.12439913491052841,-7.435478770873048,7.684277040694105,-4.65553981798126,-3.0956619121976834
0.10199999809265137,0.01900005340576172,0.032000064849853516,0.026000022888183594,0.02499985694885254,0.00046211195700396335,0.020546069195769755,0.019621845281761828,0.02147029310977768,-0.9799160427612342,-6.978991818847226
0.11500000953674316,0.016000032424926758,0.034999847412109375,0.029000043869018555,0.03500008583068848,0.02144520782394585,0.03364431838711492,-0.009246097260776777,0.07653473403500663,-0.987800889436831,-6.944910473788939
0.09100008010864258,0.021000146865844727,0.014999866485595703,0.01900005340576172,0.03600001335144043,0.6767171757244588,3.175869543584932e-9,-1.353434348273048,1.3534343546247871,-1.6767171725485892,-6.323282821099672
0.10500001907348633,0.021000146865844727,0.023000001907348633,0.02200007438659668,0.03899979591369629,4.368669028948845,0.0001620077390833101,-8.737176050158606,8.737500065636773,-5.368507021209761,-2.6311689633120716
0.09800004959106445,0.019999980926513672,0.01900005340576172,0.02499985694885254,0.03400015830993652,3.779938952891788,0.12439913491052841,-7.435478770873048,7.684277040694105,-4.65553981798126,-3.0956619121976834
0.14100003242492676,0.029999971389770508,0.01900005340576172,0.05200004577636719,0.039999961853027344,3.7034302586535572,0.016295352473718633,-7.390565164833395,7.4231558697808335,-4.687134906179839,-3.280274388872724
0.07799983024597168,0.014999866485595703,0.018000125885009766,0.017999887466430664,0.026999950408935547,1.4864778937661547,0.4056049306514072,-2.567350856880902,3.3785607181837167,-2.0808729631147473,-5.107917175582438
0.08500003814697266,0.01900005340576172,0.019999980926513672,0.020999908447265625,0.02500009536743164,3.7034302586535572,0.23281598126442532,-7.174044536042689,7.63967649857154,-4.4706142773891315,-3.0637537600820175
0.09100008010864258,0.026000022888183594,0.02500009536743164,0.02299976348876953,0.017000198364257812,4.8095702547576495,0.3727115611411574,-9.246428948374142,9.991852070656456,-5.436858693616492,-1.8177181841011931
0.09800004959106445,0.031000137329101562,0.020999908447265625,0.023000001907348633,0.023000001907348633,4.999999991474685,0.16746545369792848,-9.832534529251442,10.1674654366473,-5.832534537776757,-1.8325345548273866
0.14100003242492676,0.03600001335144043,0.023000001907348633,0.032000064849853516,0.04999995231628418,2.1095596531385845,0.08593347649046754,-4.133185829786702,4.305052782767636,-3.023626176648117,-4.804506870370949
0.11500000953674316,0.03299999237060547,0.019999980926513672,0.037000179290771484,0.02499985694885254,0.00043265002641657,0.020546069195769755,0.019680769142936615,0.021411369248602895,-0.9798865808306468,-6.979021280777814
0.09900021553039551,0.02200007438659668,0.019999980926513672,0.03299999237060547,0.024000167846679688,1.8500530199180825,5.082154994463881e-8,-3.700105989014615,3.700106090657715,-2.8500529690965326,-5.149946929260368
0.11700010299682617,0.02500009536743164,0.020999908447265625,0.04200005531311035,0.029000043869018555,2.1095596531385845,4.930694750117457e-8,-4.219119256970221,4.219119355584117,-3.109559603831637,-4.890440297554468
0.0690000057220459,0.01900005340576172,0.018999814987182617,0.017000198364257812,0.01399993896484375,4.999999991474685,0.09562456467067165,-9.904375418278699,10.095624547620043,-5.904375426804013,-1.9043754438546427
0.06599998474121094,0.019999980926513672,0.013000011444091797,0.018000125885009766,0.014999866485595703,2.1095596531385845,2.750950098674796e-8,-4.219119278767668,4.21911933378667,-3.1095596256290836,-4.890440319351915
0.06999993324279785,0.021999835968017578,0.016000032424926758,0.018000125885009766,0.013000011444091797,0.4819554969952142,0.023245499871970197,-0.9406654941184582,0.9871564938623987,-1.458709997123244,-6.494799003132815
0.10599994659423828,0.016000032424926758,0.03699994087219238,0.03299999237060547,0.019999980926513672,3.5227247027402124,0.32731819026762765,-6.718131215212797,7.372767595748052,-4.195406512472585,-3.1499571069921597
0.08699989318847656,0.017999887466430664,0.029000043869018555,0.01699995994567871,0.023000001907348633,3.5127063312778706,0.01756053026900735,-7.007852132286734,7.042973192824748,-4.495145801008864,-3.469733138453122
0.10199999809265137,0.029999971389770508,0.029999971389770508,0.016000032424926758,0.026000022888183594,3.1243929610480894,0.020744962447467093,-6.228040959648712,6.269530884543646,-4.103647998600622,-3.8548620765044435
0.10800004005432129,0.032000064849853516,0.023999929428100586,0.024000167846679688,0.0279998779296875,0.00043265002641657,0.005118045426371436,0.004252745373538296,0.005983345479204576,-0.9953146046000452,-6.994449304547212
0.12599992752075195,0.020999908447265625,0.02700018882751465,0.04199981689453125,0.03600001335144043,0.6158056915646262,0.017442620646647707,-1.2141687624826045,1.2490540037759001,-1.5983630709179786,-6.366751687788726
0.09399986267089844,0.02200007438659668,0.023999929428100586,0.0279998779296875,0.019999980926513672,3.3793774389555944,0.00048516681282317897,-6.758269711098365,6.759240044724012,-4.378892272142771,-3.620137394231582
0.09100008010864258,0.019999980926513672,0.029000043869018555,0.020999908447265625,0.021000146865844727,3.08601113353409,0.0015780543076123164,-6.170444212760568,6.173600321375792,-4.084433079226478,-3.9124108121582974
0.09000015258789062,0.019999980926513672,0.023000001907348633,0.02500009536743164,0.02200007438659668,4.844796729493734,0.0026246311197109518,-9.686968827867759,9.692218090107179,-5.842172098374023,-2.1525786393865545
0.07800006866455078,0.023999929428100586,0.015000104904174805,0.013000011444091797,0.026000022888183594,2.1061485566800293,0.13926435344591745,-4.073032759914141,4.351561466805976,-2.9668842032341116,-4.754587089874054
0.1100001335144043,0.021000146865844727,0.0409998893737793,0.016000032424926758,0.03099989891052246,0.4853814365624194,0.5359053559567794,-0.4348575171680594,1.506668229081618,-0.94947608060564,-5.978713207480801
0.11500000953674316,0.04500007629394531,0.019999980926513672,0.023999929428100586,0.026000022888183594,1.5839861135515587,0.05368770733229511,-3.1142845197708224,3.2216599344354124,-2.5302984062192637,-5.362326179116146
0.08599996566772461,0.019999980926513672,0.018000125885009766,0.02200007438659668,0.025999784469604492,4.8321476300147514,7.531992791492568e-5,-9.664219940101589,9.664370579957417,-5.832072310086836,-2.1677770500573335
0.07800006866455078,0.021999835968017578,0.017000198364257812,0.01699995994567871,0.02200007438659668,0.19857571229756654,0.005118045426371436,-0.39203337916876163,0.40226947002150454,-1.1934576668711951,-6.796306242276062
0.11100006103515625,0.03099989891052246,0.03299999237060547,0.019999980926513672,0.02700018882751465,4.8095702547576495,0.002409217578521916,-9.616731291936777,9.621549727093822,-5.807161037179128,-2.188020527663829
0.13300013542175293,0.02500009536743164,0.04999995231628418,0.026000022888183594,0.032000064849853516,0.6158056915646262,0.017442620646647707,-1.2141687624826045,1.2490540037759001,-1.5983630709179786,-6.366751687788726
0.10900020599365234,0.02500009536743164,0.0280001163482666,0.025999784469604492,0.03000020980834961,2.1095596531385845,1.622071008468371e-8,-4.219119290056459,4.219119322497879,-3.1095596369178744,-4.890440330640706
0.10299992561340332,0.023000001907348633,0.02499985694885254,0.023000001907348633,0.032000064849853516,3.176559428376244,0.007900634083950971,-6.345218222668537,6.361019490836439,-4.168658794292293,-3.815539937539805
0.09100008010864258,0.017000198364257812,0.020999908447265625,0.029000043869018555,0.023999929428100586,4.502033769015425,0.08120367043031035,-8.922863867600539,9.08527120846116,-5.420830098585114,-2.4167625605542646
0.11900019645690918,0.024000167846679688,0.037999868392944336,0.039999961853027344,0.017000198364257812,0.19857571229756654,0.2999698885174244,-0.09718153607770869,0.6971213131125575,-0.8986058237801422,-6.501454399185009
0.10100007057189941,0.02500009536743164,0.023000001907348633,0.023999929428100586,0.029000043869018555,0.10170724519495722,0.0003853877663823439,-0.2030291026235321,0.20379987815629677,-1.1013218574285748,-6.897907367038661
0.10199999809265137,0.0279998779296875,0.01900005340576172,0.03800010681152344,0.01699995994567871,0.03062016085127084,0.009210658555731489,-0.05202966314681019,0.07045098025827316,-1.0214095022955394,-6.960169180592998
0.06800007820129395,0.01399993896484375,0.01900005340576172,0.015000104904174805,0.019999980926513672,1.587293757154329,0.038241892466772634,-3.1363456218418855,3.212829406775431,-2.5490518646875566,-5.374464350378898
0.10299992561340332,0.020999908447265625,0.01900005340576172,0.0279998779296875,0.03500008583068848,3.08601113353409,0.21819056692371286,-5.953831700144467,6.390212833991893,-3.8678205666103773,-3.695798299542197
0.11700010299682617,0.026000022888183594,0.02200007438659668,0.020999908447265625,0.04800009727478027,0.19857571229756654,0.005096970950758725,-0.39205445364437436,0.4022483955458918,-1.1934787413468078,-6.7963273167516745
0.08899998664855957,0.023000001907348633,0.023999929428100586,0.01399993896484375,0.02700018882751465,0.20789922872871813,0.43875937625094064,0.02296091879350437,0.8545578337083769,-0.7691398524777775,-6.353341395020341
0.08599996566772461,0.02200007438659668,0.023999929428100586,0.018000125885009766,0.021999835968017578,0.00043265002641657,0.02655003220278566,0.02568473214995252,0.0274153322556188,-0.973882617823631,-6.973017317770798
0.08499979972839355,0.021999835968017578,0.031000137329101562,0.017999887466430664,0.01399993896484375,0.00043265002641657,0.001083426423288663,0.00021812637045552294,0.001948726476121803,-0.999349223603128,-6.998483923550295
0.11599993705749512,0.021999835968017578,0.031000137329101562,0.03500008583068848,0.0279998779296875,2.5280823558480203,4.648278738154411e-9,-5.0561647070477616,5.05616471634432,-3.5280823511997417,-4.471917639503701
0.1099998950958252,0.04399991035461426,0.01699995994567871,0.029999971389770508,0.01900005340576172,3.176559428376244,0.00790075577324742,-6.34521810097924,6.361019612525736,-4.168658672602996,-3.8155398158505087
0.08299994468688965,0.026000022888183594,0.021999835968017578,0.014000177383422852,0.020999908447265625,3.779938952891788,0.1246634112807801,-7.435214494502796,7.684541317064356,-4.655275541611008,-3.0953976358274318
0.08700013160705566,0.023000001907348633,0.03500008583068848,0.014999866485595703,0.014000177383422852,4.999999999887469,0.0003724635695362441,-9.9996275362054,10.000372463344474,-5.9996275363179326,-1.9996275365429952
0.09200000762939453,0.026999950408935547,0.029000043869018555,0.019999980926513672,0.016000032424926758,0.19857571229756654,0.004936154989130231,-0.39221526960600284,0.40208757958426333,-1.1936395573084364,-6.7964881327133035
0.10199999809265137,0.03099989891052246,0.029000043869018555,0.0280001163482666,0.01399993896484375,4.405005161149516,0.0015780543076123164,-8.808432267991419,8.811588376606645,-5.403427106841904,-2.593416784542872
0.09200000762939453,0.023999929428100586,0.024000167846679688,0.020999908447265625,0.023000001907348633,3.1201530736179692,0.0001620077390833101,-6.240144139496855,6.240468154975022,-4.119991065878886,-3.8796849186429476
0.12100005149841309,0.031000137329101562,0.023000001907348633,0.04799985885620117,0.01900005340576172,4.999999991474685,0.0001620077390833101,-9.999837975210287,10.000161990688454,-5.999837983735602,-1.999838000786231
0.09399986267089844,0.017999887466430664,0.019999980926513672,0.029999971389770508,0.026000022888183594,3.779938952891788,0.12439913491052841,-7.435478770873048,7.684277040694105,-4.65553981798126,-3.0956619121976834
0.09900021553039551,0.02500009536743164,0.02500009536743164,0.021999835968017578,0.02700018882751465,4.999999991474685,0.2428861155710802,-9.75711386737829,10.24288609852045,-5.757113875903605,-1.7571138929542345
0.09500002861022949,0.026999950408935547,0.01699995994567871,0.029000043869018555,0.02200007438659668,3.8000381699094055,0.0002654103869685065,-7.599810929431842,7.6003417502057795,-4.799772759522437,-3.199696419703626
0.12100005149841309,0.0280001163482666,0.023999929428100586,0.037999868392944336,0.031000137329101562,0.00043265002641657,0.001064619933644078,0.00019931988081093796,0.001929919986477218,-0.9993680300927725,-6.998502730039939
0.10900020599365234,0.02200007438659668,0.023999929428100586,0.03000020980834961,0.03299999237060547,1.7380966114948664,1.622071008468371e-8,-3.4761932067690227,3.476193239210443,-2.7380965952741563,-5.261903372284424
0.1119999885559082,0.01900005340576172,0.023000001907348633,0.029999971389770508,0.039999961853027344,4.999999991474685,6.423293281559593e-5,-9.999935750016554,10.000064215882187,-5.99993575854187,-1.9999357755924994
0.11899995803833008,0.026000022888183594,0.0410001277923584,0.029999971389770508,0.021999835968017578,2.4690404785121878,1.622071008468371e-8,-4.938080940803665,4.938080973245086,-3.4690404622914777,-4.530959505267102
0.07899999618530273,0.01699995994567871,0.013000011444091797,0.020999908447265625,0.0280001163482666,3.1762425344835066,0.007900634083950971,-6.344584434883062,6.360385703050964,-4.168341900399556,-3.8158568314325425
0.14100003242492676,0.03099989891052246,0.04200005531311035,0.03800010681152344,0.029999971389770508,2.709385772913693,0.1207729419940585,-5.297998603833328,5.539544487821445,-3.588612830919635,-4.169841285092248
0.10500001907348633,0.026999950408935547,0.02200007438659668,0.03500008583068848,0.020999908447265625,4.405005161149516,0.0015780543076123164,-8.808432267991419,8.811588376606645,-5.403427106841904,-2.593416784542872
0.11799979209899902,0.023999929428100586,0.0409998893737793,0.0280001163482666,0.02499985694885254,2.049236866863575,0.010648799726941525,-4.087824934000209,4.109122533454092,-3.038588067136634,-4.9401143334094835
0.09299993515014648,0.021999835968017578,0.024000167846679688,0.020999908447265625,0.026000022888183594,4.999999991474685,0.5582514589751364,-9.441748523974233,10.558251441924508,-5.441748532499549,-1.4417485495501783
0.12399983406066895,0.03600001335144043,0.023000001907348633,0.020999908447265625,0.04399991035461426,0.07440917732489649,0.001064619933644078,-0.14775373471614892,0.14988297458343705,-1.0733445573912523,-6.924526202741459
0.10399985313415527,0.031999826431274414,0.02200007438659668,0.0280001163482666,0.021999835968017578,2.09063678756966,0.017571575298409255,-4.163701999840911,4.198845150437729,-3.073065212271251,-4.891791637131931
0.09599995613098145,0.017999887466430664,0.02700018882751465,0.02499985694885254,0.026000022888183594,0.6347300659283103,1.622071008468371e-8,-1.2694601156359104,1.2694601480773307,-1.6347300497076,-6.36526991785098
0.10400009155273438,0.02700018882751465,0.018999814987182617,0.029000043869018555,0.029000043869018555,3.5291621499755528,0.007900634083950971,-7.050423665867155,7.0662249340350565,-4.521261515891602,-3.4629372159404963
0.0989999771118164,0.029999971389770508,0.017000198364257812,0.02499985694885254,0.026999950408935547,0.00043265002641657,0.001064619933644078,0.00019931988081093796,0.001929919986477218,-0.9993680300927725,-6.998502730039939
0.1490001678466797,0.029999971389770508,0.042999982833862305,0.04800009727478027,0.0280001163482666,4.38478893331121,0.14339087992038663,-8.626186986702033,8.912968746542807,-5.2413980533908235,-2.4718201867684035
0.06599998474121094,0.026000022888183594,0.013000011444091797,0.01399993896484375,0.013000011444091797,4.9939310004301145,0.15510716990742796,-9.832754830952801,10.142969170767657,-5.838823830522687,-1.8509618296624577
0.07200002670288086,0.015000104904174805,0.01900005340576172,0.020999908447265625,0.01699995994567871,4.074247399439274,0.057478134506203246,-8.091016664372345,8.205972933384752,-5.016769264933071,-2.8682744660545225
0.06100010871887207,0.017000198364257812,0.011999845504760742,0.018000125885009766,0.01399993896484375,0.00043265002641657,0.00014696504187546082,-0.0007183350109576793,0.0010122650947086008,-1.0002856849845412,-6.999420384931708
0.127000093460083,0.01900005340576172,0.05200004577636719,0.02200007438659668,0.03399991989135742,2.709385772913693,0.1207729419940585,-5.297998603833328,5.539544487821445,-3.588612830919635,-4.169841285092248
0.10100007057189941,0.026999950408935547,0.016000032424926758,0.01699995994567871,0.0410001277923584,0.00043265002641657,0.00012345339800782715,-0.0007418466548253129,0.0009887534508409672,-1.0003091966284088,-6.999443896575576
0.09100008010864258,0.024000167846679688,0.020999908447265625,0.023999929428100586,0.02200007438659668,4.405005161149516,0.0013329624113864146,-8.808677359887646,8.811343284710418,-5.403672198738129,-2.5936618764390973
0.10700011253356934,0.02500009536743164,0.032000064849853516,0.028999805450439453,0.021000146865844727,4.402157102760406,0.0001620077390833101,-8.804152197781729,8.804476213259896,-5.401995095021323,-2.59768088950051
0.08700013160705566,0.023000001907348633,0.01900005340576172,0.02200007438659668,0.023000001907348633,4.999999995645199,7.309002819712043e-5,-9.999926901262201,10.000073081318595,-5.999926905617002,-1.999926914326604
0.09299993515014648,0.023999929428100586,0.019999980926513672,0.026000022888183594,0.023000001907348633,3.9826461404648823,0.00014359123446645763,-7.965148689695298,7.965435872164231,-4.982502549230416,-3.0172102683006514
0.13299989700317383,0.02499985694885254,0.02200007438659668,0.0280001163482666,0.05799984931945801,0.0002909857841885133,0.00012345339800782715,-0.0004585181703691994,0.0007054249663848537,-1.0001675323861807,-6.9995855608178035
0.07800006866455078,0.016000032424926758,0.01699995994567871,0.02200007438659668,0.023000001907348633,0.6347300659283103,0.14340040951599628,-1.1260597223406243,1.4128605413726167,-1.491329656412314,-6.221869524555693
0.09100008010864258,0.019999980926513672,0.02200007438659668,0.023000001907348633,0.026000022888183594,4.999999991474685,6.423293281559593e-5,-9.999935750016554,10.000064215882187,-5.99993575854187,-1.9999357755924994
0.06999993324279785,0.01699995994567871,0.019999980926513672,0.01399993896484375,0.01900005340576172,4.999999991474685,2.379420915260154e-5,-9.999976188740218,10.000023777158523,-5.999976197265533,-1.9999762143161623
0.09100008010864258,0.02700018882751465,0.0279998779296875,0.01699995994567871,0.01900005340576172,4.267724668527015,0.0013329624113864146,-8.534116374642645,8.536782299465417,-5.266391706115629,-2.730942369061598
0.10900020599365234,0.029000043869018555,0.03800010681152344,0.019999980926513672,0.02200007438659668,4.999999991474685,6.423293281559593e-5,-9.999935750016554,10.000064215882187,-5.99993575854187,-1.9999357755924994
0.12100005149841309,0.04500007629394531,0.029000043869018555,0.021999835968017578,0.02500009536743164,3.750139577925319,0.03019357576007646,-7.4700855800905615,7.530472731610715,-4.719946002165242,-3.2196668463146043
0.12000012397766113,0.046000003814697266,0.01900005340576172,0.023000001907348633,0.032000064849853516,3.8000381699094055,6.657099655829612e-5,-7.600009768822253,7.600142910815369,-4.7999715989128475,-3.199895259094036
0.10599994659423828,0.03299999237060547,0.018000125885009766,0.020999908447265625,0.03399991989135742,2.627608336626583,0.09561402549429573,-5.15960264775887,5.350830698747462,-3.531994311132287,-4.276777637879121
0.10199999809265137,0.026000022888183594,0.01399993896484375,0.031000137329101562,0.03099989891052246,1.540909054221328,0.00012345339800782715,-3.081694655044648,3.081941561840664,-2.54078560082332,-5.458967492380664
0.11999988555908203,0.020999908447265625,0.029000043869018555,0.03900003433227539,0.03099989891052246,0.45705941457590593,0.038241892466772634,-0.8758769366850392,0.9523607216185845,-1.4188175221091333,-6.504698692957321
0.0989999771118164,0.017999887466430664,0.02200007438659668,0.034999847412109375,0.024000167846679688,2.8149444324875965,0.15056905534061032,-5.479319809634583,5.780457920315803,-3.6643753771469862,-4.034486512171793
0.1099998950958252,0.03299999237060547,0.03500008583068848,0.023999929428100586,0.017999887466430664,0.016960985405604534,0.0004314612626805381,-0.03349050954852853,0.034353432073889606,-1.016529524142924,-6.982607553331715
0.10699987411499023,0.037999868392944336,0.024000167846679688,0.026999950408935547,0.017999887466430664,0.5528790466083258,0.02898290889341146,-1.07677518432324,1.134741002110063,-1.5238961377149143,-6.418138044498263
0.0820000171661377,0.023000001907348633,0.016000032424926758,0.012000083923339844,0.03099989891052246,4.157108407073969,0.057478134506203246,-8.256738679641735,8.371694948654142,-5.099630272567766,-2.7854134584198276
0.12299990653991699,0.026999950408935547,0.03399991989135742,0.03600001335144043,0.026000022888183594,4.064307938746117,0.019010392935403006,-8.10960548455683,8.147626270427637,-5.045297545810714,-2.91668166831848
0.15200018882751465,0.037000179290771484,0.046000003814697266,0.031999826431274414,0.037000179290771484,4.414944621842112,0.0013329624113864146,-8.828556281272839,8.83122220609561,-5.4136116594307255,-2.583722415746501
0.0690000057220459,0.018000125885009766,0.016000032424926758,0.014999866485595703,0.019999980926513672,1.59753911175209,0.03083565201904921,-3.164242571485131,3.2259138755232293,-2.566703459733041,-5.37162523622886
0.11399984359741211,0.023000001907348633,0.03600001335144043,0.0279998779296875,0.026999950408935547,4.999999991474685,4.4442440477148034e-6,-9.999995538705322,10.000004427193419,-5.999995547230638,-1.9999955642812672
0.12899994850158691,0.03099989891052246,0.029000043869018555,0.04800009727478027,0.020999908447265625,0.0002909857841885133,0.00012345339800782715,-0.0004585181703691994,0.0007054249663848537,-1.0001675323861807,-6.9995855608178035
0.11899995803833008,0.029999971389770508,0.02200007438659668,0.032000064849853516,0.034999847412109375,0.0002909857841885133,0.02532288792967489,0.024740916361297865,0.025904859498051918,-0.9749680978545137,-6.974386126286136
0.10399985313415527,0.018999814987182617,0.02200007438659668,0.02200007438659668,0.0409998893737793,1.9815941976020721,0.10860768187523334,-3.854580713328911,4.0717960770793775,-2.872986515726839,-4.909798120522694
0.08899998664855957,0.026999950408935547,0.023000001907348633,0.019999980926513672,0.01900005340576172,2.6981968420917823,0.0313998420818987,-5.364993842101666,5.4277935262654635,-3.6667970000098835,-4.270403315826319
0.10100007057189941,0.02200007438659668,0.029000043869018555,0.023999929428100586,0.026000022888183594,1.8222738408235553,0.33395725347693506,-3.3105904281701752,3.978504935124046,-2.4883165873466204,-4.84376890569951
0.12600016593933105,0.05800008773803711,0.023999929428100586,0.024000167846679688,0.019999980926513672,3.3437296438822868,0.0020758039073598793,-6.685383483857214,6.689535091671933,-4.341653839974927,-3.6541945522103534
0.07599997520446777,0.019999980926513672,0.015000104904174805,0.020999908447265625,0.019999980926513672,4.56809353755115,0.0003118204396202612,-9.13587525466268,9.136498895541921,-5.56778171711153,-2.4315946420092294
0.08500003814697266,0.016000032424926758,0.023000001907348633,0.02200007438659668,0.023999929428100586,4.346748921248494,0.2129437601835419,-8.480554082313446,8.90644160268053,-5.133805161064952,-2.440307318567964
0.0840001106262207,0.024000167846679688,0.01900005340576172,0.019999980926513672,0.020999908447265625,0.00012371793847087975,0.00012345339800782715,-0.00012398247893393236,0.00037088927494958665,-1.000000264540463,-6.999752828663521
0.09400010108947754,0.024000167846679688,0.026999950408935547,0.02499985694885254,0.018000125885009766,2.8149444324875965,0.5021655204174666,-5.127723344557726,6.13205438539266,-3.31277891207013,-3.682890047094937
0.15999984741210938,0.04199981689453125,0.046000003814697266,0.037000179290771484,0.034999847412109375,2.8149444324875965,0.12753058785708665,-5.502358277118106,5.75741945283228,-3.68741384463051,-4.057524979655317
0.10500001907348633,0.03099989891052246,0.019999980926513672,0.026000022888183594,0.0280001163482666,1.9815941976020721,0.08739357014739307,-3.8757948250567513,4.050581965351538,-2.894200627454679,-4.931012232250534
0.1099998950958252,0.023000001907348633,0.02200007438659668,0.03099989891052246,0.03399991989135742,3.08692583043452,0.15056905534061032,-6.02328260552843,6.324420716209651,-3.93635677509391,-3.7625051142248696
0.0989999771118164,0.01399993896484375,0.02499985694885254,0.0280001163482666,0.032000064849853516,2.8149444324875965,0.15659880559179656,-5.473290059383396,5.78648767056699,-3.6583456268958,-4.028456761920607
0.11899995803833008,0.01699995994567871,0.029000043869018555,0.057000160217285156,0.015999794006347656,2.8149444324875965,0.1719306094350485,-5.457958255540144,5.801819474410242,-3.643013823052548,-4.013124958077356
0.08999991416931152,0.016000032424926758,0.013000011444091797,0.014999866485595703,0.046000003814697266,0.6347300659283103,1.2220864083071006e-9,-1.2694601306345341,1.269460133078707,-1.6347300647062237,-6.365269932849603
0.08100008964538574,0.019999980926513672,0.016000032424926758,0.015000104904174805,0.029999971389770508,0.7043122046412811,1.622071008468371e-8,-1.408624393061852,1.4086244255032723,-1.704312188420571,-6.295687779138008
0.0840001106262207,0.026999950408935547,0.019999980926513672,0.01900005340576172,0.018000125885009766,1.9558501338349557,5.371613243957893e-5,-3.911646551537472,3.9117539838023507,-2.955796417702516,-5.044096150032605
0.10299992561340332,0.019999980926513672,0.026999950408935547,0.029000043869018555,0.026999950408935547,3.5522331465241774,0.0020758039073598793,-7.102390489140995,7.106542096955715,-4.550157342616817,-3.4456910495684627
0.1550002098083496,0.026000022888183594,0.04400014877319336,0.05499982833862305,0.03000020980834961,2.8401446139491586,0.0006688270070388906,-5.679620400891278,5.680958054905356,-3.8394757869421197,-4.159186559043802
0.10400009155273438,0.023000001907348633,0.0280001163482666,0.03099989891052246,0.02200007438659668,1.540909054221328,0.002099295631725958,-3.07971881281093,3.083917404074382,-2.538809758589602,-5.456991650146946
0.10300016403198242,0.01699995994567871,0.03000020980834961,0.031999826431274414,0.024000167846679688,3.5522331465241774,0.2892730212284319,-6.815193271819923,7.393739314276787,-4.262960125295745,-3.1584938322473906
0.1119999885559082,0.023999929428100586,0.0280001163482666,0.026999950408935547,0.03299999237060547,1.2665253491070907,0.09140138789955303,-2.441649310314628,2.6244520861137346,-2.1751239612075377,-5.642073262993357
0.10400009155273438,0.02200007438659668,0.023000001907348633,0.03399991989135742,0.02500009536743164,1.8738697034339489,0.013093857938589897,-3.734645548929308,3.7608332648064877,-2.860775845495359,-5.113036438627461
0.10400009155273438,0.03900003433227539,0.02700018882751465,0.023000001907348633,0.014999866485595703,4.82226087536875,2.940621000176759e-7,-9.644521456675399,9.6445220447996,-5.82226058130665,-2.17773883056915
0.0840001106262207,0.017000198364257812,0.020999908447265625,0.026000022888183594,0.019999980926513672,0.769203603885781,4.235695893756704e-6,-1.5384029720756682,1.5384114434674558,-1.7691993681898872,-6.230792160418325
0.10300016403198242,0.032000064849853516,0.023000001907348633,0.023999929428100586,0.024000167846679688,1.5478634665825015,0.00012345339800782715,-3.095603479766995,3.095850386563011,-2.5477400131844936,-5.452013080019491
0.11500000953674316,0.03299999237060547,0.023000001907348633,0.029000043869018555,0.029999971389770508,4.064307938746117,0.0055882182201568015,-8.123027659272077,8.13420409571239,-5.05871972052596,-2.9301038430337263
0.13700008392333984,0.023000001907348633,0.04200005531311035,0.054000139236450195,0.017999887466430664,4.0217232163105505,0.13392058777131582,-7.909525844849785,8.177367020392417,-4.887802628539235,-2.8443561959181336
0.10400009155273438,0.0280001163482666,0.03299999237060547,0.029000043869018555,0.01399993896484375,3.3979097096736472,0.0020758039073598793,-6.793743615439935,6.797895223254654,-4.395833905766287,-3.600014486418993
0.0989999771118164,0.01900005340576172,0.032000064849853516,0.023999929428100586,0.023999929428100586,2.5528033787112925,0.08904249602098,-5.016564261401605,5.194649253443565,-3.4637608826903126,-4.358154125267728
0.09099984169006348,0.019999980926513672,0.023999929428100586,0.019999980926513672,0.026999950408935547,4.786803182535869,2.940621000176759e-7,-9.573606071009637,9.573606659133839,-5.786802888473769,-2.213196523402031
0.08599996566772461,0.020999908447265625,0.020999908447265625,0.018000125885009766,0.026000022888183594,3.4447359285576935,0.0020758039073598793,-6.887396053208027,6.891547661022747,-4.442660124650334,-3.5531882675349467
0.10700011253356934,0.023000001907348633,0.026999950408935547,0.018000125885009766,0.03900003433227539,3.5522331465241774,0.0010300393785461041,-7.103436253669809,7.105496332426901,-4.551203107145631,-3.4467368140972763
0.10199999809265137,0.02499985694885254,0.02200007438659668,0.018000125885009766,0.03699994087219238,1.2665253491070907,0.2097171213950128,-2.3233335768191687,2.742767819609194,-2.056808227712078,-5.523757529497896
0.10700011253356934,0.026999950408935547,0.024000167846679688,0.023999929428100586,0.032000064849853516,0.621070610815472,1.2220864083071006e-9,-1.2421412204088575,1.2421412228530304,-1.6210706095933856,-6.378929387962442
0.10400009155273438,0.02500009536743164,0.019999980926513672,0.03600001335144043,0.023000001907348633,0.31359764005560264,0.13921949921169105,-0.4879757808995142,0.7664147793228964,-1.1743781408439116,-6.547182860732706
0.09400010108947754,0.019999980926513672,0.01900005340576172,0.02499985694885254,0.03000020980834961,1.333135712075117,0.0005628741051586159,-2.6657085500450757,2.6668342982553925,-2.332572837969958,-5.666301413819724
0.12199997901916504,0.026999950408935547,0.04399991035461426,0.02700018882751465,0.023999929428100586,4.842794313586375,0.17210549038739748,-9.513483136785354,9.857694117560147,-5.670688823198978,-1.9851001960262273
0.10400009155273438,0.02200007438659668,0.012000083923339844,0.03099989891052246,0.03900003433227539,2.5767402660739442,0.08752236239368741,-5.065958169754201,5.241002894541576,-3.489217903680257,-4.335737371532368
0.09799981117248535,0.01699995994567871,0.023000001907348633,0.026999950408935547,0.03099989891052246,2.561534125084786,0.15056905534061032,-4.972499194828962,5.273637305510182,-3.410965069744176,-4.287896819574604
0.10599994659423828,0.018000125885009766,0.028999805450439453,0.029000043869018555,0.029999971389770508,0.9829818061530795,0.09140138789955303,-1.874562224406606,2.0573650002057122,-1.8915804182535265,-5.925616805947367
0.09599995613098145,0.014999866485595703,0.013000011444091797,0.031000137329101562,0.03699994087219238,1.2665253491070907,0.01973663760007975,-2.5133140606141016,2.552787335814261,-2.246788711507011,-5.713738013292829
0.1119999885559082,0.03299999237060547,0.021000146865844727,0.0279998779296875,0.029999971389770508,6.451174511512558e-5,0.00012345339800782715,-5.570092222424022e-6,0.0002524768882380783,-0.9999410583471073,-6.999812034856877
0.10299992561340332,0.01699995994567871,0.0279998779296875,0.04200005531311035,0.016000032424926758,1.2665253491070907,0.0434625527825591,-2.489588145431622,2.5765132509967406,-2.2230627963245313,-5.69001209811035
0.1100001335144043,0.0280001163482666,0.03299999237060547,0.026000022888183594,0.023000001907348633,0.6868045074733217,1.2220864083071006e-9,-1.373609013724557,1.3736090161687298,-1.6868045062512351,-6.313195491304592
0.09999990463256836,0.02200007438659668,0.03699994087219238,0.02500009536743164,0.015999794006347656,3.095664330885591,0.15056905534061032,-6.040759606430572,6.3418977171117925,-3.945095275544981,-3.7537666137737986
0.11500000953674316,0.01900005340576172,0.028999805450439453,0.04700016975402832,0.019999980926513672,3.254980389836143,0.15056905534061032,-6.359391724331676,6.6605298350128965,-4.104411334495532,-3.5944505548232466
0.09500002861022949,0.014000177383422852,0.020999908447265625,0.037999868392944336,0.02200007438659668,0.11521166811971606,6.299716609485181e-5,-0.23036033907333728,0.23048633340552696,-1.1151486709536211,-6.884725334714189
0.10300016403198242,0.021000146865844727,0.01699995994567871,0.03900003433227539,0.026000022888183594,4.630734530810162,4.4442440477148034e-6,-9.261464617376276,9.261473505864373,-5.630730086566115,-2.36926102494579
0.10100007057189941,0.020999908447265625,0.02200007438659668,0.029999971389770508,0.0280001163482666,5.358334368210649e-6,0.00012345339800782715,0.00011273672927140585,0.00013417006674424845,-0.9998819049363604,-6.999871188267624
0.11500000953674316,0.023999929428100586,0.02200007438659668,0.03099989891052246,0.03800010681152344,4.065395620490582,0.00011066565079868515,-8.130680575330366,8.130901906631962,-5.065284954839783,-2.934493713858619
0.09999990463256836,0.01399993896484375,0.029999971389770508,0.03099989891052246,0.02500009536743164,0.061013206307990786,0.3097269648466336,0.18770055223065202,0.43175337746261516,-0.7512862414613573,-6.629259828845376
0.0970001220703125,0.016000032424926758,0.019999980926513672,0.03600001335144043,0.023999929428100586,4.9999999927403245,0.0038744919793310406,-9.996125493501317,10.00387447745998,-5.996125500760994,-1.9961255152803448
0.11600017547607422,0.029000043869018555,0.031000137329101562,0.03699994087219238,0.01900005340576172,3.254980389836143,0.04706062336063896,-6.4629001563116475,6.557021403032925,-4.207919766475504,-3.697958986803218
0.09599995613098145,0.013000011444091797,0.023000001907348633,0.0279998779296875,0.032000064849853516,4.9165522433513384,4.4442440477148034e-6,-9.833100042458629,9.833108930946725,-5.916547799107291,-2.083443312404614
0.0970001220703125,0.018000125885009766,0.02200007438659668,0.02499985694885254,0.032000064849853516,4.064307938746117,0.0020910195955308603,-8.126524857896703,8.130706897087764,-5.062216919150586,-2.9336010416583527
0.11900019645690918,0.02200007438659668,0.04200005531311035,0.03399991989135742,0.021000146865844727,4.754079814029574,0.23319133700856343,-9.274968291050586,9.741350965067712,-5.5208884770210105,-2.0127288489618618
0.08999991416931152,0.01699995994567871,0.013000011444091797,0.026999950408935547,0.03299999237060547,2.263003332062388,0.0058234541909009535,-4.520183209933875,4.5318301183156775,-3.2571798778714873,-4.731173213746711
0.0989999771118164,0.019999980926513672,0.019999980926513672,0.029000043869018555,0.029999971389770508,4.630734530810162,0.24138657995930796,-9.020082481661017,9.502855641579632,-5.389347950850855,-2.12787888923053
0.0989999771118164,0.026000022888183594,0.012000083923339844,0.026999950408935547,0.03399991989135742,4.207168572459377,0.3028558693012889,-8.111481275617464,8.717193014220044,-4.904312703158088,-2.489975558239334
0.10199999809265137,0.02500009536743164,0.019999980926513672,0.026000022888183594,0.03099989891052246,3.072908664448166,0.07596850768500615,-6.069848821211325,6.221785836581338,-3.9969401567631597,-3.851122827866828
0.125,0.05200004577636719,0.023999929428100586,0.02200007438659668,0.026999950408935547,2.5528033787112925,0.08904249602098,-5.016564261401605,5.194649253443565,-3.4637608826903126,-4.358154125267728
0.0840001106262207,0.01399993896484375,0.013000011444091797,0.026000022888183594,0.031000137329101562,3.2082656343916707,0.0021257583008420233,-6.414405510482499,6.418657027084183,-4.206139876090829,-3.7896086073074873
0.10199999809265137,0.02200007438659668,0.014999866485595703,0.02700018882751465,0.037999868392944336,4.670258504505916,0.16479890787333334,-9.175718101138498,9.505315916885165,-5.5054595966325826,-2.164942587620751
0.11999988555908203,0.023000001907348633,0.04699993133544922,0.03099989891052246,0.01900005340576172,3.8982956033217775e-6,0.00012345339800782715,0.00011565680680118359,0.0001312499892144707,-0.9998804448975955,-6.999872648306389
0.1119999885559082,0.02200007438659668,0.023999929428100586,0.03299999237060547,0.03299999237060547,1.3217980214768899,0.189262041325834,-2.4543340016279456,2.832858084279614,-2.132535980151056,-5.4889399371972765
0.06400012969970703,0.016000032424926758,0.01399993896484375,0.013000011444091797,0.021000146865844727,0.6360699858805743,0.0005693180446665345,-1.271570653716482,1.2727092898058152,-1.6355006678359079,-6.363360696074759
0.11100006103515625,0.029999971389770508,0.032000064849853516,0.01900005340576172,0.029999971389770508,1.6912817034185408,4.644771697785526e-6,-3.3825587620653836,3.3825680516087795,-2.6912770586468433,-5.308713651809762
0.09500002861022949,0.026000022888183594,0.02499985694885254,0.014000177383422852,0.029999971389770508,3.040574415890353,0.04264544023326708,-6.038503391547439,6.123794272013973,-3.997928975657086,-3.91678014387638
0.09000015258789062,0.026000022888183594,0.026000022888183594,0.014000177383422852,0.023999929428100586,4.096642184128587,0.0199339951100959,-8.173350373147079,8.21321836336727,-5.0767081890184915,-2.883423820761317
0.09599995613098145,0.029000043869018555,0.020999908447265625,0.024000167846679688,0.021999835968017578,4.999999991474685,1.3156054939498976e-7,-9.999999851388822,10.00000011450992,-5.999999859914136,-1.9999998769647656
0.11899995803833008,0.03500008583068848,0.029999971389770508,0.023000001907348633,0.03099989891052246,2.0183743646289165,0.08936432971020233,-3.9473843995476305,4.126113058968035,-2.929010034918714,-4.892261305660881
0.1100001335144043,0.03600001335144043,0.019999980926513672,0.032000064849853516,0.02200007438659668,3.346693891639762,0.15416037830753568,-6.539227404971989,6.84754816158706,-4.192533513332227,-3.4991457300527022
0.09400010108947754,0.026000022888183594,0.01699995994567871,0.01399993896484375,0.037000179290771484,3.254980389836143,0.04706062336063896,-6.4629001563116475,6.557021403032925,-4.207919766475504,-3.697958986803218
0.0840001106262207,0.026000022888183594,0.02500009536743164,0.013000011444091797,0.019999980926513672,2.2142138351737946,5.371613243957893e-5,-4.428373954215149,4.428481386480029,-3.214160119041355,-4.785732448693766
0.14600014686584473,0.03500008583068848,0.03699994087219238,0.04699993133544922,0.02700018882751465,1.333135712075117,0.08319215022827761,-2.5830792739219564,2.749463574378512,-2.2499435618468393,-5.583672137696605
0.10500001907348633,0.018000125885009766,0.02499985694885254,0.0280001163482666,0.03399991989135742,4.999999991474685,0.21549101113220842,-9.784508971817163,10.215490994081579,-5.784508980342477,-1.7845089973931065
0.0820000171661377,0.014999866485595703,0.023000001907348633,0.017000198364257812,0.026999950408935547,4.084210618530922,0.0020910195955308603,-8.166330217466314,8.170512256657375,-5.082119598935392,-2.9136983618735472
0.10800004005432129,0.020000219345092773,0.01699995994567871,0.03600001335144043,0.034999847412109375,3.3937172029485043,0.15416037830753568,-6.633274027589473,6.941594784204544,-4.239556824640969,-3.45212241874396
0.10199999809265137,0.017999887466430664,0.023999929428100586,0.029000043869018555,0.031000137329101562,3.8982956033217775e-6,0.00010636676939283427,9.857017818619071e-5,0.00011416336059947782,-0.9998975315262105,-6.999889734935004
0.11699986457824707,0.020999908447265625,0.04400014877319336,0.03299999237060547,0.018999814987182617,3.365688938178913,0.15416037830753568,-6.57721749805029,6.885538254665361,-4.211528559871377,-3.4801506835135516
0.10899996757507324,0.021999835968017578,0.026000022888183594,0.037000179290771484,0.023999929428100586,4.6975284101505865,4.4442440477148034e-6,-9.395052376057125,9.395061264545221,-5.697523965906539,-2.302467145605366
0.07799983024597168,0.015999794006347656,0.014000177383422852,0.015999794006347656,0.032000064849853516,4.996004127431382,4.4442440477148034e-6,-9.992003810618716,9.992012699106812,-5.995999683187335,-2.0039914283245706
0.09799981117248535,0.03299999237060547,0.019999980926513672,0.020999908447265625,0.023999929428100586,4.62455921894711,0.008749128134042546,-9.240369309760178,9.257867566028262,-5.615810090813067,-2.3666916529188473
0.10500001907348633,0.018999814987182617,0.03000020980834961,0.018999814987182617,0.037000179290771484,1.001628220838457,6.591853492091473e-10,-2.003256441017729,2.0032564423360992,-2.0016282201792714,-5.998371778502357
0.13300013542175293,0.05200004577636719,0.026999950408935547,0.026000022888183594,0.0280001163482666,0.36080805083968515,1.2220864083071006e-9,-0.7216161004572839,0.7216161029014567,-1.3608080496175987,-6.639191947938229
0.09999990463256836,0.018000125885009766,0.020999908447265625,0.029999971389770508,0.03099989891052246,4.064307938746117,0.2278455294598543,-7.900770348032379,8.356461406952088,-4.836462409286263,-2.7078465317940292
0.11100006103515625,0.021000146865844727,0.03099989891052246,0.03800010681152344,0.020999908447265625,3.8982956033217775e-6,7.849166040977892e-5,7.069506920313537e-5,8.628825161642248e-5,-0.9999254066351936,-6.999917610043987
0.10400009155273438,0.021000146865844727,0.0409998893737793,0.026000022888183594,0.016000032424926758,3.346693891639762,0.2684751205911686,-6.424912662688356,6.961862903870693,-4.0782187710485935,-3.384830987769069
0.11300015449523926,0.01900005340576172,0.03600001335144043,0.046000003814697266,0.012000083923339844,1.333135712075117,0.07368874800686206,-2.592582676143372,2.739960172157096,-2.259446964068255,-5.593175539918021
0.09200000762939453,0.01900005340576172,0.010999917984008789,0.021000146865844727,0.0409998893737793,1.1846255125155105,0.171144778732346,-2.198106246298675,2.540395803763367,-2.0134807337831644,-5.644229708752143
0.0709998607635498,0.026000022888183594,0.01399993896484375,0.01699995994567871,0.01399993896484375,4.9999999970448155,1.3156054939498976e-7,-9.999999862529082,10.00000012565018,-5.999999865484266,-1.9999998713946354
0.07200002670288086,0.013000011444091797,0.018000125885009766,0.020999908447265625,0.019999980926513672,4.721949711175668,3.407906133859862e-9,-9.44389941894343,9.443899425759243,-5.721949707767762,-2.278050285416426
0.06499981880187988,0.01699995994567871,0.01699995994567871,0.01399993896484375,0.01699995994567871,0.5552213227976175,0.02224377491112682,-1.0881988706841081,1.1326864205063618,-1.5329775478864907,-6.422534902291256
0.12399983406066895,0.01900005340576172,0.034999847412109375,0.03600001335144043,0.03399991989135742,3.4011177036602396,0.24048005959330696,-6.561755347727172,7.042715466913786,-4.160637644066933,-3.3584022367464534
0.13699984550476074,0.03900003433227539,0.028999805450439453,0.026000022888183594,0.042999982833862305,1.333135712075117,0.0732551781940016,-2.5930162459562327,2.7395266023442355,-2.259880533881115,-5.593609109730881
0.10300016403198242,0.031000137329101562,0.023999929428100586,0.023999929428100586,0.024000167846679688,0.8589302544307917,0.005980966769343107,-1.7118795420922404,1.7238414756309266,-1.8529492876614486,-6.135088778799865
0.1100001335144043,0.0280001163482666,0.021999835968017578,0.024000167846679688,0.03600001335144043,0.9522866490898519,6.591853492091473e-10,-1.9045732975205185,1.9045732988388893,-1.9522866484306665,-6.047713350250962
0.11800003051757812,0.02500009536743164,0.029999971389770508,0.029000043869018555,0.03399991989135742,0.6190803720439515,6.591853492091473e-10,-1.2381607434287176,1.2381607447470884,-1.6190803713847661,-6.380919627296863
0.12399983406066895,0.034999847412109375,0.0410001277923584,0.026999950408935547,0.020999908447265625,4.979746862696758,3.407906133859862e-9,-9.95949372198561,9.959493728801423,-5.979746859288852,-2.020253133895336
0.0839998722076416,0.017999887466430664,0.019999980926513672,0.023000001907348633,0.023000001907348633,0.5294972059813511,0.09350650328081073,-0.9654879086818915,1.1525009152435128,-1.4359907027005403,-6.376996290737838
0.07799983024597168,0.0279998779296875,0.012000083923339844,0.021999835968017578,0.016000032424926758,3.514565475528477,0.004522645342564871,-7.0246083057143895,7.033653596399519,-4.510042830185912,-3.480911879128958
0.08599996566772461,0.0279998779296875,0.019999980926513672,0.018000125885009766,0.019999980926513672,3.346693891639762,0.15416037830753568,-6.539227404971989,6.84754816158706,-4.192533513332227,-3.4991457300527022
0.11800003051757812,0.042999982833862305,0.023999929428100586,0.024000167846679688,0.026999950408935547,0.5552213227976175,0.02224377491112682,-1.0881988706841081,1.1326864205063618,-1.5329775478864907,-6.422534902291256
0.11700010299682617,0.026000022888183594,0.03299999237060547,0.031000137329101562,0.026999950408935547,4.904428703053324,3.407906133859862e-9,-9.808857402698742,9.808857409514555,-5.904428699645418,-2.09557129353877
0.10300016403198242,0.026000022888183594,0.01399993896484375,0.02500009536743164,0.03800010681152344,0.24848608584744836,7.187141964785579e-5,-0.49690030027524884,0.4970440431145446,-1.2484142144278005,-6.751442042732903
0.10599994659423828,0.029000043869018555,0.013000011444091797,0.028999805450439453,0.03500008583068848,1.9152550327338336,0.01855145904998498,-3.811958606417682,3.8490615245176523,-2.8967035736838485,-5.066193508216181
0.12199997901916504,0.031000137329101562,0.03099989891052246,0.039999961853027344,0.019999980926513672,0.9843374285984563,6.591853492091473e-10,-1.9686748565377272,1.968674857856098,-1.984337427939271,-6.015662570742358
0.13199996948242188,0.01900005340576172,0.023999929428100586,0.06599998474121094,0.023000001907348633,4.929874396363619,0.03472764675977962,-9.825021145967458,9.894476439487018,-5.89514674960384,-2.0353979568766016
0.10199999809265137,0.02200007438659668,0.01699995994567871,0.032000064849853516,0.03099989891052246,4.999999998143684,5.7215400024886696e-8,-9.999999939071968,10.000000053502768,-5.999999940928284,-1.9999999446409156
0.11899995803833008,0.026999950408935547,0.039999961853027344,0.026000022888183594,0.026000022888183594,3.514565475528477,0.004522645342564871,-7.0246083057143895,7.033653596399519,-4.510042830185912,-3.480911879128958
0.11500000953674316,0.032000064849853516,0.031999826431274414,0.032000064849853516,0.01900005340576172,4.999999997663456,6.294232962210291e-8,-9.999999932384581,10.000000058269242,-5.999999934721126,-1.9999999393942147
0.10399985313415527,0.023000001907348633,0.021999835968017578,0.01900005340576172,0.039999961853027344,1.128733689410518,0.0002237741865931159,-2.257243604634443,2.257691153007629,-2.128509915223925,-5.871042536402889
0.1380000114440918,0.04200005531311035,0.04200005531311035,0.029999971389770508,0.023999929428100586,3.515664926096912,0.36654003684399356,-6.664789815349831,7.397869889037818,-4.149124889252919,-3.117795037059094
0.1099998950958252,0.023000001907348633,0.02500009536743164,0.03299999237060547,0.0279998779296875,3.3631139778054955,0.0037834095725906153,-6.722444546038401,6.730011365183581,-4.359330568232904,-3.6331026126219137
0.1119999885559082,0.018999814987182617,0.02200007438659668,0.04400014877319336,0.026999950408935547,4.232433447868029,0.14945846890998976,-8.31540842682607,8.614325364646048,-5.082974978958039,-2.6181080832219807
0.10899996757507324,0.02500009536743164,0.01699995994567871,0.037999868392944336,0.029000043869018555,3.520635402306097,0.15416037830753568,-6.887110426304658,7.195431182919729,-4.366475023998561,-3.3252042193863676
0.13100004196166992,0.02499985694885254,0.040000200271606445,0.04399991035461426,0.02200007438659668,3.3406239648621425,0.011669384193468316,-6.6695785455308165,6.692917313917754,-4.328954580668674,-3.647706650944389
0.08599996566772461,0.01699995994567871,0.015000104904174805,0.01699995994567871,0.03699994087219238,0.5552213227976175,0.02224377491112682,-1.0881988706841081,1.1326864205063618,-1.5329775478864907,-6.422534902291256
0.11999988555908203,0.03099989891052246,0.023999929428100586,0.02500009536743164,0.039999961853027344,0.5552213227976175,0.007110843286722721,-1.1033318023085124,1.1175534888819576,-1.5481104795108949,-6.437667833915659
0.07799983024597168,0.023000001907348633,0.014999866485595703,0.02200007438659668,0.017999887466430664,4.064307938746117,9.251643201417525e-5,-8.12852336106022,8.128708393924247,-5.064215422314103,-2.9355995448218692
0.0690000057220459,0.019999980926513672,0.016000032424926758,0.01900005340576172,0.01399993896484375,1.0455370135166087,4.644771697785526e-6,-2.0910693822615194,2.0910786718049152,-2.0455323687449107,-5.954458341711693
0.14599990844726562,0.026000022888183594,0.026999950408935547,0.057000160217285156,0.03599977493286133,1.4107831516137286,0.01855145904998498,-2.803014844177472,2.8401177622774423,-2.392231692563744,-5.570665389336287
0.13299989700317383,0.023000001907348633,0.04399991035461426,0.03400015830993652,0.03099989891052246,1.866070733908235,0.014477923718631963,-3.717663544097838,3.746619391535102,-2.851592810189603,-5.119451342373133
0.10800004005432129,0.03900003433227539,0.019999980926513672,0.02200007438659668,0.026999950408935547,0.03677430351340549,7.849166040977892e-5,-0.0734701153664012,0.07362709868722077,-1.0366958118529956,-6.963147204826185
0.1119999885559082,0.03800010681152344,0.026000022888183594,0.02499985694885254,0.023000001907348633,1.0302797121407228,4.644771697785526e-6,-2.0605547795097476,2.0605640690531435,-2.030275067369025,-5.9697156430875795
0.11500000953674316,0.026000022888183594,0.023999929428100586,0.03900003433227539,0.026000022888183594,3.514565475528477,0.1722682500383601,-6.856862701018594,7.201399201095315,-4.3422972254901175,-3.3131662744331627
0.09000015258789062,0.019999980926513672,0.026000022888183594,0.023000001907348633,0.021000146865844727,1.4767056061196737,1.4224502071486888e-6,-2.9534097897891405,2.9534126346895544,-2.4767041836694665,-5.523292971430119
0.11799979209899902,0.03299999237060547,0.03699994087219238,0.026000022888183594,0.021999835968017578,3.3406239648621425,0.08720607038236217,-6.594041859341923,6.768454000106647,-4.25341789447978,-3.572169964755495
0.07899999618530273,0.017999887466430664,0.015000104904174805,0.01699995994567871,0.029000043869018555,2.5528033787112925,0.1053836120153562,-5.000223145407229,5.210990369437941,-3.447419766695936,-4.341813009273351
0.09100008010864258,0.02500009536743164,0.01699995994567871,0.023000001907348633,0.026000022888183594,3.831266624185259,4.644771697785526e-6,-7.66252860359882,7.662537893142216,-4.831261979413561,-3.168728731043043
0.13400006294250488,0.03099989891052246,0.04500007629394531,0.029000043869018555,0.029000043869018555,1.1270660788044407,0.0029708903909906464,-2.2511612672178907,2.257103047999872,-2.12409518841345,-5.869963030804569
0.11700010299682617,0.02500009536743164,0.03099989891052246,0.032000064849853516,0.029000043869018555,2.5528033787112925,0.08904249602098,-5.016564261401605,5.194649253443565,-3.4637608826903126,-4.358154125267728
0.12199997901916504,0.04500007629394531,0.03699994087219238,0.02200007438659668,0.017999887466430664,1.532459509068218e-6,7.849166040977892e-5,7.542674139164249e-5,8.155657942791536e-5,-0.9999230407990993,-6.999919975880081
0.08800005912780762,0.020000219345092773,0.021999835968017578,0.02200007438659668,0.023999929428100586,4.999999998143684,5.7215400024886696e-8,-9.999999939071968,10.000000053502768,-5.999999940928284,-1.9999999446409156
0.12999987602233887,0.0279998779296875,0.026999950408935547,0.04500007629394531,0.029999971389770508,0.03677430351340549,7.849166040977892e-5,-0.0734701153664012,0.07362709868722077,-1.0366958118529956,-6.963147204826185
0.1100001335144043,0.029000043869018555,0.03299999237060547,0.024000167846679688,0.023999929428100586,4.999999998143684,3.2050433247817443e-8,-9.999999964236935,10.000000028337801,-5.999999966093251,-1.9999999698058826
0.11299991607666016,0.01699995994567871,0.039999961853027344,0.03500008583068848,0.020999908447265625,3.1252995328356903e-6,7.849166040977892e-5,7.224106134410754e-5,8.47422594754503e-5,-0.9999246336391231,-6.9999183830400575
0.08999991416931152,0.023000001907348633,0.026999950408935547,0.017999887466430664,0.02200007438659668,2.4935855543136283,0.013409321407456543,-4.9737617872198,5.000580430034713,-3.480176232906172,-4.493005124278915
0.11399984359741211,0.02499985694885254,0.023000001907348633,0.02500009536743164,0.0409998893737793,0.12404103558660307,0.022010412854532063,-0.22607165831867407,0.2700924840277382,-1.102030622732071,-6.853948551558865
0.13000011444091797,0.03399991989135742,0.03299999237060547,0.03299999237060547,0.03000020980834961,0.0067353226241650965,0.1590302387243138,0.1455595934759836,0.172500883972644,-0.8477050838998513,-6.834234438651521
0.11899995803833008,0.029000043869018555,0.032000064849853516,0.03399991989135742,0.023999929428100586,1.3983946598389285,1.4224502071486888e-6,-2.79678789722765,2.796790742128064,-2.3983932373887216,-5.6016039177108645
0.08899998664855957,0.01699995994567871,0.01900005340576172,0.03099989891052246,0.02200007438659668,1.9152550327338336,0.01855145904998498,-3.811958606417682,3.8490615245176523,-2.8967035736838485,-5.066193508216181
0.10400009155273438,0.03299999237060547,0.015000104904174805,0.023000001907348633,0.03299999237060547,1.532459509068218e-6,7.849166040977892e-5,7.542674139164249e-5,8.155657942791536e-5,-0.9999230407990993,-6.999919975880081
0.1119999885559082,0.032000064849853516,0.01699995994567871,0.039999961853027344,0.023000001907348633,2.620209488131387,0.0004316723785355858,-5.239987303884238,5.24085064864131,-3.619777815752851,-4.379358839490077
0.11100006103515625,0.031999826431274414,0.03000020980834961,0.023999929428100586,0.02500009536743164,0.5552213227976175,0.0018786472043528096,-1.1085639983908822,1.1123212927995878,-1.5533426755932647,-6.44290002999803
0.11800003051757812,0.023000001907348633,0.03600001335144043,0.03099989891052246,0.0280001163482666,0.08330091517267635,0.19976194797800742,0.03316011763265472,0.3663637783233601,-0.883538967194669,-6.7169371368493165
0.11800003051757812,0.03900003433227539,0.026000022888183594,0.032000064849853516,0.020999908447265625,1.4511152586763205,0.11918971743488768,-2.7830407999177535,3.0214202347875285,-2.331925541241433,-5.429695023888792
0.08100008964538574,0.016000032424926758,0.021000146865844727,0.01399993896484375,0.029999971389770508,2.5955610393262294,0.001746395746941909,-5.189375682905517,5.1928684743994005,-3.5938146435792877,-4.402692564926829
0.1400001049041748,0.04500007629394531,0.03500008583068848,0.029999971389770508,0.029999971389770508,0.9672368222959774,0.007110843286722721,-1.9273628013052322,1.9415844878786774,-1.9601259790092547,-6.0256523344173
0.10500001907348633,0.021000146865844727,0.039999961853027344,0.02499985694885254,0.01900005340576172,4.044738052093556,0.013714590945532876,-8.075761513241579,8.103190695132644,-5.031023461148023,-2.9415473569609114
0.10800004005432129,0.01900005340576172,0.03299999237060547,0.029000043869018555,0.026999950408935547,1.9152550327338336,0.0006738270722235293,-3.8298362383954436,3.8311838925398907,-2.91458120566161,-5.084071140193943
0.0989999771118164,0.02499985694885254,0.02700018882751465,0.018999814987182617,0.0280001163482666,1.9152550327338336,0.19109963827584098,-3.639410427191826,4.021609703743508,-2.7241553944579926,-4.893645328990326
0.11599993705749512,0.04200005531311035,0.01699995994567871,0.03299999237060547,0.023999929428100586,1.3983946598389285,1.1669956889432775e-6,-2.796788152682168,2.796790486673546,-2.3983934928432395,-5.6016041731653825
0.10299992561340332,0.01900005340576172,0.021999835968017578,0.039999961853027344,0.02200007438659668,1.578872751707251,0.03138885364209168,-3.12635664977241,3.1891343570565938,-2.5474838980651593,-5.389738394650657
0.10000014305114746,0.02200007438659668,0.0280001163482666,0.023999929428100586,0.026000022888183594,1.9152550327338336,0.0006924892350932623,-3.829817576232574,3.8312025547027604,-2.9145625434987403,-5.084052478031073
0.10000014305114746,0.026999950408935547,0.02700018882751465,0.025999784469604492,0.01900005340576172,4.044738052093556,0.06311916784371055,-8.0263569363434,8.152595272030823,-4.981618884249846,-2.8921427800627333
0.08299994468688965,0.017999887466430664,0.013000011444091797,0.029999971389770508,0.02200007438659668,0.5112334365496305,0.0018786472043528096,-1.0205882258949082,1.0243455203036138,-1.5093547893452777,-6.486887916246017
0.13900017738342285,0.0280001163482666,0.02200007438659668,0.046000003814697266,0.042999982833862305,3.3406239648621425,0.00961854275930886,-6.671629386964976,6.690866472483594,-4.331005422102834,-3.6497574923785487
0.11100006103515625,0.02500009536743164,0.037999868392944336,0.026999950408935547,0.021000146865844727,0.040077331944235794,7.849166040977892e-5,-0.0800761722280618,0.08023315554888137,-1.039998840283826,-6.959844176395355
0.08800005912780762,0.01900005340576172,0.012000083923339844,0.029999971389770508,0.026999950408935547,3.0923251874300326,0.011669384193468316,-6.172980990666597,6.196319759053534,-4.080655803236564,-3.896005428376499
0.08799982070922852,0.015999794006347656,0.024000167846679688,0.019999980926513672,0.0279998779296875,0.15551470611309326,7.849166040977892e-5,-0.3109509205657767,0.3111079038865963,-1.1554362144526835,-6.844406802226497
0.09100008010864258,0.029000043869018555,0.017999887466430664,0.021000146865844727,0.023000001907348633,2.2896822939856634,0.0005289268081855366,-4.578835661163141,4.579893514779513,-3.289153367177478,-4.709788779206152
0.13899993896484375,0.026999950408935547,0.03500008583068848,0.04500007629394531,0.031999826431274414,3.8392496973226056,0.0036696347953589226,-7.674829759849852,7.68216902944057,-4.835580062527247,-3.1570806678820356
0.09800004959106445,0.02500009536743164,0.01399993896484375,0.029000043869018555,0.029999971389770508,3.3406239648621425,0.14110730573037866,-6.540140623993906,6.822355235454664,-4.199516659131763,-3.518268729407479
0.11600017547607422,0.031000137329101562,0.01399993896484375,0.031000137329101562,0.039999961853027344,2.1496621182003803,0.00023991619510555819,-4.2990843202056555,4.299564152595866,-3.1494222020052747,-4.850097965604514
0.0969998836517334,0.016000032424926758,0.02499985694885254,0.03400015830993652,0.021999835968017578,4.999999998143684,0.0006844697181028442,-9.999315526569266,10.00068446600547,-5.999315528425581,-1.9993155321382128
0.11399984359741211,0.026000022888183594,0.03600001335144043,0.029999971389770508,0.021999835968017578,2.3559956985204717,7.545454847723474e-6,-4.711983851586096,4.711998942495791,-3.355988153065624,-4.643996756024681
0.12400007247924805,0.03099989891052246,0.03300023078918457,0.03599977493286133,0.024000167846679688,3.9520153023668083,0.013714590945532876,-7.890316013788084,7.917745195679149,-4.938300711421276,-3.034270106687659
0.08700013160705566,0.01699995994567871,0.01699995994567871,0.023000001907348633,0.03000020980834961,2.0285614676537085,0.0006738270722235293,-4.056449108235193,4.057796762379641,-3.027887640581485,-4.9707647052740676
0.10100007057189941,0.0279998779296875,0.021000146865844727,0.026000022888183594,0.026000022888183594,4.999999999657239,0.03698122439076347,-9.963018774923714,10.03698122370524,-5.963018775266475,-1.9630187759519977
0.10800004005432129,0.032000064849853516,0.02499985694885254,0.023999929428100586,0.02700018882751465,0.9672368222959774,8.176276536126697e-5,-1.9343918818265935,1.9345554073573161,-1.967155059530616,-6.032681414938661
0.13499999046325684,0.020999908447265625,0.0559999942779541,0.029999971389770508,0.0280001163482666,4.731772886065214,3.5129783405916166e-10,-9.463545771779131,9.463545772481726,-5.731772885713917,-2.268227113583488
0.10400009155273438,0.037999868392944336,0.02500009536743164,0.023999929428100586,0.017000198364257812,3.3406239648621425,0.002532590346134747,-6.67871533937815,6.68378052007042,-4.338091374516008,-3.656843444791723
0.0969998836517334,0.019999980926513672,0.026000022888183594,0.02499985694885254,0.026000022888183594,4.314761257079392,0.001266083406490991,-8.628256430752293,8.630788597565276,-5.3134951736729015,-2.683972659514117
0.10899996757507324,0.023999929428100586,0.02200007438659668,0.03600001335144043,0.026999950408935547,4.597600290209009,3.407906133859862e-9,-9.19520057701011,9.195200583825924,-5.597600286801103,-2.4023997063830853
0.14599990844726562,0.03099989891052246,0.037000179290771484,0.05099987983703613,0.026999950408935547,1.035442533671328,0.14044405113120614,-1.9304410162114498,2.211329118473862,-1.8949984825401218,-5.824113415197466
0.09999990463256836,0.026999950408935547,0.0279998779296875,0.02200007438659668,0.023000001907348633,4.825768405804831,0.0013406156065899804,-9.65019619600307,9.652877427216252,-5.824427790198241,-2.1728909785885797
0.11600017547607422,0.040000200271606445,0.0279998779296875,0.02200007438659668,0.026000022888183594,4.044738052093556,0.025796066556776246,-8.063680037630336,8.115272170743888,-5.018941985536779,-2.9294658813496675
0.09500002861022949,0.01900005340576172,0.016000032424926758,0.0279998779296875,0.032000064849853516,0.014561169183403111,0.06213363146615974,0.033011293099353516,0.09125596983296597,-0.9524275377172434,-6.9233051993504375
0.12399983406066895,0.026999950408935547,0.0279998779296875,0.029999971389770508,0.03900003433227539,3.6475972755982866,5.7707196873417466e-5,-7.2951368439997,7.295252258393447,-4.647539568401413,-3.35234501720484
0.1119999885559082,0.032000064849853516,0.029000043869018555,0.021999835968017578,0.029000043869018555,1.9152550327338336,0.0004206043090512288,-3.830089461158616,3.8309306697767185,-2.9148344284247822,-5.0843243629571155
0.09300017356872559,0.023000001907348633,0.02200007438659668,0.020999908447265625,0.02700018882751465,4.941341919325761,0.08164799103061443,-9.801035847620907,9.964331829682136,-5.859693928295147,-1.977010089643625
0.10199999809265137,0.029000043869018555,0.023999929428100586,0.019999980926513672,0.029000043869018555,4.8036185868385965,3.2050433247817443e-8,-9.60723714162676,9.607237205727627,-5.803618554788163,-2.19638138111097
0.14299988746643066,0.0409998893737793,0.02500009536743164,0.031999826431274414,0.04500007629394531,4.003100546423357,0.0042645293022404475,-8.001936563544474,8.010465622148955,-4.998836017121117,-2.9926349242744026
0.1099998950958252,0.03600001335144043,0.026999950408935547,0.029999971389770508,0.01699995994567871,2.57346859352667,0.0006738270722235293,-5.146263359981116,5.147611014125564,-3.5727947664544466,-4.425857579401106
0.11500000953674316,0.023000001907348633,0.023999929428100586,0.0280001163482666,0.039999961853027344,1.8988540145948316,0.0001551669791789445,-3.7975528622104844,3.797863196168842,-2.8986988476156528,-5.10099081842599
0.10400009155273438,0.026999950408935547,0.021000146865844727,0.026999950408935547,0.029000043869018555,3.7053024085025705,5.7913017842817704e-5,-7.410546903987298,7.410662730022984,-4.7052444954847275,-3.294639678479587
0.11500000953674316,0.024000167846679688,0.026000022888183594,0.029000043869018555,0.03599977493286133,0.3747503843664044,6.540240783516361e-5,-0.7494353663249737,0.7495661711406439,-1.3746849819585694,-6.625184213225761
0.12399983406066895,0.03299999237060547,0.03099989891052246,0.039999961853027344,0.019999980926513672,2.620209488131387,0.0292768123448649,-5.211142163917909,5.269695788607638,-3.590932675786522,-4.350513699523749
0.08500003814697266,0.01900005340576172,0.012999773025512695,0.02500009536743164,0.0280001163482666,1.532459509068218e-6,7.849166040977892e-5,7.542674139164249e-5,8.155657942791536e-5,-0.9999230407990993,-6.999919975880081
0.10100007057189941,0.026000022888183594,0.023000001907348633,0.023000001907348633,0.029000043869018555,0.23519177678915237,5.092531302336678e-6,-0.4703784610470024,0.47038864610960707,-1.23518668425785,-6.764803130679545
0.09999990463256836,0.026999950408935547,0.023000001907348633,0.020999908447265625,0.029000043869018555,3.9094016535549585,0.010963098220834997,-7.807840208889082,7.829766405330752,-4.898438555334124,-3.0796352482242066
0.1099998950958252,0.03399991989135742,0.019999980926513672,0.026000022888183594,0.029999971389770508,4.044738052093556,0.09344679861844843,-7.996029305568663,8.18292290280556,-4.951291253475107,-2.8618151492879953
0.13200020790100098,0.03400015830993652,0.053999900817871094,0.02200007438659668,0.02200007438659668,2.449919669049442,0.0006738270722235293,-4.89916551102666,4.900513165171108,-3.4492458419772185,-4.549406503878334
0.10899996757507324,0.03699994087219238,0.03400015830993652,0.019999980926513672,0.017999887466430664,4.999999998143684,2.8938167136323932e-8,-9.9999999673492,10.000000025225535,-5.999999969205517,-1.9999999729181486
0.09200000762939453,0.024000167846679688,0.01699995994567871,0.019999980926513672,0.03099989891052246,4.8036185868385965,0.28359702636836875,-9.323640147308824,9.890834200045562,-5.520021560470227,-1.9127843867930343
0.10400009155273438,0.02500009536743164,0.026000022888183594,0.031999826431274414,0.021000146865844727,4.044738052093556,0.0209948826327784,-8.068481221554332,8.110470986819891,-5.0237431694607775,-2.9342670652736658
0.10599994659423828,0.023000001907348633,0.02500009536743164,0.03299999237060547,0.02499985694885254,1.3983946598389285,1.3034514902639471e-5,-2.7967762851629545,2.7968023541927596,-2.398381625324026,-5.601592305646169
0.15699982643127441,0.023999929428100586,0.03099989891052246,0.0280001163482666,0.07399988174438477,1.9152550327338336,0.0004164461178825234,-3.8300936193497845,3.8309265115855498,-2.914838586615951,-5.084328521148284
0.08099985122680664,0.019999980926513672,0.013000011444091797,0.021999835968017578,0.026000022888183594,3.1193744619776647,0.0011679518256417915,-6.237580972129687,6.239916875780971,-4.118206510152023,-3.8794575861966933
0.09800004959106445,0.0280001163482666,0.01699995994567871,0.026999950408935547,0.026000022888183594,0.2900444293444402,0.05639992172924839,-0.523688936959632,0.6364887804181287,-1.2336445076151918,-6.653555648926312
0.13499999046325684,0.029999971389770508,0.023999929428100586,0.03099989891052246,0.05000019073486328,9.419064298521462e-7,0.15971930875273624,0.15971742493987653,0.15972119256559594,-0.8402816331536936,-6.840279749340834
0.12600016593933105,0.04400014877319336,0.029999971389770508,0.03099989891052246,0.021000146865844727,0.0009639954270871387,0.27674927657858805,0.2748212857244138,0.27867726743276233,-0.7242147188484991,-6.722286727994325
0.10100007057189941,0.023000001907348633,0.01900005340576172,0.034999847412109375,0.024000167846679688,1.532459509068218e-6,7.849166040977892e-5,7.542674139164249e-5,8.155657942791536e-5,-0.9999230407990993,-6.999919975880081
0.0970001220703125,0.02200007438659668,0.016000032424926758,0.023999929428100586,0.03500008583068848,4.8684160869021555,1.8405880759949332e-8,-9.73683215539843,9.736832192210192,-5.868416068496275,-2.131583894691964
0.11999988555908203,0.04200005531311035,0.029999971389770508,0.01900005340576172,0.028999805450439453,4.8621241218635305,3.2050433247817443e-8,-9.724248211676628,9.724248275777494,-5.862124089813097,-2.137875846086036
0.12800002098083496,0.01900005340576172,0.03699994087219238,0.04800009727478027,0.023999929428100586,0.3747503843664044,5.65497335338785e-5,-0.7494442189992749,0.7495573184663427,-1.3746938346328705,-6.625193065900062
0.0839998722076416,0.017999887466430664,0.01699995994567871,0.01900005340576172,0.026999950408935547,0.8737216050780964,7.849166040977892e-5,-1.747364718495783,1.7475217018166025,-1.8736431134176867,-6.126199903261494
0.09500002861022949,0.023000001907348633,0.026999950408935547,0.019999980926513672,0.02500009536743164,4.4880733829355535e-7,7.553816479936512e-5,7.464055012277801e-5,7.643577947595223e-5,-0.999924910642539,-6.999924013027862
0.125,0.03500008583068848,0.026000022888183594,0.03099989891052246,0.03299999237060547,3.9094016535549585,0.0010254125396426915,-7.817777894570274,7.81982871964956,-4.908376241015316,-3.0895729339053988
0.1359999179840088,0.026000022888183594,0.03699994087219238,0.03699994087219238,0.03600001335144043,3.7697862511898075,0.013677273190503141,-7.5258952291891115,7.5532497755701185,-4.756108977999304,-3.2165364756196895
0.08799982070922852,0.029999971389770508,0.01399993896484375,0.023999929428100586,0.019999980926513672,1.3677694533633016,7.849166040977892e-5,-2.735460415066193,2.735617398387013,-2.367690961702892,-5.632152054976289
0.10099983215332031,0.03099989891052246,0.023999929428100586,0.024000167846679688,0.021999835968017578,1.149846288287876,0.015682516254703932,-2.284010060321048,2.3153750928304557,-2.134163772033172,-5.83447119545742
0.09200000762939453,0.023000001907348633,0.023000001907348633,0.020999908447265625,0.02500009536743164,0.8544023807979454,9.829492733023782e-5,-1.7087064666685605,1.708903056523221,-1.854304085870615,-6.1454993242747245
0.11500000953674316,0.0410001277923584,0.023000001907348633,0.026000022888183594,0.02499985694885254,1.9152550327338336,0.00039665326746584034,-3.8301134122002014,3.830906718735133,-2.914858379466368,-5.084348313998701
0.10299992561340332,0.026999950408935547,0.02500009536743164,0.028999805450439453,0.02200007438659668,0.20205522237303297,2.7558314547853485e-5,-0.4040828864315181,0.4041380030606138,-1.202027664058485,-6.797917219312419
0.11700010299682617,0.032000064849853516,0.023000001907348633,0.029999971389770508,0.032000064849853516,1.3983946598389285,0.02955219817450569,-2.7672371215033515,2.8263415178523625,-2.368842461664423,-5.572053141986566
0.0969998836517334,0.018999814987182617,0.029000043869018555,0.024000167846679688,0.02499985694885254,1.3983946598389285,7.915678926151374e-5,-2.7967101628885955,2.7968684764671186,-2.398315503049667,-5.60152618337181
0.1099998950958252,0.023000001907348633,0.03500008583068848,0.03099989891052246,0.020999908447265625,0.8737216050780964,0.020596197818414576,-1.7268470123377782,1.7680394079746073,-1.853125407259682,-6.105682197103489
0.09599995613098145,0.014000177383422852,0.0279998779296875,0.023999929428100586,0.029999971389770508,3.0923251874300326,0.011669384193468316,-6.172980990666597,6.196319759053534,-4.080655803236564,-3.896005428376499
0.10699987411499023,0.017999887466430664,0.026000022888183594,0.03900003433227539,0.023999929428100586,0.6531047407854538,9.829492733023782e-5,-1.3061111866435773,1.3063077764982378,-1.6530064458581235,-6.346796964287216
0.10299992561340332,0.023999929428100586,0.0279998779296875,0.029000043869018555,0.02200007438659668,3.872821352601495,0.682912400149469,-7.062730305053521,8.428555105352459,-4.189908952452026,-2.444266247249036
0.10500001907348633,0.026999950408935547,0.021000146865844727,0.034999847412109375,0.02200007438659668,4.999999998143684,2.8938167136323932e-8,-9.9999999673492,10.000000025225535,-5.999999969205517,-1.9999999729181486
0.11900019645690918,0.018000125885009766,0.014999866485595703,0.04200005531311035,0.04400014877319336,0.8544023807979454,9.829492733023782e-5,-1.7087064666685605,1.708903056523221,-1.854304085870615,-6.1454993242747245
0.11999988555908203,0.02500009536743164,0.0409998893737793,0.026999950408935547,0.026999950408935547,4.8036185868385965,3.112233165224101e-8,-9.607237142554862,9.607237204799524,-5.803618555716265,-2.196381382039072
0.12599992752075195,0.04699993133544922,0.0410001277923584,0.016000032424926758,0.021999835968017578,0.1189423457081421,2.7558314547853485e-5,-0.23785713310173637,0.23791224973083205,-1.1189147873935943,-6.88103009597731
0.08599996566772461,0.018999814987182617,0.021000146865844727,0.026999950408935547,0.01900005340576172,2.9919898376110297,0.011669384193468316,-5.972310291028591,5.995649059415528,-3.980320453417561,-3.996340778195502
0.11300015449523926,0.02500009536743164,0.03600001335144043,0.023999929428100586,0.0280001163482666,0.5865474982534961,0.17712185505994757,-0.9959731414470445,1.3502168515669397,-1.4094256431935483,-6.2363306466865565
0.12199997901916504,0.026000022888183594,0.031000137329101562,0.0279998779296875,0.03699994087219238,4.999999998143684,2.8938167136323932e-8,-9.9999999673492,10.000000025225535,-5.999999969205517,-1.9999999729181486
0.12999987602233887,0.03699994087219238,0.03800010681152344,0.03399991989135742,0.020999908447265625,3.1193744619776647,0.0006309290208662693,-6.238117994934463,6.239379852976196,-4.118743532956799,-3.879994609001469
0.09400010108947754,0.01699995994567871,0.026000022888183594,0.026999950408935547,0.024000167846679688,2.7335617469845372,0.011669384193468316,-5.455454109775606,5.478792878162543,-3.7218923627910687,-4.254768868821994
0.10100007057189941,0.02200007438659668,0.017999887466430664,0.026000022888183594,0.03500008583068848,6.16747489745606e-8,4.342347118728093e-5,4.330012168933181e-5,4.354682068523005e-5,-0.9999566382035617,-6.9999565148540634
0.09200000762939453,0.018999814987182617,0.023000001907348633,0.023000001907348633,0.02700018882751465,0.541405044393942,0.19117073791599834,-0.8916393508718856,1.2739808267038824,-1.3502343064779436,-6.26742421769006
0.11100006103515625,0.0279998779296875,0.03500008583068848,0.02200007438659668,0.026000022888183594,4.358753650539992,0.013714590945532876,-8.70379271013445,8.731221892025516,-5.345039059594459,-2.6275317585144755
0.11500000953674316,0.02500009536743164,0.03899979591369629,0.021000146865844727,0.029999971389770508,3.1193744619776647,0.03575654696592302,-6.202992376989406,6.274505470921253,-4.083617915011741,-3.8448689910564124
0.10400009155273438,0.032000064849853516,0.03299999237060547,0.02500009536743164,0.01399993896484375,4.044738052093556,0.05687582506317926,-8.032600279123933,8.14635192925029,-4.9878622270303765,-2.898386122843265
0.10600018501281738,0.023000001907348633,0.03500008583068848,0.023000001907348633,0.02500009536743164,2.867421524381477,0.12415039207290803,-5.610692656690047,5.858993440835862,-3.743271132308569,-4.008428083545615
0.10599994659423828,0.023000001907348633,0.023000001907348633,0.03699994087219238,0.023000001907348633,2.7335617469845372,0.011669384193468316,-5.455454109775606,5.478792878162543,-3.7218923627910687,-4.254768868821994
0.11500000953674316,0.02700018882751465,0.03299999237060547,0.028999805450439453,0.026000022888183594,4.737941067246915,3.683539413919766e-9,-9.475882130810291,9.475882138177369,-5.737941063563375,-2.2620589290695454
0.12199997901916504,0.031999826431274414,0.04800009727478027,0.023999929428100586,0.018000125885009766,2.7335617469845372,0.010751591782144479,-5.45637190218693,5.477875085751219,-3.7228101552023927,-4.255686661233318
0.10899996757507324,0.023999929428100586,0.03600001335144043,0.031000137329101562,0.017999887466430664,4.999999998444125,0.010639644933619907,-9.989360351954629,10.01063964182187,-5.989360353510505,-1.9893603566222557
0.08299994468688965,0.01699995994567871,0.018000125885009766,0.026999950408935547,0.020999908447265625,0.541405044393942,0.21868261724513213,-0.8641274715427518,1.3014927060330161,-1.3227224271488098,-6.239912338360925
0.09399986267089844,0.029999971389770508,0.021999835968017578,0.017000198364257812,0.02499985694885254,0.0012813110026690389,4.648695604474428e-5,-0.0025161350492933334,0.002609108961382822,-1.0012348240466242,-6.998672202041286
0.125,0.026999950408935547,0.029000043869018555,0.03099989891052246,0.03800010681152344,0.6742818279497385,4.195464896342745e-5,-1.3485217012505135,1.3486056105484403,-1.674239873300775,-6.325676217401298
0.11500000953674316,0.029999971389770508,0.03800010681152344,0.023000001907348633,0.023999929428100586,0.008955161130473788,0.1978871698619675,0.17997684760101992,0.21579749212291507,-0.8110679912685063,-6.793157669007559
0.10500001907348633,0.024000167846679688,0.03299999237060547,0.020999908447265625,0.026999950408935547,2.0054194533994383,2.6834056660869133e-5,-4.010812072742215,4.010865740855538,-3.0053926193427776,-4.994553712543901
0.1100001335144043,0.026999950408935547,0.03900003433227539,0.023000001907348633,0.021000146865844727,0.8962994387327657,0.3480826582429679,-1.4445162192225636,2.1406815357084996,-1.5482167804897977,-5.755617903024266
0.10800004005432129,0.029000043869018555,0.028999805450439453,0.026000022888183594,0.024000167846679688,4.72464067689838,0.12779641404952963,-9.321484939747231,9.577077767846289,-5.59684426284885,-2.1475629090520902
0.11599993705749512,0.019999980926513672,0.031999826431274414,0.03299999237060547,0.031000137329101562,1.9768347869741099,0.00039665326746584034,-3.953272920680754,3.9540662272156855,-2.976438133706644,-5.022768559758425
0.11800003051757812,0.026999950408935547,0.03600001335144043,0.031000137329101562,0.023999929428100586,4.358753650539992,0.0046054604945329515,-8.71290184058545,8.722112761574516,-5.354148190045459,-2.6366408889654753
0.11099982261657715,0.023000001907348633,0.031999826431274414,0.026000022888183594,0.029999971389770508,3.2082955637265473,0.0006309290208662693,-6.415960198432228,6.417222056473961,-4.207664634705681,-3.7910735072525865
0.10199999809265137,0.03099989891052246,0.023999929428100586,0.024000167846679688,0.023000001907348633,0.03078225589369632,4.967786163418553e-5,-0.061514833925758454,0.061614189649026825,-1.0307325780320622,-6.969168066244669
0.13199996948242188,0.04900002479553223,0.032000064849853516,0.029999971389770508,0.020999908447265625,1.919608375163409,6.754226016958192e-5,-3.8391492080666483,3.8392842925869877,-2.9195408329032393,-5.080324082576421
0.09800004959106445,0.021000146865844727,0.02499985694885254,0.02700018882751465,0.02499985694885254,2.6943016439967007,0.09298705074822027,-5.295616237245181,5.481590338741622,-3.6013145932484805,-4.212711305255079
0.10000014305114746,0.0280001163482666,0.017999887466430664,0.024000167846679688,0.029999971389770508,2.7335617469845372,0.13544121994547542,-5.331682274023599,5.60256471391455,-3.598120527039062,-4.1309970330699874
0.1119999885559082,0.026000022888183594,0.037999868392944336,0.023999929428100586,0.024000167846679688,3.223505389214712,0.041845618015902086,-6.405165160413522,6.488856396445326,-4.1816597711988095,-3.7346489927693862
0.12000012397766113,0.032000064849853516,0.026999950408935547,0.03099989891052246,0.03000020980834961,1.9000452072328349,0.0003916689542674709,-3.799698745511402,3.8004820834199373,-2.8996535382785673,-5.099563123812898
0.10899996757507324,0.029999971389770508,0.029000043869018555,0.023999929428100586,0.026000022888183594,0.034367301969741915,0.34457378888377704,0.2758391849442932,0.4133083928232609,-0.6897935130859649,-6.621058909146481
0.07400012016296387,0.01900005340576172,0.02200007438659668,0.01699995994567871,0.016000032424926758,4.358753650539992,0.003345603729575517,-8.714161697350407,8.72085290480956,-5.355408046810417,-2.637900745730433
0.07299995422363281,0.016000032424926758,0.021000146865844727,0.017999887466430664,0.017999887466430664,2.0054194533994383,0.00041414453975876543,-4.010424762259118,4.0112530513386355,-3.0050053088596793,-4.994166402060802
0.08800005912780762,0.017999887466430664,0.019999980926513672,0.014000177383422852,0.03600001335144043,2.210124419513317,1.3804865799441003e-5,-4.420235034160834,4.420262643892434,-3.2101106146475176,-4.789861775620883
0.1700000762939453,0.04399991035461426,0.0280001163482666,0.05099987983703613,0.04700016975402832,4.932979363557215,0.010751591782144479,-9.855207135332286,9.876710318896574,-5.922227771775071,-2.056269044660641
0.11899995803833008,0.023000001907348633,0.0279998779296875,0.03900003433227539,0.029000043869018555,2.8613471284542693,0.37149697414904587,-5.351197282759493,6.094191231057584,-3.4898501543052234,-3.7671558973966848
0.10099983215332031,0.021999835968017578,0.024000167846679688,0.0279998779296875,0.026999950408935547,3.6133358819335326,0.013677273190503141,-7.212994490676562,7.240349037057569,-4.599658608743029,-3.3729868448759643
0.11699986457824707,0.029999971389770508,0.031999826431274414,0.031000137329101562,0.023999929428100586,3.134000266724133,0.0006309290208662693,-6.267369604427399,6.268631462469132,-4.133369337703266,-3.865368804255001
0.11700010299682617,0.017999887466430664,0.03300023078918457,0.042999982833862305,0.023000001907348633,3.6699922384732586,0.003364715826393733,-7.336619761120123,7.343349192772911,-4.6666275226468645,-3.3266430457003477
0.11300015449523926,0.03299999237060547,0.03400015830993652,0.025999784469604492,0.020000219345092773,0.09924091296064919,6.852380901308701e-5,-0.19841330211228528,0.19855034973031147,-1.099172389151636,-6.900690563230338
0.0820000171661377,0.019999980926513672,0.014999866485595703,0.01900005340576172,0.0280001163482666,4.920803816224816,0.12532194872387248,-9.71628568372576,9.966929581173504,-5.795481867500944,-1.9538742350513116
0.10000014305114746,0.02500009536743164,0.01900005340576172,0.023000001907348633,0.03299999237060547,2.017295113537303,0.00932635987514149,-4.025263867199464,4.043916586949748,-3.0079687536621615,-4.973378526587556
0.10800004005432129,0.019999980926513672,0.026000022888183594,0.0280001163482666,0.03399991989135742,4.932979363557215,0.010751591782144479,-9.855207135332286,9.876710318896574,-5.922227771775071,-2.056269044660641
0.11299991607666016,0.023999929428100586,0.019999980926513672,0.039999961853027344,0.029000043869018555,0.3680106089580135,0.05669735889044,-0.679323859025587,0.7927185768064671,-1.3113132500675735,-6.5752920321515465
0.12000012397766113,0.026999950408935547,0.040000200271606445,0.03599977493286133,0.017000198364257812,0.8525897430971924,0.19117073791599834,-1.5140087482783864,1.8963502241103831,-1.6614190051811941,-5.956239518986809
0.10699987411499023,0.03299999237060547,0.023999929428100586,0.026999950408935547,0.023000001907348633,0.5432176820948926,9.829492733023782e-5,-1.086337069262455,1.0865336591171155,-1.5431193871675624,-6.456684022977777
0.09200000762939453,0.026000022888183594,0.01699995994567871,0.019999980926513672,0.029000043869018555,2.4356029115226208,9.715820314975836e-5,-4.871108664842092,4.871302981248391,-3.435505753319471,-4.564299930274229
0.12299990653991699,0.032000064849853516,0.032000064849853516,0.03099989891052246,0.0279998779296875,0.8544023807979454,1.4955556846019634e-5,-1.7087898060390447,1.7088197171527368,-1.8543874252410992,-6.145582663645208
0.11599993705749512,0.03500008583068848,0.029999971389770508,0.026000022888183594,0.02499985694885254,2.4356029115226208,9.444586164315192e-5,-4.871111377183598,4.871300268906885,-3.435508465660978,-4.564302642615736
0.12299990653991699,0.03699994087219238,0.029999971389770508,0.03299999237060547,0.023000001907348633,1.9596172415758883,0.042007783096748394,-3.8772267000550285,3.961242266248525,-2.9176094584791397,-4.998374975327364
0.10400009155273438,0.019999980926513672,0.024000167846679688,0.03099989891052246,0.029000043869018555,1.9949163939287522,0.0003916689542674709,-3.989441118903237,3.990224456811772,-2.9945247249744846,-5.004691937116981
0.13200020790100098,0.02500009536743164,0.03299999237060547,0.04399991035461426,0.03000020980834961,0.40697704238159804,2.4973692831170113e-6,-0.8139515873939129,0.8139565821324792,-1.406974545012315,-6.593020460249119
0.12599992752075195,0.05099987983703613,0.03000020980834961,0.0279998779296875,0.01699995994567871,4.932979363557215,0.010751591782144479,-9.855207135332286,9.876710318896574,-5.922227771775071,-2.056269044660641
0.10699987411499023,0.015999794006347656,0.024000167846679688,0.03399991989135742,0.03299999237060547,4.932979363557215,0.010751591782144479,-9.855207135332286,9.876710318896574,-5.922227771775071,-2.056269044660641
0.0989999771118164,0.01900005340576172,0.02500009536743164,0.02499985694885254,0.029999971389770508,2.5055534506985806,0.029601820790158325,-4.981505080607003,5.040708722187319,-3.475951629908422,-4.464844728511261
0.10800004005432129,0.02200007438659668,0.026000022888183594,0.028999805450439453,0.031000137329101562,3.8253385935272557,0.012923096688920315,-7.637754090365591,7.663600283743432,-4.8124154968383355,-3.161738309783824
0.12199997901916504,0.01900005340576172,0.0279998779296875,0.037000179290771484,0.037999868392944336,4.945806674604862,0.010751591782144479,-9.88086175742758,9.902364940991868,-5.935055082822718,-2.043441733612994
0.1119999885559082,0.021999835968017578,0.021000146865844727,0.02499985694885254,0.04400014877319336,2.592402936405496,0.010751591782144479,-5.174054281028848,5.195557464593136,-3.5816513446233516,-4.396845471812359
0.0989999771118164,0.023999929428100586,0.023000001907348633,0.023000001907348633,0.029000043869018555,1.9407558545817096,1.8045821880225722e-5,-3.881493663341539,3.8815297549852996,-2.9407378087598293,-5.05922609959641
0.11099982261657715,0.026999950408935547,0.03299999237060547,0.023000001907348633,0.0279998779296875,4.640279785826827,0.00040908993991134565,-9.280150481713743,9.280968661593565,-5.639870695886916,-2.359311124233262
0.09399986267089844,0.01900005340576172,0.026999950408935547,0.020999908447265625,0.026999950408935547,0.33042504301052267,2.4973692831170113e-6,-0.6608475886517622,0.6608525833903285,-1.3304225456412395,-6.669572459620194
0.12100005149841309,0.020999908447265625,0.03500008583068848,0.04699993133544922,0.018000125885009766,2.8108753055514772,0.03809938726831831,-5.583651223834636,5.659849998371273,-3.772775918283159,-4.151025307180205
0.1119999885559082,0.026999950408935547,0.019999980926513672,0.03699994087219238,0.0280001163482666,0.7248193457212848,0.04767901628914858,-1.4019596751534211,1.4973177077317181,-1.6771403294321363,-6.227501637989566
0.10300016403198242,0.026000022888183594,0.02500009536743164,0.029999971389770508,0.02200007438659668,0.06639401329385425,1.4955556846019634e-5,-0.13277307103086247,0.13280298214455452,-1.0663790577370083,-6.9335910311493
0.0989999771118164,0.026999950408935547,0.023000001907348633,0.0280001163482666,0.020999908447265625,2.771159675235653,0.010751591782144479,-5.531567758689162,5.55307094225345,-3.7604080834535085,-4.218088732982203
0.1230001449584961,0.03299999237060547,0.03800010681152344,0.029999971389770508,0.02200007438659668,1.9000452072328349,0.0003916689542674709,-3.799698745511402,3.8004820834199373,-2.8996535382785673,-5.099563123812898
0.125,0.056999921798706055,0.0280001163482666,0.021999835968017578,0.018000125885009766,4.999999998143684,2.8938167136323932e-8,-9.9999999673492,10.000000025225535,-5.999999969205517,-1.9999999729181486
0.10300016403198242,0.026000022888183594,0.019999980926513672,0.026000022888183594,0.031000137329101562,0.40697704238159804,2.4973692831170113e-6,-0.8139515873939129,0.8139565821324792,-1.406974545012315,-6.593020460249119
0.10199999809265137,0.029000043869018555,0.02499985694885254,0.02200007438659668,0.026000022888183594,4.438916263276066,0.045431861588865835,-8.832400664963265,8.923264388140998,-5.3934844016872,-2.5156518751350685
0.10700011253356934,0.02500009536743164,0.03099989891052246,0.02500009536743164,0.026000022888183594,6.16747489745606e-8,4.342347118728093e-5,4.330012168933181e-5,4.354682068523005e-5,-0.9999566382035617,-6.9999565148540634
0.12399983406066895,0.039999961853027344,0.019999980926513672,0.03699994087219238,0.026999950408935547,7.544046831675644e-9,4.342347118728093e-5,4.340838309361758e-5,4.343855928094428e-5,-0.9999565840728596,-6.999956568984766
0.08299994468688965,0.017999887466430664,0.01900005340576172,0.016000032424926758,0.029999971389770508,4.425233300420926,0.0016337568646563085,-8.848832843977195,8.852100357706508,-5.42359954355627,-2.573132942714418
0.12000012397766113,0.029999971389770508,0.03399991989135742,0.02500009536743164,0.031000137329101562,4.358753650539992,0.003345603729575517,-8.714161697350407,8.72085290480956,-5.355408046810417,-2.637900745730433
0.127000093460083,0.0280001163482666,0.03899979591369629,0.023000001907348633,0.037000179290771484,1.9000452072328349,0.0003916689542674709,-3.799698745511402,3.8004820834199373,-2.8996535382785673,-5.099563123812898
0.13499999046325684,0.0410001277923584,0.029999971389770508,0.03399991989135742,0.029999971389770508,3.751702620522675,0.003364715826393733,-7.500040525218956,7.506769956871744,-4.748337904696282,-3.2449326636509315
0.09300017356872559,0.02200007438659668,0.02200007438659668,0.02499985694885254,0.024000167846679688,2.9639527145308975,0.04569830877852134,-5.882207120283273,5.973603737840317,-3.9182544057523763,-3.9903489766905813
0.12100005149841309,0.029999971389770508,0.026999950408935547,0.031000137329101562,0.03299999237060547,3.8788484044838887,0.010103232814895318,-7.747593576152882,7.767800041782673,-4.868745171668993,-3.111048362701216
0.11400008201599121,0.02200007438659668,0.026000022888183594,0.03900003433227539,0.026999950408935547,4.358753650539992,0.018402667983928676,-8.699104633096054,8.735909969063913,-5.340350982556063,-2.6228436814760796
0.11599993705749512,0.02200007438659668,0.015999794006347656,0.03300023078918457,0.04499983787536621,2.7335617469845372,0.010751591782144479,-5.45637190218693,5.477875085751219,-3.7228101552023927,-4.255686661233318
0.11599993705749512,0.0409998893737793,0.024000167846679688,0.03299999237060547,0.017999887466430664,2.2500533993701755,4.013005027493882e-5,-4.500066668690076,4.500146928790626,-3.2500132693199006,-4.74990647057955
0.11700010299682617,0.024000167846679688,0.03099989891052246,0.031000137329101562,0.03099989891052246,4.999999999528182,2.8938167136323932e-8,-9.999999970118196,10.000000027994531,-5.999999970590014,-1.9999999715336507
0.09599995613098145,0.01699995994567871,0.015000104904174805,0.026000022888183594,0.037999868392944336,4.999999998143684,2.8938167136323932e-8,-9.9999999673492,10.000000025225535,-5.999999969205517,-1.9999999729181486
0.11599993705749512,0.029999971389770508,0.023000001907348633,0.026999950408935547,0.03600001335144043,2.3420205140692083,0.0003916689542674709,-4.683649359184149,4.684432697092684,-3.3416288451149407,-4.657587816976524
0.11500000953674316,0.029999971389770508,0.020999908447265625,0.03800010681152344,0.026000022888183594,7.544046831675644e-9,0.1605805727952039,0.16058055770711024,0.16058058788329757,-0.839419434748843,-6.839419419660749
0.10699987411499023,0.02499985694885254,0.026000022888183594,0.029999971389770508,0.026000022888183594,2.743211943965876,0.010751591782144479,-5.475672296149608,5.4971754797138965,-3.7324603521837316,-4.246036464251979
0.10599994659423828,0.023000001907348633,0.026999950408935547,0.023999929428100586,0.032000064849853516,6.16747489745606e-8,7.178840536175429e-6,7.055491038226308e-6,7.3021900341245505e-6,-0.9999928828342128,-6.999992759484715
0.10599994659423828,0.034999847412109375,0.023999929428100586,0.02700018882751465,0.019999980926513672,1.7845911020405323,1.7134885479914465e-5,-3.5691650691955847,3.5691993389665444,-2.7845739671550525,-5.215391763073988
0.11100006103515625,0.026999950408935547,0.01900005340576172,0.03399991989135742,0.031000137329101562,3.894522054729122,0.0016337568646563085,-7.787410352593588,7.7906778663229,-4.892888297864466,-3.103844188406222
0.12800002098083496,0.034999847412109375,0.026000022888183594,0.03500008583068848,0.032000064849853516,1.791517415576191,0.00016646907363408503,-3.582868362078748,3.5832013002260164,-2.7913509465025568,-5.208316115350175
0.10299992561340332,0.0280001163482666,0.01699995994567871,0.026000022888183594,0.031999826431274414,2.3350942005335495,6.6760123734622555e-6,-4.670181725054726,4.670195077079472,-3.335087524521176,-4.664899123454077
0.12999987602233887,0.042999982833862305,0.023999929428100586,0.03299999237060547,0.029999971389770508,4.992973119717777,1.4955556846019634e-5,-9.985931283878708,9.9859611949924,-5.992958164160931,-2.0070119247253766
0.11700010299682617,0.03299999237060547,0.026000022888183594,0.03600001335144043,0.02200007438659668,0.7412991842319564,2.8938167136323932e-8,-1.4825983395257456,1.48259839740208,-1.7412991552937893,-6.258700786829877
0.12899994850158691,0.021000146865844727,0.026999950408935547,0.037999868392944336,0.042999982833862305,3.894522054729122,0.003372879667803276,-7.785671229790441,7.792416989126047,-4.891149175061319,-3.102105065603075
0.10899996757507324,0.016000032424926758,0.023000001907348633,0.03299999237060547,0.03699994087219238,3.6699922384732586,0.0016255930247931574,-7.338358883921724,7.341610069971311,-4.668366645448465,-3.3283821685019483
0.10199999809265137,0.01699995994567871,0.02499985694885254,0.031000137329101562,0.029000043869018555,3.061563123280534,0.0016337568646563085,-6.121492489696411,6.124760003425724,-4.0599293664158775,-3.93680311985481
0.11100006103515625,0.017999887466430664,0.0280001163482666,0.03299999237060547,0.032000064849853516,3.2182495248773697,0.07563736825128688,-6.360861681503453,6.512136418006026,-4.1426121566260825,-3.7061131068713435
0.10599994659423828,0.014999866485595703,0.01900005340576172,0.021000146865844727,0.04999995231628418,2.9639527145308975,0.024725750409157823,-5.903179678652637,5.952631179470953,-3.9392269641217394,-4.0113215350599445
0.13300013542175293,0.03500008583068848,0.03399991989135742,0.04500007629394531,0.01900005340576172,0.05931139107359962,5.405503933280514e-6,-0.11861737664326595,0.11862818765113252,-1.0593059855696663,-6.940683203422467
0.11500000953674316,0.024000167846679688,0.029999971389770508,0.034999847412109375,0.026000022888183594,1.678549947445511,1.7134885479914465e-5,-3.357082760005542,3.357117029776502,-2.6785328125600314,-5.321432917669009
0.09500002861022949,0.016000032424926758,0.015999794006347656,0.031000137329101562,0.032000064849853516,6.16747489745606e-8,5.419514185686647e-8,-6.915435609225473e-8,1.7754463980598767e-7,-1.0000000074796072,-6.999999884130109
0.14599990844726562,0.029000043869018555,0.03399991989135742,0.04500007629394531,0.037999868392944336,4.999999999528182,0.04032487468166928,-9.959675124374694,10.040324873738033,-5.9596751248465125,-1.9596751257901488
0.13100004196166992,0.026000022888183594,0.018999814987182617,0.051000118255615234,0.03500008583068848,6.16747489745606e-8,0.060122583176600616,0.06012245982710267,0.060122706526098565,-0.9398774784981484,-6.93987735514865
0.13700008392333984,0.026000022888183594,0.042999982833862305,0.046000003814697266,0.02200007438659668,4.167782174921244,0.0016337568646563085,-8.333930592977831,8.337198106707143,-5.166148418056587,-2.8305840682141
0.1119999885559082,0.026999950408935547,0.024000167846679688,0.026000022888183594,0.034999847412109375,3.50449475846579,0.011091786283711888,-6.997897730647868,7.020081303215292,-4.4934029721820785,-3.484413455250498
0.14099979400634766,0.0409998893737793,0.032000064849853516,0.042999982833862305,0.02499985694885254,1.6501429534014314,1.7134885479914465e-5,-3.300268771917383,3.3003030416883425,-2.6501258185159515,-5.349839911713088
0.10899996757507324,0.029000043869018555,0.021999835968017578,0.023000001907348633,0.03500008583068848,0.6250014825660869,0.02442995458913535,-1.2255730105430385,1.2744329197213091,-1.6005715279769515,-6.350568562844778
0.11500000953674316,0.03699994087219238,0.02200007438659668,0.02500009536743164,0.03099989891052246,2.986601531694996,0.02587624138686668,-5.9473268220031255,5.999079304776858,-3.960725290308129,-3.9875222269181374
0.12100005149841309,0.032000064849853516,0.01900005340576172,0.0279998779296875,0.04200005531311035,4.543927685582718,0.0016337568646563085,-9.08622161430078,9.089489128030092,-5.5422939287180615,-2.454438557552626
0.09600019454956055,0.026000022888183594,0.023000001907348633,0.024000167846679688,0.023000001907348633,0.13555380303804188,5.419514185686647e-8,-0.2711075518809419,0.2711076602712256,-1.1355537488429,-6.864446142766816
0.07999992370605469,0.017999887466430664,0.02200007438659668,0.02200007438659668,0.017999887466430664,5.486782472807761e-9,1.6258283961577673e-6,1.6148548312121518e-6,1.6368019611033829e-6,-0.9999983796583863,-6.999998368684821
0.07199978828430176,0.017999887466430664,0.019999980926513672,0.01699995994567871,0.01699995994567871,4.119220879921857,0.0017880751407262166,-8.236653684702986,8.24022983498444,-5.117432804781131,-2.8789910449374174
0.07999992370605469,0.02499985694885254,0.01900005340576172,0.019999980926513672,0.016000032424926758,2.303978944535798,0.024725750409157823,-4.583232138662438,4.632683639480754,-3.27925319412664,-4.671295305055044
0.1530001163482666,0.018000125885009766,0.059999942779541016,0.04800009727478027,0.026999950408935547,2.5606080367168715e-8,5.419514185686647e-8,2.982981122529038e-9,1.054073025912039e-7,-0.9999999714109385,-6.9999999201987775
0.14100003242492676,0.03600001335144043,0.029000043869018555,0.03099989891052246,0.04500007629394531,4.999999999569977,2.8938167136323932e-8,-9.999999970201786,10.000000028078121,-5.9999999706318095,-1.9999999714918557
0.1359999179840088,0.042999982833862305,0.04399991035461426,0.03000020980834961,0.018999814987182617,0.19455010168454834,5.419514185686647e-8,-0.3891001491739548,0.38910025756423855,-1.1945500474894064,-6.80544984412031
0.11600017547607422,0.02500009536743164,0.03099989891052246,0.029000043869018555,0.031000137329101562,1.7845911020405323,0.3335179479315913,-3.235664256149473,3.902700152012656,-2.4510731541089408,-4.881890950027876
0.11999988555908203,0.039999961853027344,0.03299999237060547,0.023999929428100586,0.023000001907348633,1.5913499572029612,1.7134885479914465e-5,-3.1826827795204427,3.1827170492914023,-2.591332822317481,-5.408632907911559
0.12000012397766113,0.01900005340576172,0.0279998779296875,0.042999982833862305,0.03000020980834961,2.303978944535798,0.09983260298774911,-4.508125286083847,4.7077904920593445,-3.2041463415480487,-4.5961884524764525
0.10699987411499023,0.023999929428100586,0.029000043869018555,0.0279998779296875,0.026000022888183594,0.8150261760150976,0.1042181755081388,-1.5258341765220564,1.734270527538334,-1.7108080005069588,-6.080755648476764
0.10599994659423828,0.023999929428100586,0.03099989891052246,0.029000043869018555,0.02200007438659668,0.9431131963049803,1.4955556846019634e-5,-1.8862114370531144,1.8862413481668066,-1.9430982407481343,-6.056871848138174
0.09500002861022949,0.026000022888183594,0.018000125885009766,0.023999929428100586,0.026000022888183594,0.8544023807979454,1.4955556846019634e-5,-1.7087898060390447,1.7088197171527368,-1.8543874252410992,-6.145582663645208
0.10900020599365234,0.029000043869018555,0.01900005340576172,0.026999950408935547,0.03400015830993652,0.637954518591786,0.0005135072582534185,-1.2753955299253186,1.2764225444418253,-1.6374410113335327,-6.361531974149961
0.13899993896484375,0.029999971389770508,0.05299997329711914,0.029999971389770508,0.026000022888183594,2.303978944535798,0.024403809949230974,-4.583554079122365,4.6323616990208265,-3.2795751345865667,-4.671617245514971
0.1230001449584961,0.02700018882751465,0.023000001907348633,0.03600001335144043,0.03600001335144043,3.2628466819447217,0.011091786283711888,-6.514601577605731,6.536785150173156,-4.25175489566101,-3.7260615317715664
0.11800003051757812,0.03600001335144043,0.020999908447265625,0.016000032424926758,0.04500007629394531,1.7845911020405323,1.7134885479914465e-5,-3.5691650691955847,3.5691993389665444,-2.7845739671550525,-5.215391763073988
0.125,0.03600001335144043,0.02200007438659668,0.039999961853027344,0.026999950408935547,4.999999999569977,1.0882476193948241e-8,-9.999999988257478,10.000000010022429,-5.999999988687501,-1.9999999895475469
0.12999987602233887,0.026999950408935547,0.01900005340576172,0.04900002479553223,0.034999847412109375,4.3125807411674435,0.0011339473250606771,-8.624027535009827,8.626295429659947,-5.311446793842383,-2.686285311507496
0.125,0.0279998779296875,0.042999982833862305,0.029000043869018555,0.02500009536743164,2.9639527145308975,0.09533811693838669,-5.832567312123408,6.023243546000182,-3.8686145975925106,-3.9407091685307156
0.11699986457824707,0.01900005340576172,0.04900002479553223,0.028999805450439453,0.019999980926513672,1.7700098440773155,0.024403809949230974,-3.5156158782054,3.5644234981038623,-2.745606034128085,-5.205586345973454
0.1119999885559082,0.026000022888183594,0.029999971389770508,0.034999847412109375,0.021000146865844727,0.901052567531839,0.25438979505130943,-1.5477153400123687,2.0564949301149875,-1.6466627724805296,-5.844557637416852
0.09599995613098145,0.018000125885009766,0.015999794006347656,0.020000219345092773,0.04199981689453125,0.876716794805941,1.4955556846019634e-5,-1.753418634055036,1.753448545168728,-1.8767018392490948,-6.123268249637213
0.13199996948242188,0.0409998893737793,0.03500008583068848,0.0280001163482666,0.0279998779296875,2.930420131005744,0.1627285783713357,-5.6981116836401515,6.023568840382824,-3.767691552634408,-3.9068512906229205
0.13199996948242188,0.021999835968017578,0.040000200271606445,0.048999786376953125,0.021000146865844727,2.9779917305491033,0.23689529095707285,-5.719088170141133,6.19287875205528,-3.7410964395920305,-3.785112978493824
0.10400009155273438,0.01900005340576172,0.02200007438659668,0.03299999237060547,0.029999971389770508,2.039462903014676,0.024403809949230974,-4.054521996080121,4.103329615978582,-3.0150590930654446,-4.9361332870360926
0.12599992752075195,0.026000022888183594,0.023000001907348633,0.03299999237060547,0.04399991035461426,1.3647699722216102,1.0587176839627576e-5,-2.729529357266381,2.72955053162006,-2.3647593850447706,-5.63521944060155
0.11400008201599121,0.024000167846679688,0.029999971389770508,0.03099989891052246,0.029000043869018555,1.9198318074336842,0.04058550398639593,-3.7990781108809726,3.8802491188537642,-2.8792463034472884,-5.0395826885799195
0.09399986267089844,0.020999908447265625,0.015000104904174805,0.023999929428100586,0.03399991989135742,1.3647699722216102,1.0587176839627576e-5,-2.729529357266381,2.72955053162006,-2.3647593850447706,-5.63521944060155
0.11100006103515625,0.026000022888183594,0.015000104904174805,0.03399991989135742,0.03600001335144043,2.9639527145308975,0.024725750409157823,-5.903179678652637,5.952631179470953,-3.9392269641217394,-4.0113215350599445
0.10899996757507324,0.024000167846679688,0.021999835968017578,0.03299999237060547,0.029999971389770508,0.6250014825660869,0.08364697957035563,-1.1663559855618182,1.3336499447025294,-1.5413545029957314,-6.291351537863558
0.13100004196166992,0.017999887466430664,0.0410001277923584,0.046000003814697266,0.026000022888183594,2.5606080367168715e-8,0.049756188457752246,0.04975613724559151,0.04975623966991298,-0.9502438371483282,-6.950243785936167
0.09599995613098145,0.017999887466430664,0.019999980926513672,0.02500009536743164,0.03299999237060547,3.50449475846579,0.6301028430791549,-6.378886673852425,7.639092360010735,-3.874391915386635,-2.865402398455055
0.10500001907348633,0.029000043869018555,0.02200007438659668,0.026999950408935547,0.026999950408935547,4.317215359179554,0.010620445053567198,-8.62381027330554,8.645051163412674,-5.306594914125986,-2.6721641957668787
0.10899996757507324,0.03399991989135742,0.026999950408935547,0.02500009536743164,0.023000001907348633,3.1427505747977498,0.0011339473250606771,-6.284367202270439,6.28663509692056,-4.141616627472689,-3.8561154778771893
0.11800003051757812,0.026000022888183594,0.029999971389770508,0.023999929428100586,0.03800010681152344,4.119220879921857,0.16612402632589063,-8.072317733517822,8.404565786169604,-4.953096853595966,-2.7146550937522527
0.10700011253356934,0.021000146865844727,0.03399991989135742,0.029999971389770508,0.02200007438659668,2.9639527145308975,0.1424180352282094,-5.785487393833586,6.070323464290004,-3.821534679302688,-3.893629250240893
0.12299990653991699,0.03600001335144043,0.04399991035461426,0.01900005340576172,0.023999929428100586,0.6250014825660869,0.015652922608353846,-1.2343500425238199,1.2656558877405277,-1.609348559957733,-6.359345594825559
0.13299989700317383,0.02499985694885254,0.023000001907348633,0.03400015830993652,0.05099987983703613,4.362838498756427,0.017528907623875163,-8.70814808988898,8.74320590513673,-5.345309591132552,-2.6196325936196976
0.16499996185302734,0.02700018882751465,0.023000001907348633,0.0690000057220459,0.045999765396118164,4.999999999952593,1.0008760942656287e-8,-9.999999989896423,10.000000009913947,-5.999999989943832,-1.9999999900386465
0.15799999237060547,0.03900003433227539,0.04900002479553223,0.04799985885620117,0.02200007438659668,2.5606080367168715e-8,4.3990608592405196e-8,-7.221552141932235e-9,9.520276932674263e-8,-0.9999999816154718,-6.999999930403311
0.11600017547607422,0.020000219345092773,0.021999835968017578,0.039999961853027344,0.03400015830993652,2.9639527145308975,0.10611619378414085,-5.821789235277654,6.034021622845936,-3.8578365207467566,-3.9299310916849617
0.1099998950958252,0.03500008583068848,0.023000001907348633,0.026000022888183594,0.025999784469604492,2.303978944535798,0.024403809949230974,-4.583554079122365,4.6323616990208265,-3.2795751345865667,-4.671617245514971
0.09999990463256836,0.019999980926513672,0.014999866485595703,0.026000022888183594,0.03900003433227539,2.639218008401337,0.007248733629940288,-5.2711872831727336,5.2856847504326145,-3.6319692747713965,-4.3535332579687225
0.13399982452392578,0.029000043869018555,0.0279998779296875,0.0410001277923584,0.03599977493286133,2.303978944535798,0.016442452731734728,-4.591515436339861,4.62440034180333,-3.287536491804063,-4.679578602732468
0.1099998950958252,0.019999980926513672,0.02499985694885254,0.03500008583068848,0.029999971389770508,3.50449475846579,0.47796416517963614,-6.531025351751944,7.486953682111216,-4.026530593286154,-3.017541076354574
0.09799981117248535,0.0279998779296875,0.020999908447265625,0.024000167846679688,0.02499985694885254,2.5606080367168715e-8,0.29849471390935906,0.2984946626971983,0.2984947651215198,-0.7015053116967214,-6.70150526048456
0.11999988555908203,0.03699994087219238,0.032000064849853516,0.03299999237060547,0.01699995994567871,4.362838498756427,0.10349705764983053,-8.622179939863024,8.829174055162685,-5.259341441106597,-2.533664443593742
0.10700011253356934,0.02200007438659668,0.01699995994567871,0.03400015830993652,0.03399991989135742,2.5208477647544014,0.09333878783339944,-4.948356741675403,5.135034317342202,-3.427508976921002,-4.385813447412199
0.10199999809265137,0.021000146865844727,0.020999908447265625,0.0279998779296875,0.032000064849853516,0.6250014825660869,0.015652922608353846,-1.2343500425238199,1.2656558877405277,-1.609348559957733,-6.359345594825559
0.10899996757507324,0.021000146865844727,0.03099989891052246,0.0279998779296875,0.029000043869018555,0.8648268878094426,0.026321747650588957,-1.7033320279682962,1.7559755232694743,-1.8385051401588537,-6.1088513645399685
0.11999988555908203,0.037999868392944336,0.026000022888183594,0.0280001163482666,0.0279998779296875,2.9639527145308975,0.08231123009022262,-5.845594198971573,6.010216659152017,-3.881641484440675,-3.95373605537888
0.10500001907348633,0.021999835968017578,0.015000104904174805,0.032000064849853516,0.03600001335144043,4.362838498756427,0.017528907623875163,-8.70814808988898,8.74320590513673,-5.345309591132552,-2.6196325936196976
0.10400009155273438,0.02500009536743164,0.025999784469604492,0.02700018882751465,0.026000022888183594,1.1004969564112224,0.015652922608353846,-2.185340990214091,2.2166468354307987,-2.0848440338028684,-5.883850120980424
0.11599993705749512,0.026999950408935547,0.03699994087219238,0.026000022888183594,0.026000022888183594,0.3555956478985759,0.015417230877017095,-0.6957740649201347,0.7266085266741689,-1.340178417021559,-6.628987121224407
0.11500000953674316,0.03800010681152344,0.023000001907348633,0.029000043869018555,0.02499985694885254,4.9999999999797655,1.0008760942656287e-8,-9.99999998995077,10.000000009968293,-5.999999989971005,-1.9999999900114735
0.12599992752075195,0.03500008583068848,0.028999805450439453,0.0410001277923584,0.020999908447265625,4.9999999999797655,5.798063255706925e-10,-9.999999999379725,10.000000000539337,-5.999999999399959,-1.999999999440428
0.09600019454956055,0.02500009536743164,0.019999980926513672,0.02500009536743164,0.026000022888183594,4.384332029261818,0.017528907623875163,-8.751135150899762,8.786192966147512,-5.366803121637943,-2.5981390631143064
0.12600016593933105,0.029000043869018555,0.03299999237060547,0.03600001335144043,0.0280001163482666,1.0345513618691329,0.1173161579515106,-1.9517865657867552,2.1864188816897765,-1.9172352039176221,-5.848132480179356
0.12800002098083496,0.03099989891052246,0.04700016975402832,0.028999805450439453,0.021000146865844727,0.021436688337986065,4.3990608592405196e-8,-0.04287333268536354,0.042873420666580724,-1.0214366443473775,-6.978563267671405
0.12599992752075195,0.01900005340576172,0.029000043869018555,0.03399991989135742,0.04399991035461426,4.999999999982599,6.11006368120221e-10,-9.999999999354191,10.000000000576204,-5.9999999993715925,-1.9999999994063948
0.10100007057189941,0.017999887466430664,0.023000001907348633,0.0280001163482666,0.032000064849853516,4.9999999999797655,8.948927388405187e-9,-9.999999991010604,10.000000008908458,-5.999999991030838,-1.9999999910713067
0.11700010299682617,0.029000043869018555,0.02200007438659668,0.03299999237060547,0.03299999237060547,1.1522452343271186,2.5232291523629813e-6,-2.304487945425085,2.3044929918833894,-2.1522427110979665,-5.847752242443729
0.11800003051757812,0.02200007438659668,0.0279998779296875,0.0410001277923584,0.026000022888183594,3.8171272835683636,0.009744646804591204,-7.624509920332136,7.643999213941319,-4.807382636763773,-3.173128069627045
0.10699987411499023,0.020999908447265625,0.026999950408935547,0.029000043869018555,0.029999971389770508,3.50449475846579,0.011091786283711888,-6.997897730647868,7.020081303215292,-4.4934029721820785,-3.484413455250498
0.13300013542175293,0.046000003814697266,0.03900003433227539,0.0280001163482666,0.019999980926513672,1.6408274062460628,0.04058550398639593,-3.24106930850573,3.3222403164785215,-2.600241902259667,-5.318587089767542
0.12299990653991699,0.023999929428100586,0.0409998893737793,0.037000179290771484,0.020999908447265625,4.117309235778994,0.01787723880429743,-8.21674123275369,8.252495710362286,-5.099431996974697,-2.864813525416708
0.09400010108947754,0.018000125885009766,0.019999980926513672,0.023000001907348633,0.032000064849853516,1.9198318074336842,0.33615268863959086,-3.5035109262277775,4.175816303506959,-2.5836791187940933,-4.744015503926725
0.11700010299682617,0.031000137329101562,0.023999929428100586,0.029000043869018555,0.03299999237060547,4.388295600391633,0.017528907623875163,-8.75906229315939,8.79412010840714,-5.3707666927677575,-2.594175491984492
0.127000093460083,0.02500009536743164,0.023000001907348633,0.0409998893737793,0.03800010681152344,3.219130440762405,0.16332756266721582,-6.274933318857594,6.601588444192026,-4.055802878095189,-3.6175419965703792
0.10500001907348633,0.016000032424926758,0.026000022888183594,0.029000043869018555,0.03399991989135742,1.803050461248345,0.04058550398639593,-3.565515418510294,3.6466864264830856,-2.762464957261949,-5.156364034765259
0.11100006103515625,0.026000022888183594,0.026000022888183594,0.03299999237060547,0.026000022888183594,4.5332626751317555,0.19654562711015888,-8.869979723153353,9.263070977373669,-5.336717048021597,-2.2701916977580856
0.11700010299682617,0.016000032424926758,0.02500009536743164,0.03900003433227539,0.03699994087219238,3.8171272835683636,0.0029645937703783962,-7.631289973366349,7.637219160907105,-4.8141626897979855,-3.1799081226612578
0.14800000190734863,0.037000179290771484,0.0409998893737793,0.04200005531311035,0.0279998779296875,0.021436688337986065,4.3990608592405196e-8,-0.04287333268536354,0.042873420666580724,-1.0214366443473775,-6.978563267671405
0.12199997901916504,0.019999980926513672,0.03299999237060547,0.04200005531311035,0.026999950408935547,2.5606080367168715e-8,0.011465811188473618,0.011465759976312884,0.011465862400634352,-0.9885342144176068,-6.988534163205446
0.11400008201599121,0.03699994087219238,0.04200005531311035,0.017999887466430664,0.017000198364257812,3.50449475846579,0.21401948129842277,-6.794970035633157,7.223008998230003,-4.290475277167367,-3.281485760235787
0.11800003051757812,0.02200007438659668,0.026999950408935547,0.04200005531311035,0.026999950408935547,0.007559596517776379,1.782743196722278e-8,-0.015119175208120792,0.015119210862984725,-1.0075595786903444,-6.992440385654792
0.12800002098083496,0.029999971389770508,0.03400015830993652,0.03900003433227539,0.02499985694885254,0.021436688337986065,1.2592518797606673e-8,-0.04287336408345333,0.04287338926849093,-1.0214366757454674,-6.978563299069495
0.11299991607666016,0.017999887466430664,0.02500009536743164,0.037999868392944336,0.032000064849853516,4.126802298433434,0.007320896008859837,-8.246283700858008,8.260925492875728,-5.119481402424574,-2.865876805557706
0.0840001106262207,0.018000125885009766,0.023999929428100586,0.020999908447265625,0.021000146865844727,4.499586730158388,0.2859504635662658,-8.71322299675051,9.285123923883042,-5.213636266592122,-2.214462806275346
0.08299994468688965,0.020999908447265625,0.015000104904174805,0.026000022888183594,0.020999908447265625,0.9595082030624319,0.1173161579515106,-1.8017002481733533,2.0363325640763743,-1.8421920451109213,-5.9231756389860575
0.10399985313415527,0.01699995994567871,0.01900005340576172,0.018999814987182617,0.04900002479553223,3.914620378842574,0.0029645937703783962,-7.82627616391477,7.832205351455526,-4.911655785072195,-3.0824150273870474
0.13000011444091797,0.037000179290771484,0.02499985694885254,0.016000032424926758,0.05200004577636719,3.171691644818255,0.012575599730318077,-6.330807689906192,6.3559588893668275,-4.159116045087937,-3.8157327554514273
0.13700008392333984,0.04800009727478027,0.0279998779296875,0.03400015830993652,0.026000022888183594,1.9340057672567843,0.024725750409157823,-3.8432857841044106,3.8927372849227266,-2.9092800168476263,-5.041268482334058
0.11700010299682617,0.016000032424926758,0.026000022888183594,0.02500009536743164,0.04999995231628418,4.32775103149369,0.05927476715560909,-8.59622729583177,8.714776830142988,-5.26847626433808,-2.612974201350701
0.09400010108947754,0.023999929428100586,0.024000167846679688,0.020999908447265625,0.02500009536743164,2.4997839131450243,0.21071829985191937,-4.7888495264381294,5.210286126141968,-3.289065613293105,-4.289497787003056
0.11299991607666016,0.026999950408935547,0.029999971389770508,0.0279998779296875,0.0280001163482666,4.578983360382943,0.2952126963098278,-8.86275402445606,9.453179417075713,-5.283770664073115,-2.125803943307229
0.11700010299682617,0.03000020980834961,0.03899979591369629,0.031000137329101562,0.01699995994567871,1.6809249527344063,0.1961413580385279,-3.1657085474302846,3.5579912635073407,-2.4847835946958785,-5.122933689227066
0.09099984169006348,0.020999908447265625,0.01699995994567871,0.021000146865844727,0.031999826431274414,3.031369895377122,0.008944016452919423,-6.053795774301324,6.0716838072071635,-4.022425878924203,-3.9596860881699585
0.10299992561340332,0.0279998779296875,0.018000125885009766,0.026000022888183594,0.03099989891052246,0.021436688337986065,5.289964236556117e-9,-0.04287337138600789,0.04287338196593637,-1.021436683048022,-6.97856330637205
0.11500000953674316,0.0279998779296875,0.020999908447265625,0.03299999237060547,0.03300023078918457,3.646050147632697,0.0029645937703783962,-7.289135701495016,7.295064889035772,-4.643085553862319,-3.3509852585969244
0.12999987602233887,0.029999971389770508,0.02200007438659668,0.03899979591369629,0.03900003433227539,3.7970692028326027,0.0029645937703783962,-7.591173811894827,7.597102999435584,-4.794104609062224,-3.1999662033970186
0.11500000953674316,0.042999982833862305,0.02500009536743164,0.023999929428100586,0.023000001907348633,1.0345513618691329,0.1173161579515106,-1.9517865657867552,2.1864188816897765,-1.9172352039176221,-5.848132480179356
0.1119999885559082,0.024000167846679688,0.019999980926513672,0.031999826431274414,0.03600001335144043,4.9999999999797655,5.798063255706925e-10,-9.999999999379725,10.000000000539337,-5.999999999399959,-1.999999999440428
0.11799979209899902,0.0279998779296875,0.029000043869018555,0.032000064849853516,0.028999805450439453,2.1242801141361696,0.20384052549828724,-4.044719702774052,4.452400753770626,-2.9204395886378824,-4.671879360365543
0.13499999046325684,0.03299999237060547,0.03299999237060547,0.04499983787536621,0.024000167846679688,0.9595082030624319,0.1173161579515106,-1.8017002481733533,2.0363325640763743,-1.8421920451109213,-5.9231756389860575
0.11500000953674316,0.020999908447265625,0.026000022888183594,0.03299999237060547,0.03500008583068848,2.1242801141361696,0.4693293928565898,-3.779230835415749,4.717889621128929,-2.6549507212795795,-4.40639049300724
0.10500001907348633,0.026999950408935547,0.03299999237060547,0.029000043869018555,0.016000032424926758,0.9595082030624319,0.08689320410896292,-1.8321232020159008,2.0059096102338265,-1.8726149989534688,-5.953598592828605
0.0970001220703125,0.01900005340576172,0.01699995994567871,0.0280001163482666,0.03299999237060547,4.9999999999797655,0.0008832708230143264,-9.999116729136517,10.000883270782545,-5.999116729156751,-1.9991167291972198
0.10599994659423828,0.029999971389770508,0.01399993896484375,0.01699995994567871,0.04500007629394531,4.5332626751317555,0.19654562711015888,-8.869979723153353,9.263070977373669,-5.336717048021597,-2.2701916977580856
0.1359999179840088,0.039999961853027344,0.032000064849853516,0.03299999237060547,0.03099989891052246,1.0345513618691329,0.2318599466617721,-1.8372427770764936,2.300962670400038,-1.8026914152073608,-5.733588691469095
0.12199997901916504,0.037000179290771484,0.03299999237060547,0.03399991989135742,0.017999887466430664,1.033662079285852,0.1173161579515106,-1.9500080006201934,2.1846403165232147,-1.9163459213343415,-5.8490217627626375
0.09900021553039551,0.016000032424926758,0.01699995994567871,0.032000064849853516,0.03400015830993652,4.901984722614185,0.17817053523335125,-9.62579890999502,9.98213998046172,-5.7238141873808335,-1.9198447421524634
0.11100006103515625,0.02200007438659668,0.02200007438659668,0.0279998779296875,0.03900003433227539,4.9999999999797655,0.03718814730441168,-9.96281185265512,10.037188147263942,-5.962811852675354,-1.9628118527158227
0.12000012397766113,0.016000032424926758,0.02500009536743164,0.037999868392944336,0.0410001277923584,4.9999999999797655,0.531647636692731,-9.4683523632668,10.531647636652263,-5.468352363287035,-1.4683523633275035
0.10600018501281738,0.031000137329101562,0.026000022888183594,0.028999805450439453,0.020000219345092773,2.1998612925616996,0.4489028819714129,-3.9508197031519865,4.848625467094812,-2.750958410590287,-4.351235825466888
0.10500001907348633,0.02500009536743164,0.017000198364257812,0.02299976348876953,0.03900003433227539,4.999999999991757,0.0001325635308627171,-9.99986743645265,10.000132563514377,-5.999867436460894,-1.9998674364773805
0.10699987411499023,0.0279998779296875,0.01900005340576172,0.02500009536743164,0.03299999237060547,0.9595082030624319,0.2306151470420995,-1.6884012590827644,2.149631553166963,-1.7288930560203324,-5.809876649895468
0.13500022888183594,0.0280001163482666,0.04200005531311035,0.029999971389770508,0.03500008583068848,1.0290212172122986,0.11621151807916989,-1.9418309163454273,2.174253952503767,-1.9128096991331287,-5.854767264708531
0.10299992561340332,0.023999929428100586,0.016000032424926758,0.023000001907348633,0.039999961853027344,2.6640011207016467,0.07482021125860244,-5.253182030144691,5.402822452661896,-3.5891809094430442,-4.261178668039751
0.11500000953674316,0.026000022888183594,0.02200007438659668,0.032000064849853516,0.034999847412109375,0.021436688337986065,0.22474799742701523,0.1818746207510431,0.26762137410298736,-0.7966886909109708,-6.753815314234998
0.12099981307983398,0.03299999237060547,0.03399991989135742,0.02500009536743164,0.028999805450439453,2.5606080367168715e-8,0.020758753150324376,0.02075870193816364,0.02075880436248511,-0.979241272455756,-6.979241221243595
0.12599992752075195,0.026999950408935547,0.026999950408935547,0.04200005531311035,0.029999971389770508,1.0345513618691329,0.1173161579515106,-1.9517865657867552,2.1864188816897765,-1.9172352039176221,-5.848132480179356
0.12899994850158691,0.026999950408935547,0.03299999237060547,0.04200005531311035,0.026999950408935547,1.2732257920385215,0.14084069598455548,-2.4056108880924874,2.6872922800615986,-2.132385096053966,-5.585933511976923
0.0820000171661377,0.01699995994567871,0.01900005340576172,0.019999980926513672,0.026000022888183594,2.5606080367168715e-8,2.1139925246895204e-8,-3.007223548744223e-8,7.235208598123264e-8,-1.0000000044661552,-6.999999953253995
0.11300015449523926,0.026999950408935547,0.023000001907348633,0.03000020980834961,0.03299999237060547,0.1959335189618714,1.828273968786349e-9,-0.3918670360954688,0.39186703975201675,-1.1959335171335974,-6.804066479209855
0.13300013542175293,0.03600001335144043,0.026000022888183594,0.04399991035461426,0.02700018882751465,3.136231629084724,0.0029645937703783962,-6.2694986643990696,6.275427851939826,-4.133267035314345,-3.8608037771448975
0.11600017547607422,0.016000032424926758,0.023000001907348633,0.042999982833862305,0.03400015830993652,3.298308626220603e-9,4.3990608592405196e-8,3.739399133996399e-8,5.05872258448464e-8,-0.9999999593077,-6.999999952711083
0.12000012397766113,0.031000137329101562,0.0279998779296875,0.03299999237060547,0.0280001163482666,0.9806104643797393,0.06653524843722518,-1.8946856803222534,2.0277561771967036,-1.914075215942514,-5.952854287183035
0.11700010299682617,0.023000001907348633,0.029000043869018555,0.034999847412109375,0.03000020980834961,4.57548994858994,0.19611468375802377,-8.954865213421856,9.347094580937904,-5.379375264831916,-2.228395367652036
0.10199999809265137,0.016000032424926758,0.026999950408935547,0.03099989891052246,0.0280001163482666,1.7223601767035746e-8,0.13715202526232684,0.1371519908151233,0.13715205970953037,-0.8628479919612749,-6.862847957514071
0.1230001449584961,0.02500009536743164,0.029000043869018555,0.04399991035461426,0.02500009536743164,4.485309101965677,0.19654562711015888,-8.774072576821194,9.167163831041513,-5.288763474855518,-2.3181452709241643
0.10100007057189941,0.02500009536743164,0.018999814987182617,0.0280001163482666,0.029000043869018555,4.254452754096134,0.0029645937703783962,-8.505940914421888,8.511870101962646,-5.2514881603257555,-2.742582652133488
0.12400007247924805,0.02200007438659668,0.020999908447265625,0.03900003433227539,0.04200005531311035,2.6817247735541723,0.12408698681569347,-5.239362560292651,5.487536533924038,-3.557637786738479,-4.194188239630135
0.11100006103515625,0.023000001907348633,0.026999950408935547,0.029999971389770508,0.031000137329101562,3.3932206317509888,0.0029645937703783962,-6.783476669731599,6.789405857272356,-4.39025603798061,-3.6038147744786326
0.10899996757507324,0.0280001163482666,0.020999908447265625,0.026000022888183594,0.03399991989135742,2.6640011207016467,0.07482021125860244,-5.253182030144691,5.402822452661896,-3.5891809094430442,-4.261178668039751
0.1399998664855957,0.039999961853027344,0.03299999237060547,0.03900003433227539,0.026999950408935547,3.298308626220603e-9,2.308397117113556e-8,1.6487353918694354e-8,2.9680588423576766e-8,-0.9999999802143374,-6.9999999736177205
0.10500001907348633,0.02499985694885254,0.023000001907348633,0.03400015830993652,0.023000001907348633,0.9595082030624319,0.44142425992134227,-1.4775921462035215,2.3604406660462063,-1.5180839431410895,-5.599067537016226
0.10199999809265137,0.014999866485595703,0.021000146865844727,0.01699995994567871,0.04900002479553223,2.1461982295775415,0.24092563331060113,-4.051470825844482,4.533322092465684,-2.9052725962669403,-4.612876137111858
0.12899994850158691,0.03500008583068848,0.026999950408935547,0.03699994087219238,0.029999971389770508,2.642083005260275,0.24251541602401555,-5.041650594496534,5.526681426544565,-3.399567589236259,-4.115401578715709
0.1269998550415039,0.017999887466430664,0.05500006675720215,0.03099989891052246,0.023000001907348633,4.486777076027928,0.19654562711015888,-8.777008524945696,9.170099779166016,-5.290231448917769,-2.316677296861913
0.0989999771118164,0.018999814987182617,0.018000125885009766,0.03099989891052246,0.031000137329101562,4.987683660455989,0.13009817016226144,-9.845269150749717,10.10546549107424,-5.857585490293728,-1.8822181693817495
0.09599995613098145,0.02200007438659668,0.016000032424926758,0.026000022888183594,0.031999826431274414,0.21149100667529264,1.0080793898653305e-9,-0.4229820123425059,0.42298201435866467,-1.2114910056672132,-6.788508992316628
0.11400008201599121,0.03299999237060547,0.015000104904174805,0.026999950408935547,0.03900003433227539,4.644450246596354,5.526663686222183e-10,-9.28890049264004,9.288900493745375,-5.644450246043688,-2.3555497528509797
0.12000012397766113,0.018000125885009766,0.019999980926513672,0.03699994087219238,0.04500007629394531,0.1959335189618714,0.002867238296845532,-0.38899979962689724,0.3947342762205883,-1.1930662806650258,-6.8011992427412835
0.11100006103515625,0.029000043869018555,0.026999950408935547,0.029000043869018555,0.026000022888183594,3.3932206317509888,2.5540727206971184e-5,-6.786415722774771,6.7864668042291845,-4.393195091023782,-3.6067538275218043
0.09400010108947754,0.023000001907348633,0.017000198364257812,0.026000022888183594,0.0279998779296875,0.0388578736305738,0.0030050491353979915,-0.07471069812574961,0.0807207963965456,-1.035852824495176,-6.958137077234028
0.1380000114440918,0.026000022888183594,0.026999950408935547,0.043000221252441406,0.04199981689453125,3.3199964855561204,3.596757441575609e-5,-6.639957003537825,6.6400289386866564,-4.319960517981705,-3.679967546869464
0.11400008201599121,0.0279998779296875,0.0280001163482666,0.0279998779296875,0.03000020980834961,2.3533264119172586,0.0119997468065704,-4.694653077027946,4.718652570641088,-3.3413266651106883,-4.634673841276172
0.125,0.029999971389770508,0.02200007438659668,0.0279998779296875,0.04500007629394531,0.9595082030624319,0.08689320410896292,-1.8321232020159008,2.0059096102338265,-1.8726149989534688,-5.953598592828605
0.12900018692016602,0.0280001163482666,0.03399991989135742,0.046000003814697266,0.021000146865844727,0.001740363178125759,1.828273968786349e-9,-0.003480724527977549,0.0034807281845254867,-1.001740361349852,-6.9982596349936
0.1119999885559082,0.017999887466430664,0.02700018882751465,0.03600001335144043,0.03099989891052246,2.5559624416970905e-9,2.308397117113556e-8,1.797204628774138e-8,2.819589605452974e-8,-0.9999999794719913,-6.999999974360066
0.11600017547607422,0.01699995994567871,0.03000020980834961,0.03899979591369629,0.03000020980834961,0.9283662698029176,9.429804636157123e-10,-1.8567325386628548,1.8567325405488155,-1.928366268859937,-6.071633729254102
0.13199996948242188,0.03099989891052246,0.04700016975402832,0.03099989891052246,0.023000001907348633,3.9347444130571145,1.583304713531025e-10,-7.869488825955899,7.869488826272559,-4.934744412898784,-3.065255586784555
0.11800003051757812,0.019999980926513672,0.042999982833862305,0.03000020980834961,0.02499985694885254,4.644450246596354,4.0448456845859124e-10,-9.288900492788223,9.288900493597193,-5.6444502461918695,-2.3555497529991616
0.12000012397766113,0.04500007629394531,0.03500008583068848,0.021999835968017578,0.018000125885009766,1.9583914323247391,0.0119997468065704,-3.904783117842908,3.9287826114560485,-2.9463916855181687,-5.02960882086869
0.10599994659423828,0.01900005340576172,0.02500009536743164,0.03099989891052246,0.03099989891052246,0.8604574662545703,0.03661977927380521,-1.6842951532353354,1.7575347117829458,-1.823837686980765,-6.102922754471624
0.13899993896484375,0.029999971389770508,0.046000003814697266,0.03500008583068848,0.0279998779296875,4.9367511694103205,5.798063255706925e-10,-9.873502338240835,9.873502339400448,-5.936751168830514,-2.063248830009873
0.11400008201599121,0.02700018882751465,0.023999929428100586,0.029000043869018555,0.03399991989135742,0.23221010784113505,0.16680698376141823,-0.2976132319208519,0.6312271994436883,-1.0654031240797168,-6.600982908397446
0.11899995803833008,0.016000032424926758,0.03900003433227539,0.042999982833862305,0.020999908447265625,1.9154615782888973,0.43967131549035826,-3.391251841087436,4.270594472068153,-2.4757902627985393,-4.644867106220744
0.11899995803833008,0.026000022888183594,0.03399991989135742,0.03600001335144043,0.023000001907348633,4.98290790734557,0.0029645937703783962,-9.962851220920761,9.96878040846152,-5.979943313575192,-2.0141274988840516
0.11300015449523926,0.01699995994567871,0.019999980926513672,0.051000118255615234,0.02500009536743164,3.8063466420392826,5.798063255706925e-10,-7.612693283498759,7.612693284658372,-4.806346641459476,-3.193653357380911
0.11500000953674316,0.02499985694885254,0.03000020980834961,0.04199981689453125,0.018000125885009766,1.6809249527344063,0.46290993052878554,-2.8989399749400273,3.824759835997598,-2.2180150222056207,-4.856165116736808
0.11600017547607422,0.019999980926513672,0.02700018882751465,0.042999982833862305,0.026000022888183594,0.8370978008956712,1.0080793898653305e-9,-1.674195600783263,1.6741956027994218,-1.8370977998875917,-6.1629021980962495
0.10699987411499023,0.017999887466430664,0.02200007438659668,0.029000043869018555,0.037999868392944336,0.9631481692737702,0.2638277816674862,-1.6624685568800541,2.190124120215027,-1.6993203876062841,-5.773024049058744
0.1269998550415039,0.021999835968017578,0.021000146865844727,0.04900002479553223,0.034999847412109375,3.8311075846232576,0.03661977927380521,-7.62559538997271,7.698834948520321,-4.794487805349453,-3.1322726361029374
0.12099981307983398,0.03099989891052246,0.042999982833862305,0.029999971389770508,0.01699995994567871,0.846512205133142,0.2899593964120767,-1.4030650138542073,1.9829838066783605,-1.5565528087210652,-5.863528398454781
0.11500000953674316,0.019999980926513672,0.020999908447265625,0.03900003433227539,0.03500008583068848,0.1406190189194515,0.0011241572145578192,-0.28011388062434517,0.28236219505346083,-1.1394948617048937,-6.8582568238659904
0.11600017547607422,0.019999980926513672,0.031000137329101562,0.037999868392944336,0.02700018882751465,2.3664004438927204,0.003700022508948464,-4.729100865276492,4.73650091029439,-3.362700421383772,-4.629899533598332
0.11500000953674316,0.03299999237060547,0.026999950408935547,0.032000064849853516,0.023000001907348633,0.011828723749215952,0.01150164870797583,-0.012155798790456075,0.03515909620640774,-1.00032707504124,-6.976669627542808
0.11599993705749512,0.029000043869018555,0.023000001907348633,0.037999868392944336,0.026000022888183594,2.3976835205605656,0.0007313576475795535,-4.794635683473552,4.79609839876871,-3.396952162912986,-4.601585121791855
0.12399983406066895,0.0279998779296875,0.032000064849853516,0.039999961853027344,0.023999929428100586,2.6640011207016467,0.07482021125860244,-5.253182030144691,5.402822452661896,-3.5891809094430442,-4.261178668039751
0.1099998950958252,0.019999980926513672,0.021999835968017578,0.03800010681152344,0.029999971389770508,1.297562701817013,9.429804636157123e-10,-2.5951254026910457,2.5951254045770065,-2.2975627008740327,-5.702437297240007
0.12800002098083496,0.029000043869018555,0.048999786376953125,0.032000064849853516,0.018000125885009766,0.018297021024105464,2.308397117113556e-8,-0.036594018964239756,0.0365940651321821,-1.0182969979401344,-6.981702955891923
0.12199997901916504,0.0279998779296875,0.039999961853027344,0.03900003433227539,0.015000104904174805,4.9881872634029465,0.1431644425879277,-9.833210084217965,10.11953896939382,-5.845022820815019,-1.8686482940091258
0.12400007247924805,0.026000022888183594,0.01699995994567871,0.04200005531311035,0.03900003433227539,2.58957241837016,0.1961413580385279,-4.983003478701792,5.375286194778847,-3.3934310603316318,-4.214286223591312
0.10500001907348633,0.019999980926513672,0.0280001163482666,0.03099989891052246,0.026000022888183594,4.626662698948499,0.07754764952776473,-9.175777748369233,9.330873047424761,-5.549115049420734,-2.2957896515237364
0.1119999885559082,0.0280001163482666,0.03699994087219238,0.03099989891052246,0.016000032424926758,1.6809249527344063,0.20238357332101325,-3.1594663321477996,3.5642334787898258,-2.478541379413393,-5.116691473944581
0.11100006103515625,0.018000125885009766,0.016000032424926758,0.037999868392944336,0.03900003433227539,0.21149100667529264,5.474601804239264e-10,-0.4229820128031251,0.42298201389804546,-1.2114910061278326,-6.788508992777247
0.12099981307983398,0.026999950408935547,0.031999826431274414,0.029000043869018555,0.03299999237060547,3.8063466420392826,3.437381605547135e-10,-7.612693283734827,7.612693284422304,-4.806346641695544,-3.193653357616979
0.12899994850158691,0.020999908447265625,0.04400014877319336,0.03600001335144043,0.0279998779296875,1.1205177342203965,4.1825320197416793e-10,-2.24103546802254,2.241035468859046,-2.120517733802143,-5.87948226536135
0.12600016593933105,0.0280001163482666,0.042999982833862305,0.026000022888183594,0.029000043869018555,0.9283662698029176,0.015207203270137795,-1.8415253363356974,1.871939742875973,-1.9131590665327798,-6.056426526926945
0.1419999599456787,0.016000032424926758,0.020999908447265625,0.07400012016296387,0.03099989891052246,3.8063466420392826,0.09796323919000893,-7.514730044888556,7.710656523268574,-4.7083834028492735,-3.095690118770708
0.08599996566772461,0.017999887466430664,0.02200007438659668,0.023999929428100586,0.02200007438659668,0.3552201067301828,5.846917496610489e-10,-0.7104402128756738,0.7104402140450573,-1.3552201061454912,-6.644779892685126
0.08500003814697266,0.018000125885009766,0.017999887466430664,0.023000001907348633,0.026000022888183594,0.805513686417848,0.01182880950815223,-1.5991985633275438,1.6228561823438483,-1.7936848769096958,-6.182657504073999
0.08500003814697266,0.02200007438659668,0.02200007438659668,0.01900005340576172,0.021999835968017578,4.300557755676663,0.0029645937703783962,-8.598150917582947,8.604080105123705,-5.297593161906285,-2.696477650552959
0.14299988746643066,0.03299999237060547,0.031999826431274414,0.03600001335144043,0.04200005531311035,0.3949432982198251,9.429804636157123e-10,-0.7898865954966697,0.7898865973826307,-1.3949432972768445,-6.605056700837195
0.14500021934509277,0.029000043869018555,0.029999971389770508,0.05200004577636719,0.03400015830993652,4.685707212981217,5.798063255706925e-10,-9.371414425382628,9.371414426542241,-5.685707212401411,-2.314292786438976
0.12400007247924805,0.01900005340576172,0.02499985694885254,0.05500006675720215,0.02500009536743164,4.9999999999797655,0.12370493608343415,-9.876295063876096,10.123704936042966,-5.876295063896332,-1.8762950639368006
0.0820000171661377,0.01900005340576172,0.023000001907348633,0.023000001907348633,0.01699995994567871,1.297562701817013,8.820398777048276e-10,-2.5951254027519863,2.595125404516066,-2.2975627009349733,-5.702437297300947
0.10800004005432129,0.01900005340576172,0.01699995994567871,0.026999950408935547,0.04500007629394531,1.9262200723346723e-9,0.19463902184772525,0.1946390179952851,0.1946390257001654,-0.8053609800784949,-6.805360976226055
0.16300010681152344,0.04200005531311035,0.03699994087219238,0.04800009727478027,0.03600001335144043,2.1022960745406114,0.004955639401997794,-4.199636509679225,4.209547788483221,-3.0973404351386136,-4.89274828605739
0.1119999885559082,0.023000001907348633,0.023000001907348633,0.03900003433227539,0.026999950408935547,4.626662698948499,0.13424922475503276,-9.119076173141965,9.38757462265203,-5.492413474193466,-2.2390880762964684
0.11300015449523926,0.023000001907348633,0.0280001163482666,0.0279998779296875,0.03299999237060547,4.626662698948499,0.07754764952776473,-9.175777748369233,9.330873047424761,-5.549115049420734,-2.2957896515237364
0.12199997901916504,0.029000043869018555,0.042999982833862305,0.0279998779296875,0.02200007438659668,1.7037248477910134,1.2796250100620583e-5,-3.4074368993319264,3.4074624918321272,-2.7037120515409128,-5.296262355958886
0.11899995803833008,0.023000001907348633,0.023000001907348633,0.031000137329101562,0.04199981689453125,4.05841046745385,0.0030951598240476935,-8.113725775083653,8.119916094731748,-5.055315307629803,-2.9384943727221025
0.1230001449584961,0.031000137329101562,0.04500007629394531,0.023999929428100586,0.023000001907348633,1.2227322942200414,0.21765180169095832,-2.2278127867491246,2.663116390131041,-2.005080492529083,-5.559615904089
0.11400008201599121,0.026999950408935547,0.03600001335144043,0.029999971389770508,0.021000146865844727,2.7388315373682595,0.07716459912586227,-5.400498475610656,5.554827673862381,-3.661666938242397,-4.184003863505878
0.11900019645690918,0.01900005340576172,0.02500009536743164,0.042999982833862305,0.032000064849853516,2.0933008224317597,0.004955639401997794,-4.181646005461522,4.191557284265517,-3.088345183029762,-4.901743538166242
0.13499999046325684,0.0280001163482666,0.04999995231628418,0.039999961853027344,0.01699995994567871,0.061481133017090905,2.308397117113556e-8,-0.12296224295021065,0.12296228911815298,-1.0614811099331198,-6.938518843898938
0.12199997901916504,0.0279998779296875,0.042999982833862305,0.029999971389770508,0.021000146865844727,4.999999999991098,5.798063255706925e-10,-9.99999999940239,10.000000000562002,-5.999999999411291,-1.9999999994290958
0.13899993896484375,0.01900005340576172,0.037999868392944336,0.04400014877319336,0.037999868392944336,0.7828373311409859,0.01182880950815223,-1.5538458527738195,1.577503471790124,-1.7710085216328335,-6.205333859350862
0.14299988746643066,0.053999900817871094,0.029999971389770508,0.032000064849853516,0.026999950408935547,0.4682455131179051,0.2085409042569901,-0.72795012197882,1.1450319304928003,-1.259704608860915,-6.323213582625105
0.13000011444091797,0.02500009536743164,0.02500009536743164,0.045999765396118164,0.03400015830993652,2.1022960745406114,0.08585170485256415,-4.118740444228659,4.290443853933787,-3.016444369688047,-4.811852220606824
0.12100005149841309,0.03800010681152344,0.026999950408935547,0.026999950408935547,0.029000043869018555,4.895015375738674,8.70885700440017e-10,-9.790030750606462,9.790030752348233,-5.895015374867788,-2.1049846233904406
0.10800004005432129,0.02200007438659668,0.026999950408935547,0.026999950408935547,0.032000064849853516,1.357610611574923,5.909605028355519e-10,-2.715221222558885,2.7152212237408064,-2.3576106109839623,-5.6423893878341165
0.11400008201599121,0.026000022888183594,0.032000064849853516,0.025999784469604492,0.03000020980834961,2.5559624416970905e-9,0.05956707556782025,0.05956707045589537,0.05956708067974514,-0.9404329269881422,-6.9404329218762175
0.11999988555908203,0.03099989891052246,0.0280001163482666,0.042999982833862305,0.017999887466430664,2.5559624416970905e-9,1.5334044803818032e-8,1.0222119920423851e-8,2.0445969687212213e-8,-0.9999999872219176,-6.999999982109993
0.10699987411499023,0.029999971389770508,0.021999835968017578,0.029000043869018555,0.026000022888183594,2.1022960745406114,0.004955639401997794,-4.199636509679225,4.209547788483221,-3.0973404351386136,-4.89274828605739
0.12400007247924805,0.03000020980834961,0.039999961853027344,0.034999847412109375,0.01900005340576172,4.254452754096134,0.0029645937703783962,-8.505940914421888,8.511870101962646,-5.2514881603257555,-2.742582652133488
0.11800003051757812,0.029000043869018555,0.03900003433227539,0.0280001163482666,0.021999835968017578,4.220588209398792,0.0029645937703783962,-8.438211825027205,8.444141012567963,-5.217623615628414,-2.77644719683083
0.12899994850158691,0.023000001907348633,0.017999887466430664,0.031000137329101562,0.056999921798706055,2.7388315373682595,0.07716459912586227,-5.400498475610656,5.554827673862381,-3.661666938242397,-4.184003863505878
0.10900020599365234,0.031000137329101562,0.03699994087219238,0.02500009536743164,0.016000032424926758,1.7037248477910134,5.8967496456606774e-6,-3.4074437988323814,3.4074555923316723,-2.7037189510413677,-5.296269255459341
0.12599992752075195,0.023000001907348633,0.029000043869018555,0.046000003814697266,0.0279998779296875,0.3902841453728998,8.549748608105155e-10,-0.7805682898908247,0.7805682916007745,-1.390284144517925,-6.6097158537721254
0.13400006294250488,0.02200007438659668,0.03500008583068848,0.04399991035461426,0.03299999237060547,4.999999999991098,4.869073037621579e-10,-9.999999999495289,10.000000000469102,-5.99999999950419,-1.9999999995219948
0.1269998550415039,0.015999794006347656,0.031000137329101562,0.03699994087219238,0.042999982833862305,1.4234028400395005e-9,2.308397117113556e-8,2.023716549105656e-8,2.593077685121456e-8,-0.9999999783394317,-6.999999975492626
0.11299991607666016,0.03099989891052246,0.029000043869018555,0.031000137329101562,0.021999835968017578,2.904006400925895,0.6533333548206087,-5.154679447031182,6.461346156672398,-3.250673046105286,-3.442660244253496
0.09999990463256836,0.016000032424926758,0.026999950408935547,0.029999971389770508,0.026999950408935547,4.090003178558853,0.0029645937703783962,-8.177041763347328,8.182970950888086,-5.087038584788475,-2.9070322276707685
0.12100005149841309,0.024000167846679688,0.017999887466430664,0.0410001277923584,0.037999868392944336,4.895015375738674,8.70885700440017e-10,-9.790030750606462,9.790030752348233,-5.895015374867788,-2.1049846233904406
0.12999987602233887,0.039999961853027344,0.04199981689453125,0.02700018882751465,0.020999908447265625,2.6640011207016467,0.06975999244956071,-5.258242248953732,5.397762233852855,-3.594241128252086,-4.266238886848793
0.13299989700317383,0.03099989891052246,0.04399991035461426,0.032000064849853516,0.026000022888183594,4.736417008937389,0.0017397752417915944,-9.471094242632986,9.47457379311657,-5.734677233695598,-2.2618432158208197
0.125,0.037000179290771484,0.039999961853027344,0.0279998779296875,0.019999980926513672,4.88362916201728,6.81288394552735e-11,-9.76725832396643,9.767258324102688,-5.883629161949151,-2.116370837914592
0.12299990653991699,0.023000001907348633,0.031999826431274414,0.03500008583068848,0.03299999237060547,0.3949432982198251,9.429804636157123e-10,-0.7898865954966697,0.7898865973826307,-1.3949432972768445,-6.605056700837195
0.12999987602233887,0.02500009536743164,0.0409998893737793,0.03299999237060547,0.03099989891052246,4.782059226631896,1.6841361993512695e-10,-9.564118453095379,9.564118453432204,-5.782059226463482,-2.2179407731996905
0.13100004196166992,0.034999847412109375,0.040000200271606445,0.028999805450439453,0.02700018882751465,3.8063466420392826,0.0007116171862912024,-7.611981666892274,7.613404901264857,-4.805635024852991,-3.192941740774426
0.1119999885559082,0.026999950408935547,0.021000146865844727,0.028999805450439453,0.03500008583068848,3.436252632644954,0.0763385373107543,-6.796166727979154,6.948843802600662,-4.359914095334199,-3.487408830044292
0.12400007247924805,0.029999971389770508,0.029999971389770508,0.029000043869018555,0.03500008583068848,4.15641403936753,3.4292789413674124e-10,-8.312828078392133,8.312828079077988,-5.156414039024603,-2.843585960289542
0.10800004005432129,0.032000064849853516,0.0279998779296875,0.0280001163482666,0.019999980926513672,0.20949911422553402,0.2395476221718526,-0.17945060627921544,0.6585458506229207,-0.9699514920536814,-6.550953263602613
0.12899994850158691,0.05500006675720215,0.03099989891052246,0.021000146865844727,0.021999835968017578,0.3949432982198251,1.580703267295157e-10,-0.7898865962815799,0.7898865965977205,-1.3949432980617549,-6.605056701622105
0.11099982261657715,0.02499985694885254,0.039999961853027344,0.019999980926513672,0.026000022888183594,4.254452754096134,0.0003529996164777314,-8.50855250857579,8.509258507808745,-5.254099754479656,-2.7451942462873884
0.11599993705749512,0.02499985694885254,0.03800010681152344,0.034999847412109375,0.018000125885009766,2.1022960745406114,0.004955639401997794,-4.199636509679225,4.209547788483221,-3.0973404351386136,-4.89274828605739
0.1119999885559082,0.018000125885009766,0.026000022888183594,0.03699994087219238,0.03099989891052246,0.3949432982198251,9.429804636157123e-10,-0.7898865954966697,0.7898865973826307,-1.3949432972768445,-6.605056700837195
0.10799980163574219,0.023999929428100586,0.017999887466430664,0.03500008583068848,0.03099989891052246,4.314836400265098,0.002945577710105316,-8.62672722282009,8.632618378240302,-5.311890822554993,-2.682218022024797
0.11699986457824707,0.026000022888183594,0.028999805450439453,0.04200005531311035,0.019999980926513672,0.34083632434124,0.2201382913996379,-0.4615343572828421,0.9018109400821179,-1.120698032941602,-6.439025384259122
0.12199997901916504,0.023999929428100586,0.029999971389770508,0.037999868392944336,0.03000020980834961,4.09464287094123,0.0017301953173928328,-8.187555546565067,8.191015937199852,-5.092912675623837,-2.9036269337413776
0.09999990463256836,0.016000032424926758,0.02499985694885254,0.029999971389770508,0.029000043869018555,4.221172124252654,0.0022723304460136127,-8.440071918059294,8.44461657895132,-5.21889979380664,-2.776555545301333
0.12199997901916504,0.02500009536743164,0.026999950408935547,0.029999971389770508,0.039999961853027344,0.9563136071274168,0.07866998082625656,-1.833957233428577,1.99129719508109,-1.8776436263011602,-5.965016412046326
0.1119999885559082,0.018999814987182617,0.029000043869018555,0.02500009536743164,0.03900003433227539,3.43314043937484,0.0005099903595858907,-6.865770888390094,6.866790869109265,-4.432630449015254,-3.566349570265574
0.0989999771118164,0.023000001907348633,0.01699995994567871,0.023000001907348633,0.03600001335144043,4.537235878443246,0.002945577710105316,-9.071526179176386,9.077417334596598,-5.534290300733141,-2.459818543846649
0.11699986457824707,0.03099989891052246,0.026999950408935547,0.026999950408935547,0.032000064849853516,4.869004385634858,0.00017408325941135677,-9.737834688010304,9.738182854529127,-5.8688303023754465,-2.130821531105731
0.11999988555908203,0.03299999237060547,0.029000043869018555,0.0279998779296875,0.029999971389770508,2.1022960745406114,0.004883551293517261,-4.199708597787706,4.20947570037474,-3.097412523247094,-4.892820374165871
0.12899994850158691,0.04499983787536621,0.02500009536743164,0.029000043869018555,0.029999971389770508,2.0523612275177143,0.01880468660528939,-4.085917768430139,4.123527141640718,-3.033556540912425,-4.928834085876996
0.0820000171661377,0.016000032424926758,0.020999908447265625,0.02200007438659668,0.023000001907348633,3.2658555465651067,0.0031100065172543004,-6.528601086612959,6.534821099647468,-4.262745540047852,-3.731034446917639
0.07800006866455078,0.019999980926513672,0.01900005340576172,0.01699995994567871,0.02200007438659668,4.999999999996024,1.0840928779628806e-8,-9.999999989151119,10.000000010832975,-5.999999989155095,-1.9999999891630473
0.10400009155273438,0.016000032424926758,0.02200007438659668,0.03099989891052246,0.03500008583068848,1.7037248477910134,2.1399511363981856e-7,-3.407449481586913,3.4074499095771404,-2.7037246337958996,-5.296274938213873
0.16499996185302734,0.03699994087219238,0.042999982833862305,0.037000179290771484,0.04799985885620117,3.2658555465651067,0.0031100065172543004,-6.528601086612959,6.534821099647468,-4.262745540047852,-3.731034446917639
0.14100003242492676,0.03099989891052246,0.024000167846679688,0.06399989128112793,0.02200007438659668,1.6274411993810824,2.1399511363981856e-7,-3.2548821847670513,3.2548826127572785,-2.627440985385969,-5.3725585866238035
0.1119999885559082,0.026000022888183594,0.0279998779296875,0.029000043869018555,0.029000043869018555,1.6850723126114706,1.4058742968509043e-10,-3.3701446250823537,3.3701446253635288,-2.6850723124708833,-5.314927687247942
0.11500000953674316,0.01900005340576172,0.01900005340576172,0.039999961853027344,0.03699994087219238,2.5559624416970905e-9,8.113484090265836e-10,-4.3005764743675974e-9,5.923273292420765e-9,-1.000000001744614,-6.999999996632689
0.13899993896484375,0.02500009536743164,0.03899979591369629,0.051000118255615234,0.023999929428100586,4.999999999991098,1.26553405504318e-8,-9.999999987326856,10.000000012637535,-5.999999987335757,-1.9999999873535614
0.09300017356872559,0.01900005340576172,0.015000104904174805,0.032000064849853516,0.026999950408935547,0.13692670347940505,0.05334220335901901,-0.2205112035997911,0.3271956103178291,-1.083584500120386,-6.8097310931615755
0.0989999771118164,0.020999908447265625,0.020000219345092773,0.02499985694885254,0.03299999237060547,1.5973273196125901,0.06605358135965192,-3.128601057865528,3.2607082205848323,-2.5312737382529384,-5.336619099027758
0.1119999885559082,0.0280001163482666,0.029000043869018555,0.0279998779296875,0.026999950408935547,0.9743375199945503,1.680052720381728e-7,-1.9486748719838285,1.9486752079943728,-1.9743373519892784,-6.025662312000177
0.13699984550476074,0.0279998779296875,0.032000064849853516,0.03600001335144043,0.0409998893737793,4.314836400265098,0.002136108613326391,-8.62753669191687,8.631808909143523,-5.312700291651772,-2.6830274911215755
0.11600017547607422,0.026000022888183594,0.024000167846679688,0.0409998893737793,0.02500009536743164,0.39963148044761776,4.299824701980463e-10,-0.799262960465253,0.799262961325218,-1.3996314800176353,-6.6003685191224
0.11699986457824707,0.026000022888183594,0.01900005340576172,0.029999971389770508,0.04199981689453125,0.0051262172793359595,0.04656481566221204,0.03631238110354012,0.05681725022088396,-0.9585614016171239,-6.948308967058452
0.11500000953674316,0.017999887466430664,0.0280001163482666,0.037999868392944336,0.031000137329101562,3.2658555465651067,0.13210015563495253,-6.399610937495261,6.663811248765166,-4.133755390930155,-3.602044297799941
0.12100005149841309,0.02500009536743164,0.017999887466430664,0.03699994087219238,0.0410001277923584,0.3949432982198251,1.580703267295157e-10,-0.7898865962815799,0.7898865965977205,-1.3949432980617549,-6.605056701622105
0.13100004196166992,0.023000001907348633,0.039999961853027344,0.03800010681152344,0.029999971389770508,3.8063466420392826,0.02317234857837148,-7.589520935500194,7.6358656326569365,-4.783174293460911,-3.1704810093823457
0.11500000953674316,0.018000125885009766,0.023999929428100586,0.039999961853027344,0.03299999237060547,3.2256898966309135,0.0009910022533133403,-6.450388791008514,6.45237079551514,-4.2246988943776,-3.773319101115773
0.10299992561340332,0.020999908447265625,0.026999950408935547,0.031000137329101562,0.023999929428100586,2.661539453392345,0.004883551293517261,-5.318195355491173,5.327962458078207,-3.6566559020988274,-4.333576995314138
0.11899995803833008,0.023000001907348633,0.03299999237060547,0.03400015830993652,0.028999805450439453,2.020714977877156,0.06975999244956071,-3.9716699633047514,4.111189948203873,-2.9509549854275954,-4.909525029673283
0.12599992752075195,0.03600001335144043,0.025999784469604492,0.03600001335144043,0.0280001163482666,4.070549859468751,0.0023047350265981304,-8.138794983910904,8.1434044539641,-5.068245124442153,-2.9271454055046506
0.11300015449523926,0.016000032424926758,0.019999980926513672,0.042999982833862305,0.03400015830993652,1.5254569077608613,0.004714924891665687,-3.0461988906300568,3.0556287404133884,-2.520741982869196,-5.469828167347473
0.10000014305114746,0.016000032424926758,0.026000022888183594,0.03099989891052246,0.02700018882751465,1.5254569077608613,0.00039987266657914074,-3.0505139428551433,3.051313688188302,-2.5250570350942825,-5.47414321957256
0.12299990653991699,0.026999950408935547,0.029000043869018555,0.03900003433227539,0.0279998779296875,1.7791679673438296,0.004882976861456424,-3.553452957826203,3.5632189115491157,-2.774284990482373,-5.215949055794714
0.14400005340576172,0.02499985694885254,0.03500008583068848,0.0559999942779541,0.0280001163482666,1.512044584750737,0.022193793549657802,-3.0018953759518165,3.046282963051132,-2.4898507912010794,-5.465761621699605
0.125,0.0279998779296875,0.029000043869018555,0.03800010681152344,0.029999971389770508,1.9032804344764973,0.0006288734985939824,-3.8059319954544004,3.807189742451589,-2.9026515609779033,-5.096090692024909
0.12000012397766113,0.01900005340576172,0.03299999237060547,0.042999982833862305,0.02500009536743164,4.846405086977291,4.869073037621579e-10,-9.692810173467675,9.692810174441489,-5.846405086490384,-2.1535949125358016
0.11899995803833008,0.04699993133544922,0.029999971389770508,0.021000146865844727,0.020999908447265625,3.224250324580006,0.0009910022533133403,-6.447509646906699,6.449491651413325,-4.223259322326692,-3.7747586731666805
0.09500002861022949,0.024000167846679688,0.019999980926513672,0.029000043869018555,0.021999835968017578,2.914656505130672,0.0031100065172543004,-5.826203003744089,5.832423016778598,-3.9115464986134176,-4.082233488352074
0.11800003051757812,0.031999826431274414,0.015000104904174805,0.042999982833862305,0.0280001163482666,2.8834136578819805,0.04689061498853104,-5.71993670077543,5.8137179307524915,-3.8365230428934494,-4.0696957271294885
0.12999987602233887,0.026000022888183594,0.03900003433227539,0.037999868392944336,0.026999950408935547,2.5559624416970905e-9,0.20584842518985078,0.2058484200779259,0.20584843030177566,-0.7941515773661116,-6.7941515722541865
0.0989999771118164,0.01900005340576172,0.026999950408935547,0.031000137329101562,0.021999835968017578,2.5559624416970905e-9,0.4416688771820396,0.44166887207011474,0.4416688822939645,-0.5583311253739228,-6.558331120261998
0.12599992752075195,0.023000001907348633,0.029999971389770508,0.029000043869018555,0.04399991035461426,0.3409875525733489,8.113484090265836e-10,-0.6819751043353494,0.6819751059580462,-1.3409875517620005,-6.659012446615303
0.13000011444091797,0.029000043869018555,0.032000064849853516,0.046000003814697266,0.023000001907348633,4.314836400265098,0.0008669939229563363,-8.62880580660724,8.630539794453153,-5.313969406342141,-2.6842966058119453
0.09800004959106445,0.018000125885009766,0.01699995994567871,0.029000043869018555,0.03399991989135742,2.661539453392345,0.004883551293517261,-5.318195355491173,5.327962458078207,-3.6566559020988274,-4.333576995314138
0.1380000114440918,0.026000022888183594,0.026999950408935547,0.05900001525878906,0.026000022888183594,3.2658555465651067,0.0031100065172543004,-6.528601086612959,6.534821099647468,-4.262745540047852,-3.731034446917639
0.10500001907348633,0.02499985694885254,0.016000032424926758,0.031000137329101562,0.03299999237060547,3.2658555465651067,0.0031100065172543004,-6.528601086612959,6.534821099647468,-4.262745540047852,-3.731034446917639
0.13399982452392578,0.0279998779296875,0.05299997329711914,0.02500009536743164,0.0279998779296875,0.9743375199945503,3.307748509482207e-8,-1.9486750069116154,1.9486750730665858,-1.9743374869170651,-6.0256624469279645
0.12199997901916504,0.037999868392944336,0.032000064849853516,0.020999908447265625,0.031000137329101562,4.9849581057811045,4.869073037621579e-10,-9.969916211075303,9.969916212049116,-5.984958105294197,-2.015041893731988
0.12199997901916504,0.019999980926513672,0.042999982833862305,0.03500008583068848,0.023999929428100586,4.788059704315533,0.2073184922304585,-9.368800916400607,9.783437900861523,-5.580741212085075,-2.0046218034540093
0.12400007247924805,0.04699993133544922,0.03500008583068848,0.02200007438659668,0.019999980926513672,0.3409875525733489,0.04693190157837921,-0.6350432035683186,0.728907006725077,-1.2940556509949697,-6.612080545848272
0.12299990653991699,0.026000022888183594,0.039999961853027344,0.029000043869018555,0.0279998779296875,4.0238190154941265,3.437381605547135e-10,-8.047638030644515,8.04763803133199,-5.023819015150388,-2.976180984162135
0.11100006103515625,0.020999908447265625,0.039999961853027344,0.029000043869018555,0.021000146865844727,2.661539453392345,0.0030134451145067496,-5.320065461670183,5.326092351899197,-3.658526008277838,-4.335447101493148
0.10300016403198242,0.019999980926513672,0.026000022888183594,0.024000167846679688,0.03299999237060547,0.3409875525733489,8.113484090265836e-10,-0.6819751043353494,0.6819751059580462,-1.3409875517620005,-6.659012446615303
0.127000093460083,0.03400015830993652,0.021999835968017578,0.03299999237060547,0.03800010681152344,3.8063466420392826,3.437381605547135e-10,-7.612693283734827,7.612693284422304,-4.806346641695544,-3.193653357616979
0.13499999046325684,0.020999908447265625,0.05200004577636719,0.03600001335144043,0.026000022888183594,1.0217333683978,2.7398392278494094e-10,-2.043466736521616,2.043466737069584,-2.021733368123816,-5.978266631328216
0.12600016593933105,0.018000125885009766,0.04800009727478027,0.03599977493286133,0.024000167846679688,0.01602229805253763,3.307748509482207e-8,-0.032044563027590164,0.03204462918256036,-1.0160222649750525,-6.9839776688699775
0.12600016593933105,0.029999971389770508,0.03300023078918457,0.03299999237060547,0.029999971389770508,0.3409875525733489,8.113484090265836e-10,-0.6819751043353494,0.6819751059580462,-1.3409875517620005,-6.659012446615303
0.09400010108947754,0.01699995994567871,0.023000001907348633,0.026999950408935547,0.02700018882751465,1.1265108845748273e-9,0.35842901503162894,0.35842901277860717,0.3584290172846507,-0.641570986094882,-6.64157098384186
0.14599990844726562,0.03699994087219238,0.03600001335144043,0.04500007629394531,0.0279998779296875,4.534431220761451,0.0008327995691818392,-9.068029641953721,9.069695241092084,-5.53359842119227,-2.464735979669367
0.12599992752075195,0.032000064849853516,0.029999971389770508,0.03399991989135742,0.029999971389770508,1.512044584750737,0.022193793549657802,-3.0018953759518165,3.046282963051132,-2.4898507912010794,-5.465761621699605
0.125,0.04699993133544922,0.03099989891052246,0.01900005340576172,0.0280001163482666,4.999999999991098,1.68480685355738e-10,-9.999999999813715,10.000000000150676,-5.9999999998226174,-1.9999999998404219
0.10800004005432129,0.023999929428100586,0.02500009536743164,0.032000064849853516,0.026999950408935547,3.3455395863620487,8.113484090265836e-10,-6.691079171912749,6.691079173535446,-4.3455395855507,-3.654460412826603
0.1400001049041748,0.04900002479553223,0.04500007629394531,0.026000022888183594,0.01900005340576172,0.18226467024575999,3.437381605547135e-10,-0.3645293401477818,0.3645293408352581,-1.1822646699020218,-6.817735329410501
0.1119999885559082,0.02500009536743164,0.029000043869018555,0.0279998779296875,0.029999971389770508,4.314836400265098,0.0008669939229563363,-8.62880580660724,8.630539794453153,-5.313969406342141,-2.6842966058119453
0.11599993705749512,0.023999929428100586,0.032000064849853516,0.029999971389770508,0.029999971389770508,2.962020178964295,0.4509281028693884,-5.473112255059201,6.374968460797978,-3.5110920760949065,-3.587051718166317
0.11899995803833008,0.032000064849853516,0.03699994087219238,0.029000043869018555,0.020999908447265625,0.3140548139075864,0.13975345141936524,-0.48835617639580753,0.767863079234538,-1.174301362488221,-6.546191734673048
0.12899994850158691,0.031999826431274414,0.03000020980834961,0.04499983787536621,0.02200007438659668,2.661539453392345,0.07256145059239393,-5.250517456192296,5.395640357377084,-3.588978002799951,-4.265899096015261
0.11100006103515625,0.029000043869018555,0.034999847412109375,0.0280001163482666,0.01900005340576172,1.6751114859252034,0.0563330917931484,-3.2938898800572582,3.4065560636435555,-2.618778394132055,-5.268555422281648
0.12400007247924805,0.02499985694885254,0.0280001163482666,0.032000064849853516,0.03900003433227539,2.530335943173047,0.004883551293517261,-5.055788335052577,5.0655554376396115,-3.5254523918795297,-4.464780505533435
0.12299990653991699,0.0279998779296875,0.037000179290771484,0.029999971389770508,0.0279998779296875,4.434369950218863,0.0008669939229563363,-8.86787290651477,8.869606894360683,-5.433502956295906,-2.5647630558581804
0.12400007247924805,0.026999950408935547,0.040000200271606445,0.03299999237060547,0.023999929428100586,4.018035460139192,0.000525867602921868,-8.035545052675461,8.036596787881306,-5.01750959253627,-2.9814386722578865
0.10899996757507324,0.021000146865844727,0.029999971389770508,0.03099989891052246,0.026999950408935547,4.650982229390265,1.756672118492407e-10,-9.301964458604862,9.301964458956197,-5.6509822292145975,-2.3490177704340676
0.12100005149841309,0.01900005340576172,0.037999868392944336,0.039999961853027344,0.024000167846679688,2.5559624416970905e-9,8.041734649269547e-10,-4.307751418467226e-9,5.916098348321136e-9,-1.000000001751789,-6.999999996639864
0.11299991607666016,0.019999980926513672,0.026999950408935547,0.03299999237060547,0.03299999237060547,4.999999999995088,1.6951057629368413e-10,-9.999999999820666,10.000000000159687,-5.999999999825578,-1.999999999835401
0.11699986457824707,0.021999835968017578,0.020000219345092773,0.04199981689453125,0.03299999237060547,3.6245624635230222,3.212407752634872e-10,-7.249124926724804,7.249124927367285,-4.624562463201782,-3.375437536155737
0.12899994850158691,0.0409998893737793,0.046000003814697266,0.023000001907348633,0.01900005340576172,1.512044584750737,0.06595666539151004,-2.958132504109964,3.0900458348929845,-2.4460879193592273,-5.421998749857753
0.12800002098083496,0.023999929428100586,0.04200005531311035,0.029999971389770508,0.032000064849853516,0.9743375199945503,0.02077119586686239,-1.9279038441222383,1.969446235855963,-1.953566324127688,-6.004891284138587
0.11700010299682617,0.019999980926513672,0.042999982833862305,0.03500008583068848,0.01900005340576172,0.9677068592300958,0.06328048228984397,-1.8721332361703475,1.9986942007500357,-1.9044263769402519,-5.96901265848006
0.10899996757507324,0.01900005340576172,0.02500009536743164,0.034999847412109375,0.029999971389770508,0.3409875525733489,3.067483805984687e-10,-0.6819751048399494,0.6819751054534462,-1.3409875522666006,-6.659012447119903
0.13499999046325684,0.037999868392944336,0.03600001335144043,0.029999971389770508,0.031000137329101562,2.1022960745406114,0.24163275254709515,-3.962959396534128,4.446224901628318,-2.860663321993516,-4.656071172912293
0.09599995613098145,0.015000104904174805,0.029000043869018555,0.021999835968017578,0.029999971389770508,2.1022960745406114,0.11809345488087299,-4.086498694200349,4.322685603962096,-2.9842026196597384,-4.779610470578516
0.11899995803833008,0.02499985694885254,0.029000043869018555,0.03900003433227539,0.026000022888183594,4.999999999995088,0.19453703769317332,-9.805462962297003,10.19453703768335,-5.805462962301915,-1.8054629623117382
0.12899994850158691,0.026999950408935547,0.037000179290771484,0.031999826431274414,0.03299999237060547,1.512044584750737,0.23483300229449192,-2.7892561672069824,3.258922171795966,-2.2772115824562453,-5.253122412954771
0.13499999046325684,0.0559999942779541,0.03299999237060547,0.0279998779296875,0.018000125885009766,2.6455866395910093,0.0018142887118991567,-5.289358990470119,5.292987567893918,-3.64377235087911,-4.3525990716970915
0.11899995803833008,0.03099989891052246,0.032000064849853516,0.03600001335144043,0.019999980926513672,4.500966676734684,1.3095874789739035e-10,-9.00193335333841,9.001933353600327,-5.500966676603726,-2.4990333231343573
0.1119999885559082,0.018000125885009766,0.02200007438659668,0.046000003814697266,0.025999784469604492,3.7321563968741023,3.212407752634872e-10,-7.464312793426964,7.464312794069445,-4.7321563965528615,-3.267843602804657
0.11500000953674316,0.020999908447265625,0.029000043869018555,0.03099989891052246,0.03400015830993652,3.5500787260263755,1.6770892136649403e-10,-7.1001574518850425,7.10015745222046,-4.550078725858667,-3.4499212738059155
0.13100004196166992,0.03600001335144043,0.03600001335144043,0.03600001335144043,0.023000001907348633,2.1022960745406114,0.004883551293517261,-4.199708597787706,4.20947570037474,-3.097412523247094,-4.892820374165871
0.12199997901916504,0.02500009536743164,0.034999847412109375,0.032000064849853516,0.029999971389770508,5.644704703655634e-10,8.041734649269547e-10,-3.247674758041721e-10,1.9331144056580816e-9,-0.999999999760297,-6.999999998631356
0.13899993896484375,0.03299999237060547,0.039999961853027344,0.03299999237060547,0.03299999237060547,3.5908206364234783,3.212407752634872e-10,-7.181641272525716,7.181641273168197,-4.5908206361022375,-3.409179363255281
0.12599992752075195,0.028999805450439453,0.031000137329101562,0.037999868392944336,0.0280001163482666,3.2672560063779947,3.212407752634872e-10,-6.534512012434749,6.53451201307723,-4.267256006056754,-3.7327439933007645
0.127000093460083,0.03600001335144043,0.024000167846679688,0.03099989891052246,0.03600001335144043,0.9334325943272131,0.13685285103056688,-1.7300123376238594,2.003718039684993,-1.7965797432966464,-5.92971455464222
0.11599993705749512,0.032000064849853516,0.03099989891052246,0.029999971389770508,0.023000001907348633,1.929758095864533,0.004883551293517261,-3.8546326404355487,3.8643997430225836,-2.924874544571016,-5.065358352841949
0.12100005149841309,0.03699994087219238,0.03600001335144043,0.026999950408935547,0.021000146865844727,0.3409875525733489,1.3448084702711122e-10,-0.6819751050122169,0.6819751052811787,-1.3409875524388681,-6.65901244729217
0.11899995803833008,0.023999929428100586,0.02700018882751465,0.03599977493286133,0.032000064849853516,3.435407784801122,0.05491935679164458,-6.8158962128106,6.925734926393888,-4.380488428009477,-3.5096728584072334
0.1399998664855957,0.025999784469604492,0.03900003433227539,0.03299999237060547,0.04200005531311035,3.2672560063779947,6.886148435563344e-10,-6.534512012067375,6.534512013444604,-4.267256005689379,-3.7327439929333903
0.1099998950958252,0.021999835968017578,0.029000043869018555,0.0280001163482666,0.03099989891052246,5.644704703655634e-10,3.354897786661851e-10,-7.934511620649417e-10,1.464430719397312e-9,-1.0000000002289806,-6.99999999910004
0.11800003051757812,0.037000179290771484,0.03099989891052246,0.031000137329101562,0.018999814987182617,0.9743375199945503,3.307748509482207e-8,-1.9486750069116154,1.9486750730665858,-1.9743374869170651,-6.0256624469279645
0.11699986457824707,0.026999950408935547,0.03099989891052246,0.029000043869018555,0.029999971389770508,0.9743375199945503,1.6769694976524762e-8,-1.9486750232194057,1.9486750567587956,-1.9743375032248554,-6.025662463235754
0.12999987602233887,0.0279998779296875,0.04500007629394531,0.03699994087219238,0.019999980926513672,3.2672560063779947,3.212407752634872e-10,-6.534512012434749,6.53451201307723,-4.267256006056754,-3.7327439933007645
0.11699986457824707,0.023000001907348633,0.0279998779296875,0.029999971389770508,0.03600001335144043,4.175967513473051,1.3095874789739035e-10,-8.351935026815143,8.35193502707706,-5.175967513342092,-2.824032486395991
0.12000012397766113,0.02700018882751465,0.037999868392944336,0.03600001335144043,0.01900005340576172,3.192965755745654,3.212407752634872e-10,-6.385931511170067,6.385931511812549,-4.192965755424414,-3.807034243933105
0.1230001449584961,0.03800010681152344,0.0409998893737793,0.023000001907348633,0.021000146865844727,2.812229665148098,0.03162863589873178,-5.592830694397464,5.656087966194927,-3.780601029249366,-4.156141698953171
0.13100004196166992,0.023999929428100586,0.0410001277923584,0.03500008583068848,0.03099989891052246,0.00950646154768564,2.454551322611834e-10,-0.01901292284991615,0.019012923340826413,-1.0095064613022304,-6.990493538206859
0.13499999046325684,0.04800009727478027,0.0409998893737793,0.017000198364257812,0.028999805450439453,4.6769170845043915,1.3095874789739035e-10,-9.353834168877825,9.353834169139741,-5.676917084373433,-2.32308291536465
0.11699986457824707,0.0279998779296875,0.03400015830993652,0.025999784469604492,0.029000043869018555,1.8372908825580172,0.11285088306983183,-3.5617308820462026,3.7874326481858662,-2.7244399994881854,-5.0498582343721505
0.12899994850158691,0.03099989891052246,0.023999929428100586,0.031000137329101562,0.042999982833862305,3.7954737015269946,3.1814181641616735e-10,-7.590947402735847,7.590947403372131,-4.795473701208852,-3.2045262981548635
0.13299989700317383,0.029999971389770508,0.04200005531311035,0.03099989891052246,0.029999971389770508,1.2272274940586319,2.0955785743787115e-9,-2.4544549860216853,2.454454990212842,-2.2272274919630535,-5.77277250384579
0.11899995803833008,0.023000001907348633,0.019999980926513672,0.046000003814697266,0.029999971389770508,1.512044584750737,0.03276437970574877,-2.9913247897957254,3.056853549207223,-2.4792802050449883,-5.455191035543514
0.12199997901916504,0.031999826431274414,0.03400015830993652,0.0279998779296875,0.0280001163482666,5.644704703655634e-10,7.914116965937833e-11,-1.0497997710717484e-9,1.2080821103905053e-9,-1.0000000004853293,-6.999999999356389
0.09999990463256836,0.020999908447265625,0.021000146865844727,0.0279998779296875,0.029999971389770508,2.1022960745406114,0.004883551293517261,-4.199708597787706,4.20947570037474,-3.097412523247094,-4.892820374165871
0.14999985694885254,0.03600001335144043,0.04699993133544922,0.029000043869018555,0.037999868392944336,2.1022960745406114,0.004869103179412812,-4.19972304590181,4.209461252260636,-3.0974269713611986,-4.892834822279976
0.10800004005432129,0.02700018882751465,0.021999835968017578,0.0280001163482666,0.03099989891052246,4.796518624804444,0.00024814056256337825,-9.592789109046324,9.59328539017145,-5.79627048424188,-2.203233234632993
0.12599992752075195,0.031999826431274414,0.032000064849853516,0.03099989891052246,0.031000137329101562,2.1022960745406114,0.004717763317252022,-4.19987438576397,4.209309912398475,-3.0975783112233595,-4.892986162142137
0.11599993705749512,0.03299999237060547,0.03600001335144043,0.029000043869018555,0.017999887466430664,0.369622907072518,1.3448084702711122e-10,-0.7392458140105551,0.7392458142795169,-1.3696229069380372,-6.630377092793001
0.12599992752075195,0.03600001335144043,0.04699993133544922,0.023000001907348633,0.019999980926513672,4.861160006375329,1.6951057629368413e-10,-9.722320012581147,9.722320012920168,-5.861160006205818,-2.1388399934551607
0.11700010299682617,0.017000198364257812,0.046000003814697266,0.03099989891052246,0.023000001907348633,1.460888217732839,0.004869103179412812,-2.9169073322862653,2.926645538645091,-2.4560191145534263,-5.534242679087749
0.11100006103515625,0.02200007438659668,0.03099989891052246,0.037000179290771484,0.020999908447265625,5.644704703655634e-10,7.914116965937833e-11,-1.0497997710717484e-9,1.2080821103905053e-9,-1.0000000004853293,-6.999999999356389
0.1119999885559082,0.01699995994567871,0.024000167846679688,0.03399991989135742,0.03699994087219238,0.011429873923212597,1.3448084702711122e-10,-0.022859747711944347,0.02285974798090604,-1.0114298737887317,-6.9885701259423065
0.15199995040893555,0.026000022888183594,0.07200002670288086,0.031999826431274414,0.02200007438659668,1.7409765626102358,0.004869103179412812,-3.477084022041059,3.4868222283998844,-2.736107459430823,-5.254154334210352
0.125,0.0280001163482666,0.03900003433227539,0.029000043869018555,0.028999805450439453,1.4261261955758922,0.1793481897286484,-2.672904201423136,3.0316005808804327,-2.2467780058472435,-5.39452561469546
0.1230001449584961,0.037000179290771484,0.04199981689453125,0.026000022888183594,0.018000125885009766,4.999999999995088,5.833998461610704e-11,-9.999999999931838,10.000000000048516,-5.999999999936748,-1.9999999999465716
0.10899996757507324,0.02500009536743164,0.0279998779296875,0.029999971389770508,0.026000022888183594,3.9654147834203317,2.2803218671092637e-10,-7.930829566612632,7.930829567068695,-4.9654147831922995,-3.034585216351636
0.14600014686584473,0.051000118255615234,0.03900003433227539,0.0279998779296875,0.0280001163482666,2.1134034560138417,0.0007423174372050761,-4.226064594590478,4.227549229464889,-3.1126611385766365,-4.885854226548953
0.1119999885559082,0.026999950408935547,0.026000022888183594,0.029000043869018555,0.029999971389770508,2.847082791669148,0.12314717751925831,-5.5710184058190375,5.817312760857554,-3.7239356141498896,-4.029770030811594
0.12000012397766113,0.029000043869018555,0.03400015830993652,0.029999971389770508,0.026999950408935547,3.8158426177224065,6.075514220001972e-11,-7.631685235384058,7.631685235505568,-4.815842617661652,-3.1841573822168385
0.12199997901916504,0.021000146865844727,0.03099989891052246,0.03800010681152344,0.031999826431274414,3.7321563968741023,3.212407752634872e-10,-7.464312793426964,7.464312794069445,-4.7321563965528615,-3.267843602804657
0.1510000228881836,0.03600001335144043,0.046000003814697266,0.031999826431274414,0.037000179290771484,1.352799658990738,0.001376101555526566,-2.7042232164259494,2.706975419537003,-2.3514235574352114,-5.645824239453735
0.10199999809265137,0.02200007438659668,0.025999784469604492,0.03000020980834961,0.023999929428100586,4.137303862437776,0.17163572565622526,-8.102971999219326,8.446243450531776,-4.9656681367815505,-2.6910604119059993
0.11699986457824707,0.031999826431274414,0.029000043869018555,0.032000064849853516,0.023999929428100586,3.569875817054306,0.12922057769843912,-7.010531056410173,7.268972211807052,-4.440655239355867,-3.300903605247255
0.11099982261657715,0.02499985694885254,0.029000043869018555,0.029000043869018555,0.0279998779296875,0.23450327571467477,0.15941477078378433,-0.30959178064556525,0.6284213222131338,-1.0750885049308905,-6.6060819535015405
0.1399998664855957,0.031999826431274414,0.051000118255615234,0.032000064849853516,0.02499985694885254,2.8388970548237564,0.35426170100055077,-5.323532408646962,6.032055810648064,-3.4846353538232058,-3.806841244175693
0.12000012397766113,0.020000219345092773,0.0279998779296875,0.03699994087219238,0.03500008583068848,4.173343142179393,1.3095874789739035e-10,-8.346686284227827,8.346686284489744,-5.173343142048434,-2.826656857689649
0.10700011253356934,0.02200007438659668,0.029999971389770508,0.026000022888183594,0.029000043869018555,0.2842800105590546,1.2572518416570739e-10,-0.568560020992384,0.5685600212438344,-1.2842800104333294,-6.71571998931522
0.11299991607666016,0.0280001163482666,0.03399991989135742,0.03299999237060547,0.017999887466430664,3.1316293789051874,0.0022306432445226097,-6.261028114565852,6.265489401054897,-4.129398735660665,-3.86613997785029
0.13299989700317383,0.04499983787536621,0.046000003814697266,0.023000001907348633,0.01900005340576172,4.478510101404101,0.07873087524508895,-8.878289327563113,9.035751078053291,-5.399779226159012,-2.44275902335081
0.127000093460083,0.029000043869018555,0.03299999237060547,0.04700016975402832,0.017999887466430664,1.460888217732839,9.291830810318792e-7,-2.921775506282597,2.9217773646487593,-2.460887288549758,-5.53911085308408
0.1119999885559082,0.02200007438659668,0.026999950408935547,0.031000137329101562,0.031999826431274414,2.661539453392345,0.0030134451145067496,-5.320065461670183,5.326092351899197,-3.658526008277838,-4.335447101493148
0.11500000953674316,0.01900005340576172,0.03599977493286133,0.032000064849853516,0.0280001163482666,4.175967513473051,0.32086645581284085,-8.031068571133261,8.672801482758942,-4.85510105766021,-2.503166030714109
0.1230001449584961,0.03699994087219238,0.03500008583068848,0.03299999237060547,0.018000125885009766,3.145464287029118,0.12922057769843912,-6.161707996359796,6.420149151756675,-4.016243709330679,-3.725315135272443
0.11999988555908203,0.019999980926513672,0.04199981689453125,0.03400015830993652,0.023999929428100586,1.460888217732839,9.291830810318792e-7,-2.921775506282597,2.9217773646487593,-2.460887288549758,-5.53911085308408
0.10400009155273438,0.01699995994567871,0.03000020980834961,0.026000022888183594,0.03099989891052246,0.021923510107721977,7.914116965937833e-11,-0.04384702013630278,0.04384702029458513,-1.0219235100285808,-6.978076489813136
0.11400008201599121,0.02500009536743164,0.03299999237060547,0.03299999237060547,0.023000001907348633,1.4286468812463011,1.304461944005332e-7,-2.857293632046408,2.8572938929387965,-2.428646750800107,-5.571352988307504
0.13199996948242188,0.03099989891052246,0.03400015830993652,0.03399991989135742,0.03299999237060547,3.740526179031496,0.12922057769843912,-7.351831780364552,7.610272935761431,-4.611305601333057,-3.130253243270065
0.11400008201599121,0.018000125885009766,0.032000064849853516,0.03599977493286133,0.0280001163482666,3.1316293789051874,0.0022306432445226097,-6.261028114565852,6.265489401054897,-4.129398735660665,-3.86613997785029
0.10400009155273438,0.024000167846679688,0.020999908447265625,0.03500008583068848,0.023999929428100586,2.9008454640708172,0.0030134451145067496,-5.798677483027127,5.804704373256142,-3.8978320189563105,-4.096141090814676
0.11100006103515625,0.029000043869018555,0.029000043869018555,0.029000043869018555,0.023000001907348633,2.677127934236852,0.0030134451145067496,-5.351242423359197,5.357269313588211,-3.674114489122345,-4.319858620648642
0.12100005149841309,0.01900005340576172,0.023000001907348633,0.03600001335144043,0.042999982833862305,4.974525133369418,9.704211562607819e-11,-9.949050266641793,9.949050266835878,-5.974525133272375,-2.02547486653354
0.1400001049041748,0.03400015830993652,0.039999961853027344,0.039999961853027344,0.026000022888183594,4.141489268767849,5.833998461610704e-11,-8.282978537477359,8.282978537594037,-5.141489268709509,-2.858510731173811
0.11100006103515625,0.014999866485595703,0.02700018882751465,0.03099989891052246,0.03800010681152344,4.141489268767849,1.1795549643234291e-11,-8.282978537523903,8.282978537547493,-5.141489268756053,-2.8585107312203553
0.17799997329711914,0.09100008010864258,0.037999868392944336,0.0280001163482666,0.020999908447265625,3.569875817054306,0.08974486479268254,-7.05000676931593,7.229496498901295,-4.480130952261623,-3.3403793181530115
0.13400006294250488,0.02499985694885254,0.023000001907348633,0.03400015830993652,0.05200004577636719,0.9743375199945503,1.6769694976524762e-8,-1.9486750232194057,1.9486750567587956,-1.9743375032248554,-6.025662463235754
0.09999990463256836,0.026000022888183594,0.023999929428100586,0.031000137329101562,0.017999887466430664,4.30831508089833,7.914116965937833e-11,-8.616630161717518,8.616630161875802,-5.308315080819189,-2.6916849190225287
0.12399983406066895,0.042999982833862305,0.029000043869018555,0.023000001907348633,0.028999805450439453,0.019885904589737713,5.833998461610704e-11,-0.03977180912113544,0.03977180923781541,-1.0198859045313977,-6.980114095351922
0.10799980163574219,0.021999835968017578,0.029999971389770508,0.02500009536743164,0.03099989891052246,1.2462779515537186,1.6769694976524762e-8,-2.492555886337742,2.492555919877132,-2.2462779347840236,-5.7537220316765865
0.11700010299682617,0.026000022888183594,0.032000064849853516,0.026000022888183594,0.03299999237060547,0.5886782018736303,1.6769694976524762e-8,-1.1773563869775656,1.1773564205169555,-1.5886781851039353,-6.4113217813566745
0.11899995803833008,0.039999961853027344,0.023999929428100586,0.029000043869018555,0.026000022888183594,4.478510101404101,0.07873087524508895,-8.878289327563113,9.035751078053291,-5.399779226159012,-2.44275902335081
0.11900019645690918,0.02500009536743164,0.03600001335144043,0.032000064849853516,0.026000022888183594,5.644704703655634e-10,7.853965082463642e-11,-1.0504012899064903e-9,1.2074805915557634e-9,-1.0000000004859309,-6.99999999935699
0.11800003051757812,0.04200005531311035,0.03399991989135742,0.023000001907348633,0.01900005340576172,1.46949618247798,0.17138929710244344,-2.7676030678535164,3.1103816620584035,-2.2981068853755366,-5.359114520419577
0.08500003814697266,0.017999887466430664,0.016000032424926758,0.02700018882751465,0.023999929428100586,4.478510101404101,0.0710588338551198,-8.885961368953083,9.028079036663321,-5.407451267548981,-2.450431064740779
0.08599996566772461,0.018000125885009766,0.020999908447265625,0.01900005340576172,0.0279998779296875,4.478510101404101,0.07873087524508895,-8.878289327563113,9.035751078053291,-5.399779226159012,-2.44275902335081
0.17399978637695312,0.023999929428100586,0.06500005722045898,0.04900002479553223,0.03599977493286133,4.047601153469073,0.272434754492352,-7.822767552445795,8.367637061430498,-4.7751663989767215,-2.679964092038575
0.125,0.029999971389770508,0.026000022888183594,0.03800010681152344,0.03099989891052246,0.9743375199945503,0.2074683523624149,-1.7412066876266858,2.1561433923515154,-1.7668691676321355,-5.818194127643035
0.1269998550415039,0.019999980926513672,0.0409998893737793,0.04200005531311035,0.023999929428100586,3.7092979600202725,0.08974486479268254,-7.3288510552478625,7.508340784833227,-4.61955309522759,-3.200957175187045
0.12599992752075195,0.031999826431274414,0.029999971389770508,0.040000200271606445,0.023999929428100586,3.4401820757671,0.08974486479268254,-6.790619286741517,6.970109016326882,-4.350437210974418,-3.470073059440218
0.127000093460083,0.018000125885009766,0.039999961853027344,0.039999961853027344,0.029000043869018555,0.5929663349556236,0.24284962240994135,-0.9430830475013058,1.4287822923211886,-1.3501167125456823,-6.164184042634435
0.09299993515014648,0.016000032424926758,0.0279998779296875,0.026000022888183594,0.023000001907348633,4.999999999995088,5.833998461610704e-11,-9.999999999931838,10.000000000048516,-5.999999999936748,-1.9999999999465716
0.11399984359741211,0.03099989891052246,0.023000001907348633,0.029000043869018555,0.03099989891052246,4.885120330385009,0.023002018728779258,-9.74723864204124,9.793242679498796,-5.862118311656229,-2.091877650886212
0.14099979400634766,0.026999950408935547,0.046000003814697266,0.03699994087219238,0.03099989891052246,0.7436486917199076,1.5976269651084296e-8,-1.4872973674635455,1.4872973994160847,-1.7436486757436378,-6.2563512923038225
0.10800004005432129,0.029000043869018555,0.020999908447265625,0.032000064849853516,0.026000022888183594,5.644704703655634e-10,7.853965082463642e-11,-1.0504012899064903e-9,1.2074805915557634e-9,-1.0000000004859309,-6.99999999935699
0.13299989700317383,0.03600001335144043,0.034999847412109375,0.031000137329101562,0.03099989891052246,4.449485952057449,0.07999829117853252,-8.818973612936366,8.97897019529343,-5.369487660878916,-2.4705157567640184
0.11599993705749512,0.026000022888183594,0.03899979591369629,0.029000043869018555,0.02200007438659668,0.14867125443569884,1.4403196204465507e-5,-0.2973281056751932,0.2973569120676022,-1.1486568512394943,-6.851314342368097
0.12800002098083496,0.023999929428100586,0.023000001907348633,0.0410001277923584,0.039999961853027344,2.661539453392345,0.0017193916153066622,-5.321359515169383,5.324798298399997,-3.659820061777038,-4.336741154992348
0.11500000953674316,0.019999980926513672,0.04200005531311035,0.03399991989135742,0.01900005340576172,4.77524535455245,6.1580591687926715e-12,-9.55049070909874,9.550490709111058,-5.775245354546292,-2.2247546454413927
0.09200000762939453,0.020999908447265625,0.023000001907348633,0.0280001163482666,0.019999980926513672,3.637638891656894,0.2924377837545197,-6.9828399995592685,7.567715567068308,-4.3452011079023745,-3.0699233245885864
0.09300017356872559,0.02200007438659668,0.019999980926513672,0.026999950408935547,0.024000167846679688,3.7092979600202725,0.08974486479268254,-7.3288510552478625,7.508340784833227,-4.61955309522759,-3.200957175187045
0.12399983406066895,0.019999980926513672,0.017999887466430664,0.03299999237060547,0.05299997329711914,0.14867125443569884,6.292227598042599e-6,-0.2973362166437996,0.29734880109899575,-1.1486649622081009,-6.851322453336703
0.16100001335144043,0.04900002479553223,0.0279998779296875,0.03600001335144043,0.04800009727478027,2.661539453392345,0.0005765837041186248,-5.322502323080571,5.323655490488808,-3.6609628696882264,-4.337883962903536
0.14300012588500977,0.0280001163482666,0.046000003814697266,0.039999961853027344,0.029000043869018555,1.13269793857572,0.5075846804819731,-1.7578111966694672,2.7729805576334132,-1.625113258093747,-5.359717380942307
0.12299990653991699,0.023999929428100586,0.03299999237060547,0.03800010681152344,0.0279998779296875,2.4733630615597693,0.0018486128099378038,-4.944877510309601,4.948574735929476,-3.4715144487498315,-4.524788325630293
0.14499998092651367,0.026000022888183594,0.03900003433227539,0.037999868392944336,0.04200005531311035,4.999999999996813,2.0367692638667588e-11,-9.999999999973259,10.000000000013994,-5.9999999999764455,-1.999999999982819
0.08300018310546875,0.029000043869018555,0.018000125885009766,0.01900005340576172,0.01699995994567871,0.060671112960140605,1.6769694976524762e-8,-0.12134220915058623,0.12134224268997619,-1.0606710961904455,-6.939328870270164
0.0969998836517334,0.026999950408935547,0.023999929428100586,0.020000219345092773,0.025999784469604492,4.999999999998774,5.833998461610704e-11,-9.99999999993921,10.000000000055888,-5.999999999940434,-1.9999999999428857
0.1510000228881836,0.01900005340576172,0.0559999942779541,0.04399991035461426,0.032000064849853516,3.894020063529724,0.08974486479268254,-7.6982952622667655,7.87778499185213,-4.804275198737042,-3.0162350716775936
0.1400001049041748,0.029000043869018555,0.019999980926513672,0.03600001335144043,0.05500006675720215,4.999999999999784,1.3287023254515727e-11,-9.999999999986281,10.000000000012855,-5.999999999986497,-1.9999999999869287
0.14899992942810059,0.05500006675720215,0.03299999237060547,0.03099989891052246,0.029999971389770508,4.999999999999995,5.833998461610704e-11,-9.99999999994165,10.000000000058328,-5.999999999941655,-1.9999999999416653
0.11099982261657715,0.0279998779296875,0.029000043869018555,0.029999971389770508,0.023999929428100586,2.313283443601356,0.0017916281598301873,-4.624775259042882,4.6283585153625415,-3.3114918154415256,-4.684924928238814
0.11500000953674316,0.026000022888183594,0.021999835968017578,0.03400015830993652,0.03299999237060547,2.1054652500213353,0.000183553555921194,-4.21074694648675,4.211114053598592,-3.105281696465414,-4.894351196422743
0.1380000114440918,0.026999950408935547,0.04900002479553223,0.039999961853027344,0.02200007438659668,3.1316293789051874,0.0022306432445226097,-6.261028114565852,6.265489401054897,-4.129398735660665,-3.86613997785029
0.11700010299682617,0.026000022888183594,0.023000001907348633,0.03900003433227539,0.029000043869018555,1.460888217732839,0.15404060811846876,-2.7677358273472095,3.0758170435841468,-2.3068476096143704,-5.385071174148692
0.10700011253356934,0.016000032424926758,0.023999929428100586,0.03299999237060547,0.03400015830993652,4.996054993646674,0.04255191539929501,-9.949558071894053,10.034661902692644,-5.95350307824738,-1.9613930909540311
0.10199999809265137,0.019999980926513672,0.023999929428100586,0.031000137329101562,0.026999950408935547,4.105382962917951,1.3321116961166958e-11,-8.210765925822582,8.210765925849223,-5.10538296290463,-2.894617037068728
0.13700008392333984,0.029999971389770508,0.03800010681152344,0.03099989891052246,0.03800010681152344,1.264392768614067,1.6769694976524762e-8,-2.528785520458439,2.528785553997829,-2.264392751844372,-5.735607214616238
0.11300015449523926,0.01900005340576172,0.032000064849853516,0.03099989891052246,0.031000137329101562,2.4883691801318224,0.0018486128099378038,-4.974889747453707,4.9785869730735826,-3.4865205673218846,-4.50978220705824
0.13700008392333984,0.0279998779296875,0.029999971389770508,0.04900002479553223,0.03000020980834961,3.7092979600202725,0.063553529908034,-7.355042390132511,7.482149449948579,-4.645744430112238,-3.2271485100716935
0.11500000953674316,0.017000198364257812,0.031999826431274414,0.03299999237060547,0.03299999237060547,1.2182965548960154,0.04107937895129943,-2.3955137308407313,2.4776724887433303,-2.177217175944716,-5.7406240661526855
0.1119999885559082,0.017999887466430664,0.03399991989135742,0.03800010681152344,0.02200007438659668,2.4077864486992775,0.0005765837041186248,-4.8149963136944365,4.8161494811026735,-3.407209864995159,-4.591636967596604
0.12000012397766113,0.03800010681152344,0.03299999237060547,0.029999971389770508,0.01900005340576172,4.085731637175621,1.1795549643234291e-11,-8.171463274339446,8.171463274363036,-5.085731637163825,-2.9142683628125834
0.12599992752075195,0.023000001907348633,0.04800009727478027,0.03099989891052246,0.023999929428100586,4.380495919877155,0.00024715159108691133,-8.760744688163223,8.761238991345396,-5.380248768286068,-2.619256928531758
0.127000093460083,0.03800010681152344,0.03600001335144043,0.031999826431274414,0.021000146865844727,2.7122168693818476,9.183638955501148e-12,-5.424433738754511,5.424433738772879,-3.712216869372664,-4.287783130608968
0.12800002098083496,0.023000001907348633,0.042999982833862305,0.032000064849853516,0.029999971389770508,4.141433248867425,0.0696746231423642,-8.213191874592486,8.352541120877213,-5.07175862572506,-2.788892127990211
0.11899995803833008,0.026000022888183594,0.026000022888183594,0.039999961853027344,0.026999950408935547,3.7093539799206487,1.1397201621998785e-11,-7.4187079598299,7.418707959852695,-4.709353979909252,-3.290646020067954
0.12400007247924805,0.03299999237060547,0.03299999237060547,0.03099989891052246,0.02700018882751465,4.999999999999784,3.4039289116050457e-12,-9.999999999996165,10.000000000002972,-5.999999999996381,-1.9999999999968123
0.12299990653991699,0.03600001335144043,0.039999961853027344,0.023999929428100586,0.023000001907348633,0.6575655418148574,2.9679565577187092e-9,-1.3151310806617582,1.3151310865976713,-1.6575655388469008,-6.342434455217186
0.12099981307983398,0.019999980926513672,0.04399991035461426,0.03500008583068848,0.021999835968017578,3.7093539799206487,5.877372247909485e-11,-7.418707959782524,7.418707959900071,-4.709353979861875,-3.2906460200205774
0.13099980354309082,0.05299997329711914,0.03099989891052246,0.023999929428100586,0.023000001907348633,5.644704703655634e-10,0.19509404046630036,0.19509403933735942,0.1950940415952413,-0.8049059600981701,-6.804905958969229
0.10899996757507324,0.023999929428100586,0.029000043869018555,0.029000043869018555,0.026999950408935547,4.38590928311087,6.851504469973544e-12,-8.771818566214888,8.77181856622859,-5.385909283104018,-2.614090716882279
0.13199996948242188,0.048999786376953125,0.02700018882751465,0.0279998779296875,0.0280001163482666,3.7039406157766246,0.00013143193383403397,-7.407749799619415,7.408012663487083,-4.7038091838427905,-3.2959279522895413
0.1119999885559082,0.026000022888183594,0.026999950408935547,0.031000137329101562,0.0279998779296875,5.644704703655634e-10,0.022661080665350147,0.022661079536409206,0.022661081794291087,-0.9773389198991204,-6.9773389187701795
0.1359999179840088,0.04500007629394531,0.034999847412109375,0.0280001163482666,0.0279998779296875,3.1316293789051874,0.2521782501752354,-6.01108050763514,6.51543700798561,-3.879451128729952,-3.616192370919577
0.13199996948242188,0.026999950408935547,0.029000043869018555,0.03500008583068848,0.0409998893737793,0.536461304621435,1.6769694976524762e-8,-1.0729225924731751,1.072922626012565,-1.53646128785174,-6.46353867860887
0.1419999599456787,0.04700016975402832,0.03699994087219238,0.029000043869018555,0.0279998779296875,0.022464490722851393,0.03887695895346047,-0.0060520224922423135,0.08380594039916325,-0.983587531769391,-6.938658550323688
0.14299988746643066,0.03399991989135742,0.042999982833862305,0.03900003433227539,0.026999950408935547,0.8219306196593034,0.03734233107592245,-1.6065189082426843,1.6812035703945292,-1.784588288583381,-6.1407270492647745
0.11299991607666016,0.023000001907348633,0.03099989891052246,0.026000022888183594,0.03299999237060547,2.4468180262685353,0.0005698473067211648,-4.893066205230349,4.894205899843792,-3.446248178961814,-4.552612126424743
0.13200020790100098,0.03400015830993652,0.03099989891052246,0.03699994087219238,0.03000020980834961,4.122557423891008,0.0003795447683437817,-8.244735303013673,8.24549439255036,-5.122177879122664,-2.877063031340648
0.12999987602233887,0.02499985694885254,0.04200005531311035,0.0410001277923584,0.021999835968017578,3.1316293789051874,0.00759358997493916,-6.255665167835436,6.270852347785314,-4.124035788930248,-3.8607770311198735
0.1510000228881836,0.023000001907348633,0.021999835968017578,0.046000003814697266,0.06000018119812012,4.38590928311087,0.12375995616145395,-8.648058610060286,8.895578522383193,-5.262149326949416,-2.4903307607276766
0.18600010871887207,0.03800010681152344,0.0709998607635498,0.03800010681152344,0.03900003433227539,1.8836582311604784,0.0005698473067211648,-3.7667466150142355,3.767886309627678,-2.883088383853757,-5.115771921532801
0.20000004768371582,0.06500005722045898,0.04900002479553223,0.04900002479553223,0.03699994087219238,3.130924798606964,0.010765833329554284,-6.251083763884374,6.272615430543482,-4.12015896527741,-3.8583093680634817
0.21499991416931152,0.06500005722045898,0.04699993133544922,0.0710000991821289,0.031999826431274414,2.4468180262685353,0.3190942565881355,-4.574541795948935,5.212730309125206,-3.1277237696804,-4.234087717143329
0.1789999008178711,0.04499983787536621,0.05800008773803711,0.039999961853027344,0.03600001335144043,2.4468180262685353,0.0005698473067211648,-4.893066205230349,4.894205899843792,-3.446248178961814,-4.552612126424743
0.18699979782104492,0.0279998779296875,0.0710000991821289,0.05499982833862305,0.03299999237060547,2.488876731327078,0.0005698473067211648,-4.9771836153474345,4.978323309960877,-3.4883068840203566,-4.5105534213662
0.11700010299682617,0.02200007438659668,0.023000001907348633,0.03399991989135742,0.03800010681152344,4.999999999999784,0.07746300592852394,-9.922536994071045,10.077463005928092,-5.92253699407126,-1.9225369940716917
0.12000012397766113,0.031000137329101562,0.0279998779296875,0.029999971389770508,0.031000137329101562,2.6885035311835686,0.0008233851605878948,-5.376183677206549,5.377830447527725,-3.6876801460229807,-4.310673083655844
0.12400007247924805,0.03399991989135742,0.03500008583068848,0.02500009536743164,0.029999971389770508,3.1316293789051874,0.08983657048493678,-6.173422187325438,6.3530953282953115,-4.041792808420251,-3.778534050609876
0.13900017738342285,0.023000001907348633,0.040000200271606445,0.048999786376953125,0.02700018882751465,4.999999999999784,0.07484967380481887,-9.92515032619475,10.074849673804387,-5.925150326194966,-1.9251503261953973
0.11400008201599121,0.020999908447265625,0.02500009536743164,0.03099989891052246,0.037000179290771484,1.5040040424359322,0.3504844659862729,-2.6575236188855915,3.3584925508581374,-2.1535195764496593,-5.145511491577794
0.13400006294250488,0.024000167846679688,0.04199981689453125,0.04400014877319336,0.023999929428100586,4.996872677410643,0.03457283899398654,-9.9591725158273,10.028318193815272,-5.962299838416657,-1.968554483595371
0.18400001525878906,0.023000001907348633,0.07400012016296387,0.05799984931945801,0.029000043869018555,4.552217792262517,0.6268203479965556,-8.477615236528477,9.73125593252159,-4.925397444265961,-1.8209618597409278
0.2259998321533203,0.04699993133544922,0.07699990272521973,0.06100010871887207,0.0409998893737793,5.644704703655634e-10,7.853965082463642e-11,-1.0504012899064903e-9,1.2074805915557634e-9,-1.0000000004859309,-6.99999999935699
0.11500000953674316,0.020999908447265625,0.019999980926513672,0.029999971389770508,0.04400014877319336,3.219938535310792,0.0005698473067211648,-6.439307223314863,6.4404469179283055,-4.219368688004071,-3.7794916173824866
0.1399998664855957,0.026999950408935547,0.03299999237060547,0.042999982833862305,0.03699994087219238,1.460888217732839,9.291830810318792e-7,-2.921775506282597,2.9217773646487593,-2.460887288549758,-5.53911085308408
0.12199997901916504,0.023999929428100586,0.02200007438659668,0.03699994087219238,0.03900003433227539,1.89555466749708,4.5200941878190473e-7,-3.7911088829847412,3.791109787003579,-2.8955542154876612,-5.104444880493501
0.13100004196166992,0.029000043869018555,0.032000064849853516,0.04399991035461426,0.026000022888183594,1.3033225662451629,0.12004298519557755,-2.4866021472947484,2.726688117685903,-2.183279581049585,-5.576634448559259
0.11500000953674316,0.021000146865844727,0.029000043869018555,0.031999826431274414,0.03299999237060547,3.533205217768516,0.16268246915286744,-6.903727966384164,7.2290929046898995,-4.370522748615649,-3.3041123130786167
0.11800003051757812,0.023000001907348633,0.03399991989135742,0.03299999237060547,0.0280001163482666,0.9743375199945503,0.2286039314817433,-1.7200711085073572,2.177278971470844,-1.745733588512807,-5.797058548523706
0.14599990844726562,0.04699993133544922,0.05200004577636719,0.023000001907348633,0.023999929428100586,4.38590928311087,0.0003694664188298696,-8.77144909980291,8.77218803264057,-5.38553981669204,-2.6137212504703005
0.10799980163574219,0.02499985694885254,0.031000137329101562,0.025999784469604492,0.026000022888183594,3.772002191311845,1.4714631860744941e-5,-7.54398966799183,7.544019097255551,-4.771987476679985,-3.2279830940562944
0.12399983406066895,0.029999971389770508,0.023999929428100586,0.031000137329101562,0.03899979591369629,4.879625003368903,1.1397201621998785e-11,-9.75925000672641,9.759250006749204,-5.879625003357506,-2.1203749966196996
0.12299990653991699,0.023999929428100586,0.0410001277923584,0.03099989891052246,0.026999950408935547,3.6542800601740377,0.025487562916859816,-7.283072557431216,7.334047683264935,-4.628792497257178,-3.3202323769091024
0.14100003242492676,0.034999847412109375,0.057000160217285156,0.026999950408935547,0.02200007438659668,0.6050067401525423,2.4044949470156227e-9,-1.2100134779005896,1.2100134827095796,-1.6050067377480475,-6.394993257442962
0.13499999046325684,0.046000003814697266,0.029999971389770508,0.03299999237060547,0.026000022888183594,2.832343959848263,0.0007758117082047409,-5.663912107988321,5.6654637314047305,-3.8315681481400583,-4.1668802284435325
0.10800004005432129,0.019999980926513672,0.021000146865844727,0.029000043869018555,0.037999868392944336,4.999999999999915,3.4039289116050457e-12,-9.999999999996426,10.000000000003233,-5.999999999996511,-1.9999999999966818
0.11500000953674316,0.025999784469604492,0.031000137329101562,0.0279998779296875,0.03000020980834961,0.3399875568263895,1.7714066985238916e-9,-0.6799751118813723,0.6799751154241856,-1.3399875550549827,-6.660012441402204
0.1419999599456787,0.03600001335144043,0.04499983787536621,0.032000064849853516,0.029000043869018555,3.7285745804706503,0.3027153453771307,-7.15443381556417,7.759864506318431,-4.42585923509352,-2.968710074152219
0.14700007438659668,0.04800009727478027,0.03900003433227539,0.03299999237060547,0.026999950408935547,2.7563097040939626,0.0005928780694594254,-5.512026530118466,5.513212286257384,-3.755716826024503,-4.243097417836578
0.11300015449523926,0.026999950408935547,0.031000137329101562,0.029999971389770508,0.02500009536743164,4.122557423891008,0.0003925376625434499,-8.244722310119473,8.24550738544456,-5.1221648862284646,-2.8770500384464484
0.10400009155273438,0.021000146865844727,0.017999887466430664,0.02500009536743164,0.039999961853027344,2.832343959848263,0.0007628188142172511,-5.663925100882309,5.665450738510743,-3.8315811410340457,-4.16689322133752
0.14699983596801758,0.0559999942779541,0.03099989891052246,0.03500008583068848,0.02499985694885254,4.743441526156595,9.442431942541272e-12,-9.486883052303748,9.486883052322634,-5.743441526147153,-2.2565584738339624
0.12100005149841309,0.0280001163482666,0.026999950408935547,0.03099989891052246,0.03500008583068848,3.4923005134580194,2.4044949470156227e-9,-6.9846010245115435,6.984601029320534,-4.492300511053525,-3.507699484137486
0.13100004196166992,0.03500008583068848,0.03399991989135742,0.031000137329101562,0.03099989891052246,0.8572992363264944,0.16268246915286744,-1.5519160035001214,1.8772809418058563,-1.694616767173627,-5.980018294520638
0.12199997901916504,0.023000001907348633,0.026000022888183594,0.03800010681152344,0.034999847412109375,4.545502037501289,0.312773528975663,-8.778230546026915,9.403777603978241,-5.232728508525626,-2.1417244335230476
0.14899992942810059,0.059999942779541016,0.0279998779296875,0.031000137329101562,0.029999971389770508,2.416502618874912,0.001586938862091214,-4.831418298887733,4.834592176611915,-3.414915680012821,-4.581910442262997
0.10800004005432129,0.018000125885009766,0.028999805450439453,0.037000179290771484,0.023999929428100586,4.38590928311087,6.851504469973544e-12,-8.771818566214888,8.77181856622859,-5.385909283104018,-2.614090716882279
0.1380000114440918,0.04800009727478027,0.03099989891052246,0.032000064849853516,0.026999950408935547,2.832343959848263,0.0007628188142172511,-5.663925100882309,5.665450738510743,-3.8315811410340457,-4.16689322133752
0.13400006294250488,0.029999971389770508,0.03500008583068848,0.03699994087219238,0.032000064849853516,2.509970400050853,0.0004996285050805668,-5.019441171596625,5.020440428606786,-3.5094707715457725,-4.489529971444067
0.11699986457824707,0.023999929428100586,0.024000167846679688,0.03099989891052246,0.037999868392944336,2.488876731327078,0.0005698473067211648,-4.9771836153474345,4.978323309960877,-3.4883068840203566,-4.5105534213662
0.12599992752075195,0.03099989891052246,0.031000137329101562,0.03099989891052246,0.03299999237060547,0.97871719657741,8.69292648396369e-10,-1.9574343922855273,1.9574343940241126,-1.9787171957081173,-6.021282802553298
0.14299988746643066,0.026000022888183594,0.018999814987182617,0.0559999942779541,0.04200005531311035,0.325160432999826,1.0407421696431826e-9,-0.6503208649589098,0.6503208670403942,-1.325160431959084,-6.674839565959432
0.14400005340576172,0.03300023078918457,0.03699994087219238,0.04399991035461426,0.029999971389770508,3.166989717522882,0.08210925889312434,-6.251870176152639,6.416088693938889,-4.084880458629758,-3.7509010235839937
0.11899995803833008,0.028999805450439453,0.0280001163482666,0.03099989891052246,0.031000137329101562,0.04127165760799256,0.0007949606071317009,-0.08174835460885342,0.08333827582311683,-1.0404766970008608,-6.957933381784875
0.11999988555908203,0.02499985694885254,0.02500009536743164,0.039999961853027344,0.029999971389770508,4.122557423891008,0.051423538229174025,-8.193691309552841,8.296538386011191,-5.071133885661834,-2.826019037879818
0.125,0.031000137329101562,0.03099989891052246,0.03500008583068848,0.0279998779296875,3.0865691537483584,0.00036433154567507616,-6.172773975951042,6.1735026390423915,-4.086204822202683,-3.9130665147059664
0.12599992752075195,0.023999929428100586,0.019999980926513672,0.03600001335144043,0.046000003814697266,3.520433455216304,1.6769694976524762e-8,-7.040866893662913,7.040866927202303,-4.520433438446609,-3.479566528014001
0.12800002098083496,0.02500009536743164,0.032000064849853516,0.042999982833862305,0.0279998779296875,0.9675771366595411,0.0007628188142172511,-1.934391454504865,1.9359170921332995,-1.966814317845324,-6.031660044526242
0.11699986457824707,0.019999980926513672,0.023999929428100586,0.032000064849853516,0.0409998893737793,3.2031961761799472,0.0007628188142172511,-6.405629533545677,6.407155171174112,-4.20243335736573,-3.7960410050058355
0.11900019645690918,0.0280001163482666,0.03399991989135742,0.026999950408935547,0.03000020980834961,4.981723826650164,0.001586938862091214,-9.961860714438236,9.96503459216242,-5.980136887788073,-2.016689234487745
0.1399998664855957,0.03399991989135742,0.03299999237060547,0.051999807357788086,0.019999980926513672,2.342004200732188,3.4039289116050457e-12,-4.684008401460972,4.684008401467779,-3.342004200728784,-4.657995799264408
0.11999988555908203,0.026000022888183594,0.0279998779296875,0.03699994087219238,0.029000043869018555,3.4016873478137604,0.08210925889312434,-6.721265436734396,6.885483954520645,-4.319578088920636,-3.5162033932931154
0.12199997901916504,0.028999805450439453,0.024000167846679688,0.034999847412109375,0.03400015830993652,0.3399875568263895,0.4609950566988831,-0.21898005695389589,1.140970170351662,-0.8789925001275064,-6.199017386474727
0.12599992752075195,0.04400014877319336,0.03399991989135742,0.029999971389770508,0.017999887466430664,2.908073107568345,9.653370136953671e-5,-5.81604968143532,5.816242748838059,-3.9079765738669754,-4.091830358730286
0.14100003242492676,0.03299999237060547,0.05200004577636719,0.0279998779296875,0.0280001163482666,0.021516293292891397,0.10239498400592424,0.05936239742014145,0.14542757059170702,-0.9191213092869671,-6.876088722701184
0.10899996757507324,0.023000001907348633,0.03299999237060547,0.026000022888183594,0.026999950408935547,4.936856301096669,0.25028405679919985,-9.623428545394138,10.123996658992539,-5.686572244297469,-1.8128596421041312
0.1400001049041748,0.0280001163482666,0.0409998893737793,0.03800010681152344,0.03299999237060547,4.405473446139666,0.27571377809653447,-8.535233114182798,9.086660670375867,-5.129759668043132,-2.3188127757637993
0.12800002098083496,0.031000137329101562,0.034999847412109375,0.0280001163482666,0.03399991989135742,0.26255778238982963,1.5523722412855265e-9,-0.525115563227287,0.5251155663320315,-1.2625577808374575,-6.737442216057798
0.1550002098083496,0.023000001907348633,0.057000160217285156,0.0409998893737793,0.03400015830993652,2.8660858640133045,0.00029175882594834404,-5.73187996920066,5.7324634868525575,-3.865794105187356,-4.133622377160747
0.12299990653991699,0.02200007438659668,0.03600001335144043,0.03599977493286133,0.029000043869018555,0.3399875568263895,1.3143183313677029e-9,-0.6799751123384606,0.6799751149670973,-1.3399875555120713,-6.660012441859292
0.11799979209899902,0.031999826431274414,0.02700018882751465,0.03299999237060547,0.025999784469604492,4.9415348288129515,0.0002070583535964711,-9.882862599272306,9.8832767159795,-5.941327770459355,-2.0582581128334523
0.125,0.020999908447265625,0.0280001163482666,0.031999826431274414,0.04400014877319336,1.5629844305240455,3.4039289116050457e-12,-3.125968861044687,3.125968861051495,-2.5629844305206415,-5.437015569472551
0.13499999046325684,0.046000003814697266,0.029999971389770508,0.032000064849853516,0.026999950408935547,3.7285745804706503,0.5719280704827017,-6.885221090458598,8.029077231424003,-4.156646509987949,-2.6994973490466485
0.11699986457824707,0.019999980926513672,0.020999908447265625,0.03900003433227539,0.03699994087219238,0.9675771366595411,0.0007628188142172511,-1.934391454504865,1.9359170921332995,-1.966814317845324,-6.031660044526242
0.11600017547607422,0.0280001163482666,0.029000043869018555,0.03099989891052246,0.0280001163482666,4.122557423891008,0.0003795447683437817,-8.244735303013673,8.24549439255036,-5.122177879122664,-2.877063031340648
0.12100005149841309,0.026000022888183594,0.023000001907348633,0.029999971389770508,0.04200005531311035,0.397404872327791,4.413950142892841e-11,-0.7948097446114425,0.7948097446997214,-1.3974048722836514,-6.60259512762807
0.12199997901916504,0.01900005340576172,0.046000003814697266,0.029000043869018555,0.0279998779296875,3.532321711785082,0.3027153453771307,-6.7619280781930335,7.367358768947295,-4.2296063664079515,-3.1649629428377875
0.10399985313415527,0.020999908447265625,0.026000022888183594,0.029999971389770508,0.026999950408935547,3.9867747544532657,0.0003795447683437817,-7.9731699641381875,7.973929053674875,-4.986395209684922,-3.0128457007783904
0.1120002269744873,0.026000022888183594,0.021000146865844727,0.037999868392944336,0.02700018882751465,4.259065857138943,0.1864101486152065,-8.33172156566268,8.704541862893091,-5.072655708523736,-2.5545239942458506
0.13199996948242188,0.029000043869018555,0.03899979591369629,0.037000179290771484,0.026999950408935547,4.999999999999915,1.2706353697878074e-12,-9.99999999999856,10.0000000000011,-5.999999999998644,-1.9999999999988143
0.11500000953674316,0.01900005340576172,0.023999929428100586,0.05000019073486328,0.021999835968017578,0.7711071152803164,0.15446433585622765,-1.3877498947044051,1.6966785664168604,-1.6166427794240887,-6.074428548863456
0.12599992752075195,0.029999971389770508,0.03699994087219238,0.03500008583068848,0.023999929428100586,3.8086937466609703,0.002605608555108857,-7.614781884766832,7.619993101877049,-4.806088138105862,-3.188700644783921
0.11800003051757812,0.03399991989135742,0.03400015830993652,0.029999971389770508,0.019999980926513672,4.940603372043631,0.15446433585622765,-9.726742408231035,10.035671079943489,-5.786139036187404,-1.904932292100142
0.12100005149841309,0.018000125885009766,0.029999971389770508,0.037999868392944336,0.03500008583068848,0.7303199584719988,1.2706353697878074e-12,-1.460639916942727,1.4606399169452682,-1.7303199584707283,-6.269680041526731
0.15199995040893555,0.024000167846679688,0.0409998893737793,0.053999900817871094,0.03299999237060547,4.405473446139666,0.27571377809653447,-8.535233114182798,9.086660670375867,-5.129759668043132,-2.3188127757637993
0.11699986457824707,0.037999868392944336,0.03600001335144043,0.021000146865844727,0.021999835968017578,2.342004200732188,2.9003317476350747e-12,-4.684008401461476,4.684008401467276,-3.3420042007292876,-4.657995799264912
0.11500000953674316,0.0279998779296875,0.026000022888183594,0.0280001163482666,0.03299999237060547,2.908073107568345,2.8198514239306035e-5,-5.81611801662245,5.816174413650929,-3.9080449090541056,-4.0918986939174165
0.11899995803833008,0.029999971389770508,0.029000043869018555,0.03099989891052246,0.029000043869018555,1.5728157659883752,0.0009618914044756528,-3.1446696405722747,3.1465934233812263,-2.5718538745838995,-5.426222342607149
0.1510000228881836,0.05299997329711914,0.0410001277923584,0.026999950408935547,0.029999971389770508,0.07448754062474672,7.853965082463642e-11,-0.1489750811709538,0.14897508132803308,-1.074487540546207,-6.925512459296714
0.12800002098083496,0.03000020980834961,0.03399991989135742,0.03500008583068848,0.028999805450439453,0.8838218499029296,0.25681602223024563,-1.5108276775756135,2.024459722036105,-1.627005827672684,-5.859362127866825
0.08999991416931152,0.023999929428100586,0.01900005340576172,0.01900005340576172,0.0279998779296875,4.510316820295216,0.02114986901689833,-8.999483771573534,9.041783509607331,-5.489166951278317,-2.468533310687885
0.09100008010864258,0.02700018882751465,0.021999835968017578,0.023000001907348633,0.01900005340576172,2.3457739812140064,0.006392541245012762,-4.6851554211829995,4.697940503673026,-3.3393814399689936,-4.647833477540981
0.13700008392333984,0.026000022888183594,0.021000146865844727,0.023999929428100586,0.06599998474121094,4.339488133396994,0.2751416607832011,-8.403834606010786,8.95411792757719,-5.064346472613793,-2.3853702058198047
0.13400006294250488,0.032000064849853516,0.03800010681152344,0.0409998893737793,0.023000001907348633,0.017317215723135437,0.10413825423507331,0.06950382278880243,0.13877268568134418,-0.9131789614880621,-6.878544530041792
0.127000093460083,0.02200007438659668,0.03699994087219238,0.04200005531311035,0.026000022888183594,1.1502760002325696,0.0007628188142172511,-2.299789181650922,2.3013148192793564,-2.149513181418352,-5.848961180953213
0.11899995803833008,0.024000167846679688,0.025999784469604492,0.037000179290771484,0.031999826431274414,0.676173057707655,9.217273659105325e-7,-1.352345193687944,1.352347037142676,-1.676172135980289,-6.3238260205649794
0.12800002098083496,0.0279998779296875,0.03400015830993652,0.034999847412109375,0.031000137329101562,2.8759288605341684,2.7824362081946447e-5,-5.751829896706255,5.751885545430419,-3.8759010361720865,-4.12404331510375
0.12599992752075195,0.03299999237060547,0.03399991989135742,0.03400015830993652,0.02499985694885254,3.532321711785082,0.11511915959203994,-6.949524263978124,7.179762583162204,-4.417202552193042,-3.352559128622878
0.10699987411499023,0.023999929428100586,0.029000043869018555,0.026000022888183594,0.0279998779296875,2.477648330592332,2.9003317476350747e-12,-4.955296661181764,4.955296661187564,-3.4776483305894317,-4.522351669404768
0.1100001335144043,0.02500009536743164,0.03699994087219238,0.0280001163482666,0.019999980926513672,4.339488133396994,0.15856385335883283,-8.520412413435155,8.837540120152822,-5.180924280038162,-2.5019480132441734
0.14400005340576172,0.029999971389770508,0.03800010681152344,0.04499983787536621,0.031000137329101562,4.999999999999915,1.382958327826974e-12,-9.999999999998446,10.000000000001213,-5.999999999998532,-1.9999999999987024
0.1230001449584961,0.042999982833862305,0.031000137329101562,0.029000043869018555,0.019999980926513672,5.644704703655634e-10,7.83578257828828e-11,-1.050583114948244e-9,1.2072987665140097e-9,-1.0000000004861127,-6.999999999357172
0.11700010299682617,0.02500009536743164,0.028999805450439453,0.031000137329101562,0.032000064849853516,2.161363240717794,2.052067845798077e-5,-4.32270596075713,4.3227470021140455,-3.161342720039336,-4.838616238603748
0.11600017547607422,0.01699995994567871,0.040000200271606445,0.034999847412109375,0.024000167846679688,3.8367793109719734,0.002648995434941624,-7.6709096265090055,7.676207617378888,-4.834130315537031,-3.1605716935930848
0.12999987602233887,0.03399991989135742,0.03600001335144043,0.039999961853027344,0.019999980926513672,3.8086937466609703,0.002605608555108857,-7.614781884766832,7.619993101877049,-4.806088138105862,-3.188700644783921
0.12600016593933105,0.024000167846679688,0.03899979591369629,0.031000137329101562,0.032000064849853516,2.0086203161919007,0.0009618914044756528,-4.016278740979326,4.018202523788277,-3.007658424787425,-4.9904177924036235
0.10800004005432129,0.02200007438659668,0.026000022888183594,0.034999847412109375,0.02500009536743164,0.23862894262673062,3.866057674887144e-8,-0.4772578465928845,0.477257923914038,-1.2386289039661538,-6.761371018712692
0.13100004196166992,0.029999971389770508,0.042999982833862305,0.03500008583068848,0.023000001907348633,2.9903126894261898,3.0535462529158005e-5,-5.98059484338985,5.980655914314909,-3.9902821539636606,-4.0096567751112815
0.14600014686584473,0.04800009727478027,0.029000043869018555,0.03699994087219238,0.032000064849853516,0.023013911921712427,7.83578257828828e-11,-0.046027823765067026,0.04602782392178268,-1.0230139118433546,-6.97698608799993
0.11599993705749512,0.029000043869018555,0.0279998779296875,0.029999971389770508,0.029000043869018555,2.9689851401543117,2.8198514239306035e-5,-5.937942081794384,5.937998478822863,-3.9689569416400725,-4.030986661331449
0.10800004005432129,0.0280001163482666,0.023000001907348633,0.0279998779296875,0.029000043869018555,0.29831171120160715,3.866057674887144e-8,-0.5966233837426376,0.596623461063791,-1.2983116725410304,-6.701688250137816
0.12400007247924805,0.029000043869018555,0.037999868392944336,0.026000022888183594,0.031000137329101562,3.3234819939387896,2.8198514239306035e-5,-6.64693578936334,6.646992186391818,-4.32345379542455,-3.676489807546971
0.12899994850158691,0.03399991989135742,0.03299999237060547,0.039999961853027344,0.02200007438659668,0.7124303405677173,7.83578257828828e-11,-1.4248606810570768,1.4248606812137923,-1.7124303404893593,-6.287569659353925
0.12000012397766113,0.026000022888183594,0.032000064849853516,0.03099989891052246,0.031000137329101562,0.0021716577854691277,9.063485277076262e-7,-0.004342409222410548,0.004344221919465963,-1.0021707514369413,-6.997827435866003
0.13400006294250488,0.03399991989135742,0.04400014877319336,0.0279998779296875,0.0280001163482666,4.423700632603121,0.22912659464686302,-8.61827467055938,9.076527859853105,-5.194574037956258,-2.3471727727500156
0.12000012397766113,0.02500009536743164,0.029000043869018555,0.03099989891052246,0.03500008583068848,4.507453111960321,0.01977988327979055,-8.995126340640851,9.034686107200432,-5.4876732286805305,-2.4727670047598886
0.14800000190734863,0.039999961853027344,0.031000137329101562,0.04399991035461426,0.03299999237060547,1.5701053676600536,0.001373138401201882,-3.1388375969189055,3.141583873721309,-2.5687322292588517,-5.428521493938744
0.12399983406066895,0.026999950408935547,0.037999868392944336,0.029999971389770508,0.029000043869018555,4.337132156137678,0.020813900746004303,-8.653450411529352,8.695078213021361,-5.316318255391674,-2.6420539431163172
0.11399984359741211,0.021999835968017578,0.024000167846679688,0.03299999237060547,0.034999847412109375,2.908073107568345,2.659461868293806e-5,-5.816119620518006,5.816172809755373,-3.908046512949662,-4.091900297812972
0.12800002098083496,0.031999826431274414,0.031000137329101562,0.03399991989135742,0.031000137329101562,4.337132156137678,0.020813900746004303,-8.653450411529352,8.695078213021361,-5.316318255391674,-2.6420539431163172
0.15199995040893555,0.032000064849853516,0.04499983787536621,0.037000179290771484,0.037999868392944336,3.3234819939387896,2.8198514239306035e-5,-6.64693578936334,6.646992186391818,-4.32345379542455,-3.676489807546971
0.10800004005432129,0.023000001907348633,0.020000219345092773,0.028999805450439453,0.03600001335144043,0.7225829798517176,3.398591527877628e-6,-1.4451625611119072,1.4451693582949632,-1.7225795812601898,-6.277413621556755
0.11500000953674316,0.0280001163482666,0.023999929428100586,0.032000064849853516,0.03099989891052246,2.9927545325824716,8.593016825395146e-7,-5.985508205863261,5.985509924466625,-3.992753673280789,-4.007244608115846
0.12399983406066895,0.026000022888183594,0.03299999237060547,0.031999826431274414,0.03299999237060547,4.999999999999915,0.08616158348276959,-9.91383841651706,10.0861615834826,-5.913838416517145,-1.913838416517316
0.13000011444091797,0.029000043869018555,0.020999908447265625,0.046000003814697266,0.03400015830993652,3.3234819939387896,7.87276698161536e-7,-6.646963200600881,6.646964775154277,-4.323481206662091,-3.6765172187845123
0.12599992752075195,0.03699994087219238,0.03399991989135742,0.0280001163482666,0.026999950408935547,2.7161358852037,0.029622310660361594,-5.402649459747039,5.461894081067761,-3.6865135745433384,-4.254241804135939
0.125,0.02499985694885254,0.0280001163482666,0.03399991989135742,0.03800010681152344,3.1910686269986837,1.8293511016684923e-5,-6.38211896048635,6.382155547508384,-4.1910503334876665,-3.8089130794902997
0.11999988555908203,0.04199981689453125,0.032000064849853516,0.021000146865844727,0.02499985694885254,4.40110159619304,0.05775832521158141,-8.744444867174499,8.859961517597663,-5.3433432709814594,-2.5411400785953786
0.125,0.032000064849853516,0.03699994087219238,0.03000020980834961,0.025999784469604492,0.6821834108186469,0.1364781855745611,-1.2278886360627326,1.5008450072118549,-1.5457052252440857,-6.181338403606792
0.12100005149841309,0.03399991989135742,0.03699994087219238,0.029000043869018555,0.021000146865844727,4.999999999999929,1.2706353697878074e-12,-9.999999999998588,10.000000000001128,-5.999999999998658,-1.9999999999988
0.11899995803833008,0.026999950408935547,0.02700018882751465,0.03299999237060547,0.031999826431274414,1.2343659719231044,0.001373138401201882,-2.467358805445007,2.4701050822474104,-2.2329928335219025,-5.764260889675693
0.14499998092651367,0.05299997329711914,0.03299999237060547,0.0280001163482666,0.03099989891052246,4.999999999999973,0.0009761478981274753,-9.99902385210182,10.000976147898074,-5.999023852101846,-1.9990238521018995
0.1360001564025879,0.02200007438659668,0.042999982833862305,0.032000064849853516,0.03900003433227539,4.337132156137678,0.02025529014486168,-8.654009022130495,8.694519602420218,-5.316876865992817,-2.64261255371746
0.09800004959106445,0.023999929428100586,0.01900005340576172,0.0280001163482666,0.026999950408935547,0.8876463608961953,5.321960094780769e-11,-1.775292721739171,1.7752927218456103,-1.8876463608429757,-6.1123536390505855
0.12199997901916504,0.03500008583068848,0.026999950408935547,0.03099989891052246,0.029000043869018555,4.999999999999915,0.10152009233995761,-9.898479907659873,10.101520092339786,-5.898479907659957,-1.8984799076601275
0.12199997901916504,0.031999826431274414,0.03400015830993652,0.03399991989135742,0.02200007438659668,1.5701053676600536,0.001373138401201882,-3.1388375969189055,3.141583873721309,-2.5687322292588517,-5.428521493938744
0.13100004196166992,0.029000043869018555,0.03900003433227539,0.03399991989135742,0.029000043869018555,0.7124303405677173,7.83578257828828e-11,-1.4248606810570768,1.4248606812137923,-1.7124303404893593,-6.287569659353925
0.12900018692016602,0.032000064849853516,0.03400015830993652,0.03299999237060547,0.029999971389770508,4.337132156137678,0.11854523187116504,-8.555719080404192,8.792809544146522,-5.218586924266513,-2.5443226119911566
0.10599994659423828,0.01900005340576172,0.026000022888183594,0.029999971389770508,0.03099989891052246,3.6585551709275745,0.016856520221435745,-7.300253821633714,7.3339668620765845,-4.641698650706139,-3.3245883088509895
0.12199997901916504,0.029999971389770508,0.031999826431274414,0.032000064849853516,0.0280001163482666,1.4779900085985704,0.0006748051015223873,-2.9553052120956185,2.9566548222986633,-2.477315203497048,-5.521335186299908
0.14599990844726562,0.04699993133544922,0.051000118255615234,0.0279998779296875,0.019999980926513672,5.644704703655634e-10,7.83578257828828e-11,-1.050583114948244e-9,1.2072987665140097e-9,-1.0000000004861127,-6.999999999357172
0.14700007438659668,0.04699993133544922,0.039999961853027344,0.031000137329101562,0.029000043869018555,4.40110159619304,0.037980442821258,-8.764222749564823,8.840183635207339,-5.363121153371782,-2.5609179609857016
0.13199996948242188,0.026000022888183594,0.03900003433227539,0.03399991989135742,0.03299999237060547,3.532321711785082,0.11511915959203994,-6.949524263978124,7.179762583162204,-4.417202552193042,-3.352559128622878
0.125,0.02200007438659668,0.023000001907348633,0.0409998893737793,0.03900003433227539,1.5236018205223498,0.0003978197397699186,-3.04680582130493,3.0476014607844695,-2.52320400078258,-5.47600035973788
0.13199996948242188,0.029000043869018555,0.03299999237060547,0.03600001335144043,0.03399991989135742,2.3912181461990643,0.7641490347041519,-4.018287257693976,5.546585327102281,-2.6270691114949125,-3.844632819096784
0.1230001449584961,0.018000125885009766,0.03399991989135742,0.04500007629394531,0.026000022888183594,2.7877132940257603,0.06125128635470264,-5.514175301696818,5.636677874406224,-3.7264620076710577,-4.151035419619538
0.11400008201599121,0.02500009536743164,0.018999814987182617,0.03500008583068848,0.03500008583068848,4.542294038228483,0.04316398834531267,-9.041424088111652,9.127752064802278,-5.49913004988317,-2.4145419734262044
0.1419999599456787,0.028999805450439453,0.03000020980834961,0.042999982833862305,0.039999961853027344,1.318363712328104,0.0012871266638008003,-2.635440297992407,2.638014551320009,-2.317076585664303,-5.680349161008095
0.12000012397766113,0.023999929428100586,0.02700018882751465,0.03399991989135742,0.03500008583068848,4.901478573298589,7.83578257828828e-11,-9.80295714651882,9.802957146675537,-5.901478573220231,-2.098521426623053
0.11899995803833008,0.02200007438659668,0.03299999237060547,0.03399991989135742,0.029999971389770508,0.09852142672365272,0.06404824020792486,-0.13299461323938055,0.2610910936552303,-1.034473186515728,-6.837430333068422
0.12299990653991699,0.0409998893737793,0.03299999237060547,0.02200007438659668,0.026999950408935547,2.8259521696421985,0.0005706457994919385,-5.651333693484905,5.652474985083889,-3.8253815238427067,-4.17347718455831
0.13100004196166992,0.0280001163482666,0.026000022888183594,0.03099989891052246,0.046000003814697266,1.7551113974027481,0.05872947679595627,-3.45149331800954,3.5689522716014523,-2.696381920606792,-5.186159125801296
0.10700011253356934,0.026000022888183594,0.021000146865844727,0.029999971389770508,0.029999971389770508,3.530461007864968,0.016856520221435745,-7.044065495508501,7.077778535951372,-4.513604487643532,-3.452682471913596
0.125,0.03400015830993652,0.028999805450439453,0.031000137329101562,0.03099989891052246,4.999999999999969,1.2706353697878074e-12,-9.999999999998668,10.000000000001208,-5.999999999998698,-1.99999999999876
0.11500000953674316,0.02499985694885254,0.03800010681152344,0.0279998779296875,0.024000167846679688,5.644704703655634e-10,0.001004138503278369,0.0010041373743374282,0.0010041396322193097,-0.9989958620611921,-6.998995860932252
0.1510000228881836,0.04900002479553223,0.03800010681152344,0.0279998779296875,0.03600001335144043,1.5728157659883752,4.167674739567837e-6,-3.145627364302011,3.14563569965149,-2.5728115983136357,-5.427180066336885
0.1269998550415039,0.03299999237060547,0.0279998779296875,0.03699994087219238,0.029000043869018555,4.306438970308678,0.02025529014486168,-8.592622650472494,8.633133230762217,-5.286183680163816,-2.6733057395464606
0.12999987602233887,0.03900003433227539,0.029999971389770508,0.029999971389770508,0.03099989891052246,4.337132156137678,0.02025529014486168,-8.654009022130495,8.694519602420218,-5.316876865992817,-2.64261255371746
0.12399983406066895,0.026000022888183594,0.03099989891052246,0.03299999237060547,0.03399991989135742,3.6585551709275745,0.004096444578110148,-7.313013897277039,7.321206786433259,-4.654458726349464,-3.3373483844943155
0.14100003242492676,0.04900002479553223,0.028999805450439453,0.03500008583068848,0.0280001163482666,3.6585551709275745,0.19974533373579512,-7.117365008119354,7.516855675590945,-4.4588098371917795,-3.1416994953366304
0.13400006294250488,0.02200007438659668,0.042999982833862305,0.034999847412109375,0.03400015830993652,1.9987329338271445,0.05872947679595627,-3.938736390858333,4.056195344450245,-2.940003457031188,-4.942537589376899
0.11400008201599121,0.023999929428100586,0.019999980926513672,0.03500008583068848,0.03500008583068848,3.397804707373595,0.016856520221435745,-6.778752894525755,6.812465934968626,-4.380948187152159,-3.585338772404969
0.13199996948242188,0.029999971389770508,0.03099989891052246,0.040000200271606445,0.03099989891052246,4.54948116532257,0.021149148714906016,-9.077813181930233,9.120111479360046,-5.528332016607664,-2.4293696859625244
0.13199996948242188,0.029000043869018555,0.018000125885009766,0.04499983787536621,0.039999961853027344,0.7030505768546873,2.96484998659613e-7,-1.406100857224376,1.4061014501943732,-1.7030502803696885,-6.296949126660314
0.12999987602233887,0.039999961853027344,0.029000043869018555,0.03299999237060547,0.0279998779296875,5.644704703655634e-10,0.08526307917416281,0.08526307804522187,0.08526308030310376,-0.9147369213903076,-6.914736920261367
0.125,0.029999971389770508,0.026000022888183594,0.03299999237060547,0.03600001335144043,3.2782920822427286e-10,1.988914587992153e-12,-6.536695018605536e-10,6.576473310365378e-10,-1.0000000003258402,-6.999999999670182
0.127000093460083,0.03699994087219238,0.03299999237060547,0.029000043869018555,0.0280001163482666,4.772003708888569,1.2706353697878074e-12,-9.544007417775868,9.544007417778408,-5.772003708887298,-2.22799629111016
0.13700008392333984,0.02500009536743164,0.04199981689453125,0.03600001335144043,0.03400015830993652,0.07925543651914835,0.06404824020792486,-0.09446263283037183,0.22255911324622157,-1.0152071963112235,-6.856696323272927
0.10899996757507324,0.023999929428100586,0.01699995994567871,0.03500008583068848,0.03299999237060547,3.216485678023169,0.45159246284624094,-5.981378893200097,6.8845638188925795,-3.764893215176928,-3.3319218591305897
0.13400006294250488,0.029999971389770508,0.029000043869018555,0.037000179290771484,0.037999868392944336,4.411524621421696,0.0019430060450927322,-8.8211062367983,8.824992248888485,-5.409581615376603,-2.5865323725332106
0.12599992752075195,0.0279998779296875,0.03900003433227539,0.026000022888183594,0.03299999237060547,3.6492441818086907,0.02025529014486168,-7.27823307347252,7.318743653762243,-4.628988891663829,-3.3305005280464477
0.12000012397766113,0.024000167846679688,0.03699994087219238,0.023000001907348633,0.03600001335144043,1.6402336059928473,0.037057836895574035,-3.2434093750901205,3.3175250488812686,-2.603175769097273,-5.322708557111579
0.14499998092651367,0.04399991035461426,0.03299999237060547,0.03900003433227539,0.029000043869018555,3.6585551709275745,0.002438761394860711,-7.314671580460288,7.31954910325001,-4.656116409532714,-3.339006067677565
0.12800002098083496,0.032000064849853516,0.032000064849853516,0.0409998893737793,0.023000001907348633,3.6354993340179984,0.0020714859759348343,-7.268927182060062,7.273070154011932,-4.633427848042063,-3.3624291800060666
0.12799978256225586,0.023999929428100586,0.0279998779296875,0.03299999237060547,0.042999982833862305,4.350316813012363,0.020640027272652118,-8.679993598752073,8.721273653297377,-5.329676785739711,-2.6290431597149855
0.13300013542175293,0.0410001277923584,0.03299999237060547,0.029999971389770508,0.029000043869018555,3.3349414605724177,0.01329831816635793,-6.656584602978477,6.683181239311193,-4.32164314240606,-3.6517602212612243
0.11699986457824707,0.020999908447265625,0.032000064849853516,0.029999971389770508,0.03399991989135742,1.5488326567926114,0.07851977725744236,-3.0191455363277804,3.176185090842665,-2.470312879535169,-5.372647565949946
0.11999988555908203,0.03399991989135742,0.026999950408935547,0.031000137329101562,0.0279998779296875,2.178984960666911,1.988914587992153e-12,-4.357969921331834,4.357969921335811,-3.178984960664922,-4.821015039331099
0.1420001983642578,0.029000043869018555,0.029000043869018555,0.03600001335144043,0.04800009727478027,0.21051530504648241,2.9003317476350747e-12,-0.4210306100900645,0.4210306100958652,-1.2105153050435822,-6.789484694950617
0.12399983406066895,0.029999971389770508,0.020999908447265625,0.03299999237060547,0.039999961853027344,1.6982657574888587,0.037057836895574035,-3.3594736780821433,3.4335893518732914,-2.6612079205932844,-5.2646764056155675
0.1269998550415039,0.026999950408935547,0.03800010681152344,0.029999971389770508,0.031999826431274414,2.8259521696421985,0.10038512152544757,-5.551519217758949,5.752289460809845,-3.725567048116751,-4.073662708832353
0.11899995803833008,0.019999980926513672,0.023999929428100586,0.03800010681152344,0.03699994087219238,3.397804707373595,0.19382939572572003,-6.60178001902147,6.98943881047291,-4.203975311647875,-3.4083658969006847
0.13100004196166992,0.032000064849853516,0.0280001163482666,0.042999982833862305,0.0279998779296875,0.21051530504648241,8.633989829185849e-11,-0.42103061000662495,0.4210306101793047,-1.2105153049601425,-6.789484694867178
0.11299991607666016,0.020999908447265625,0.0280001163482666,0.03099989891052246,0.03299999237060547,1.1629217493152715,3.012730241024078e-14,-2.3258434986305128,2.325843498630573,-2.1629217493152413,-5.837078250684698
0.1399998664855957,0.04500007629394531,0.03099989891052246,0.03600001335144043,0.0279998779296875,4.350316813012363,0.020640027272652118,-8.679993598752073,8.721273653297377,-5.329676785739711,-2.6290431597149855
0.12199997901916504,0.023000001907348633,0.02499985694885254,0.031000137329101562,0.042999982833862305,4.256421894114453,0.009653658090853577,-8.503190130138053,8.52249744631976,-5.246768236023599,-2.733924447794693
0.14700007438659668,0.029999971389770508,0.039999961853027344,0.04800009727478027,0.029000043869018555,1.5488326567926114,0.06839373840322832,-3.0292715751819945,3.166059051988451,-2.480438918389383,-5.382773604804161
0.13300013542175293,0.0280001163482666,0.042999982833862305,0.03600001335144043,0.026000022888183594,3.2782920822427286e-10,0.1893283042281479,0.18932830357248948,0.1893283048838063,-0.8106716960996814,-6.8106716954440225
0.12100005149841309,0.023000001907348633,0.032000064849853516,0.03399991989135742,0.032000064849853516,3.3438531663430355,1.988914587992153e-12,-6.687706332684082,6.68770633268806,-4.343853166341047,-3.6561468336549754
0.12800002098083496,0.03600001335144043,0.031000137329101562,0.03299999237060547,0.0279998779296875,0.19903449797815387,0.00021660641570785024,-0.39785238954059987,0.3982856023720156,-1.1988178915624461,-6.800748895606138
0.127000093460083,0.024000167846679688,0.03099989891052246,0.03299999237060547,0.03900003433227539,1.3954280194675346,0.07851977725744236,-2.7123362616776268,2.8693758161925116,-2.316908242210092,-5.5260522032750234
0.11500000953674316,0.023000001907348633,0.031000137329101562,0.034999847412109375,0.026000022888183594,2.342004200732188,0.09386425482859816,-4.590144146635778,4.777872656292974,-3.24813994590359,-4.564131544439213
0.11899995803833008,0.025999784469604492,0.031000137329101562,0.03099989891052246,0.031000137329101562,4.999999999999969,0.00022871859841139285,-9.999771281401527,10.000228718598349,-5.999771281401557,-1.9997712814016193
0.1230001449584961,0.03600001335144043,0.037000179290771484,0.028999805450439453,0.021000146865844727,2.8259521696421985,0.028195593173113702,-5.623708746111284,5.6800999324575105,-3.797756576469085,-4.1458522371846875
0.14499998092651367,0.029999971389770508,0.02500009536743164,0.04799985885620117,0.04200005531311035,3.530009164161199,0.020640027272652118,-7.039378301049746,7.08065835559505,-4.509369136888547,-3.449350808566149
0.15000009536743164,0.051000118255615234,0.037999868392944336,0.031000137329101562,0.029999971389770508,2.342004200732188,2.9003317476350747e-12,-4.684008401461476,4.684008401467276,-3.3420042007292876,-4.657995799264912
0.13199996948242188,0.026000022888183594,0.029999971389770508,0.03900003433227539,0.03699994087219238,2.0807915671051385,1.2962815216566485e-12,-4.161583134208981,4.161583134211573,-3.080791567103842,-4.919208432893566
0.12599992752075195,0.021999835968017578,0.02200007438659668,0.032000064849853516,0.04999995231628418,1.1629217493152715,3.012730241024078e-14,-2.3258434986305128,2.325843498630573,-2.1629217493152413,-5.837078250684698
0.14800000190734863,0.046000003814697266,0.029000043869018555,0.03900003433227539,0.03399991989135742,4.999999999999969,0.001421813641837007,-9.9985781863581,10.001421813641775,-5.998578186358132,-1.998578186358194
0.13199996948242188,0.028999805450439453,0.03300023078918457,0.03399991989135742,0.03600001335144043,3.5523949145006295,0.0005404508796836294,-7.104249378121575,7.105330279880943,-4.551854463620946,-3.4470646346196867
0.16100001335144043,0.054000139236450195,0.04699993133544922,0.0279998779296875,0.032000064849853516,3.3293827330670522,2.9003317476350747e-12,-6.658765466131205,6.658765466137004,-4.329382733064152,-3.6706172669300474
0.1549999713897705,0.03299999237060547,0.05299997329711914,0.04200005531311035,0.026999950408935547,2.3564746340070974,0.030545535542833853,-4.682403732471361,4.743494803557029,-3.3259290984642638,-4.612979830450069
0.125,0.03099989891052246,0.026000022888183594,0.03400015830993652,0.03399991989135742,1.5488326567926114,0.36590475137563655,-2.7317605622095864,3.463570064960859,-2.1829279054169746,-5.085262591831752
0.13900017738342285,0.03600001335144043,0.03400015830993652,0.03699994087219238,0.032000064849853516,1.1629217493152715,2.5797432614202667e-14,-2.325843498630517,2.3258434986305687,-2.1629217493152457,-5.837078250684703
0.16300010681152344,0.03800010681152344,0.039999961853027344,0.03099989891052246,0.054000139236450195,1.0834072110189736,0.21476974612520042,-1.9520446759127468,2.3815841681631476,-1.8686374648937734,-5.701823042855826
0.10100007057189941,0.029999971389770508,0.02500009536743164,0.020999908447265625,0.02500009536743164,2.3865224177775706,2.9003317476350747e-12,-4.773044835552241,4.773044835558041,-3.3865224177746702,-4.613477582219529
0.13700008392333984,0.029999971389770508,0.023999929428100586,0.023000001907348633,0.06000018119812012,2.342004200732188,2.9003317476350747e-12,-4.684008401461476,4.684008401467276,-3.3420042007292876,-4.657995799264912
0.15599989891052246,0.04500007629394531,0.04699993133544922,0.03600001335144043,0.0279998779296875,4.999999999999981,1.2706353697878074e-12,-9.999999999998693,10.000000000001233,-5.99999999999871,-1.9999999999987477
0.1419999599456787,0.03500008583068848,0.03299999237060547,0.04699993133544922,0.026999950408935547,1.4268592564839377,0.06839373840322832,-2.785324774564647,2.9221122513711038,-2.3584655180807097,-5.504747005112834
0.14300012588500977,0.03500008583068848,0.04500007629394531,0.03900003433227539,0.023999929428100586,2.4883649843589812,0.00020823662482181884,-4.976521732093141,4.976938205342784,-3.4881567477341595,-4.5114267790161975
0.12599992752075195,0.021000146865844727,0.03099989891052246,0.03600001335144043,0.037999868392944336,4.21250329388676,0.020640027272652118,-8.404366560500868,8.445646615046172,-5.191863266614108,-2.766856678840588
0.1269998550415039,0.023999929428100586,0.04500007629394531,0.03600001335144043,0.021999835968017578,0.7124303405677173,0.03891152780638835,-1.3859491533290462,1.4637722089418228,-1.673518812761329,-6.248658131625894
0.12899994850158691,0.02500009536743164,0.03900003433227539,0.03099989891052246,0.03399991989135742,2.8259521696421985,0.20607117560487984,-5.445833163679517,5.857975514889277,-3.619880994037319,-3.967976654752922
0.11599993705749512,0.04399991035461426,0.023999929428100586,0.02700018882751465,0.019999980926513672,2.899189018016441,0.16256694463346702,-5.635811091399415,5.9609449806663495,-3.736622073382974,-3.938244037350092
0.11900019645690918,0.023000001907348633,0.02500009536743164,0.032000064849853516,0.03900003433227539,3.6585551709275745,0.00246472435736611,-7.314645617497783,7.319575066212515,-4.656090446570209,-3.3389801047150596
0.1399998664855957,0.03299999237060547,0.03500008583068848,0.03399991989135742,0.037999868392944336,2.0202214018394193,4.316398300785766e-13,-4.040442803678407,4.04044280367927,-3.0202214018389877,-4.979778598160149
0.1380000114440918,0.03699994087219238,0.03600001335144043,0.03299999237060547,0.032000064849853516,4.27305409967285,0.020640027272652118,-8.525468172073047,8.566748226618351,-5.252414072400198,-2.7063058730544984
0.10500001907348633,0.023000001907348633,0.01900005340576172,0.023999929428100586,0.03900003433227539,4.972784946875517,0.030727521024566874,-9.914842372726469,9.976297414775601,-5.94205742585095,-1.9964875320999154
0.13400006294250488,0.03800010681152344,0.029999971389770508,0.03400015830993652,0.031999826431274414,4.380366902155118,1.2706353697878074e-12,-8.760733804308966,8.760733804311506,-5.380366902153847,-2.619633097843611
0.14400005340576172,0.03699994087219238,0.03800010681152344,0.031999826431274414,0.037000179290771484,0.7124303405677173,1.2762449008643238e-6,-1.4248594048905336,1.4248619573803354,-1.7124290643228164,-6.287568383187382
0.11599993705749512,0.026999950408935547,0.0280001163482666,0.0279998779296875,0.03299999237060547,2.8259521696421985,0.14973341002175095,-5.502170929262646,5.801637749306148,-3.6762187596204474,-4.024314420336051
0.125,0.024000167846679688,0.021999835968017578,0.031000137329101562,0.04799985885620117,3.282612830687856,0.002438761394860711,-6.562786899980852,6.567664422770573,-4.280174069292995,-3.714948407917283
0.1380000114440918,0.03800010681152344,0.031999826431274414,0.03900003433227539,0.029000043869018555,3.2782920822427286e-10,1.988914587992153e-12,-6.536695018605536e-10,6.576473310365378e-10,-1.0000000003258402,-6.999999999670182
0.14800000190734863,0.024000167846679688,0.03099989891052246,0.05200004577636719,0.0409998893737793,0.31672788091786686,7.83578257828828e-11,-0.6334557617573758,0.6334557619140916,-1.316727880839509,-6.683272119003775
0.12800002098083496,0.029000043869018555,0.0279998779296875,0.03400015830993652,0.03699994087219238,2.823316622661869,0.05620761387946237,-5.590425631444275,5.7028408592032,-3.7671090087824064,-4.120475763458669
0.12100005149841309,0.031000137329101562,0.03299999237060547,0.03299999237060547,0.023999929428100586,2.761195787897803,0.006852083599592758,-5.515539492196013,5.529243659395198,-3.75434370429821,-4.231952128502604
0.1360001564025879,0.031000137329101562,0.04199981689453125,0.046000003814697266,0.017000198364257812,4.972784946875517,0.030727521024566874,-9.914842372726469,9.976297414775601,-5.94205742585095,-1.9964875320999154
0.13499999046325684,0.032000064849853516,0.020999908447265625,0.04900002479553223,0.03299999237060547,1.1668240935896312,3.1488829118494736e-15,-2.3336481871792594,2.3336481871792656,-2.166824093589628,-5.833175906410366
0.12600016593933105,0.02700018882751465,0.05099987983703613,0.029999971389770508,0.018000125885009766,4.989607317891773,0.030727521024566874,-9.94848711475898,10.009942156808112,-5.958879796867206,-1.97966516108366
0.11700010299682617,0.020999908447265625,0.01900005340576172,0.03900003433227539,0.03800010681152344,2.0807915671051385,1.2962815216566485e-12,-4.161583134208981,4.161583134211573,-3.080791567103842,-4.919208432893566
0.11900019645690918,0.02200007438659668,0.0280001163482666,0.03900003433227539,0.029999971389770508,1.4822550146694524,0.06839373840322832,-2.8961162909356766,3.032903767742133,-2.413861276266224,-5.4493512469273195
0.10800004005432129,0.0279998779296875,0.018000125885009766,0.03099989891052246,0.031000137329101562,1.5127178467740676,0.050208289265852135,-2.975227404282283,3.0756439828139874,-2.4625095575082154,-5.43707386396008
0.09100008010864258,0.026000022888183594,0.020999908447265625,0.021000146865844727,0.023000001907348633,3.560697233221954,0.002438761394860711,-7.118955705049047,7.123833227838769,-4.558258471827093,-3.4368640053831854
0.09599995613098145,0.02200007438659668,0.026000022888183594,0.019999980926513672,0.0279998779296875,0.6550480404363117,4.859097013584295e-11,-1.3100960808240325,1.3100960809212143,-1.6550480403877206,-6.344951959515098
0.16100001335144043,0.03600001335144043,0.03399991989135742,0.0559999942779541,0.03500008583068848,1.5488326567926114,0.1095223593465528,-2.98814295423867,3.2071876729317754,-2.4393102974460588,-5.341644983860836
0.13700008392333984,0.021000146865844727,0.05299997329711914,0.0409998893737793,0.02200007438659668,3.835013565511405,0.14719925230214678,-7.522827878720663,7.8172263833249565,-4.687814313209258,-3.0177871821864484
0.16100001335144043,0.021000146865844727,0.04999995231628418,0.04699993133544922,0.042999982833862305,0.3177419226087229,4.4957876310059587e-11,-0.6354838451724879,0.6354838452624038,-1.317741922563765,-6.68225807734632
0.13399982452392578,0.03399991989135742,0.03099989891052246,0.040000200271606445,0.028999805450439453,4.999999999999981,0.0014440812681608534,-9.998555918731801,10.001444081268124,-5.998555918731821,-1.9985559187318582
0.11399984359741211,0.0279998779296875,0.031000137329101562,0.028999805450439453,0.026000022888183594,2.761195787897803,0.006852083599592758,-5.515539492196013,5.529243659395198,-3.75434370429821,-4.231952128502604
0.12199997901916504,0.020999908447265625,0.020999908447265625,0.04400014877319336,0.03600001335144043,0.2514362448202927,2.3016427652090156e-11,-0.5028724896175689,0.5028724896636019,-1.2514362447972762,-6.748563755156691
0.11699986457824707,0.03399991989135742,0.032000064849853516,0.03099989891052246,0.019999980926513672,2.761195787897803,0.006852083599592758,-5.515539492196013,5.529243659395198,-3.75434370429821,-4.231952128502604
0.13100004196166992,0.03400015830993652,0.03099989891052246,0.03600001335144043,0.029999971389770508,0.8173185617839089,0.2543524535595936,-1.3802846700082243,1.8889895771274114,-1.5629661082243154,-5.928328984656497
0.12199997901916504,0.019999980926513672,0.031999826431274414,0.03600001335144043,0.03400015830993652,3.7804396259694943,0.19278080447644638,-7.368098447462542,7.753660056415435,-4.587658821493048,-3.0267795695540594
0.14600014686584473,0.032000064849853516,0.032000064849853516,0.037999868392944336,0.04400014877319336,0.70313221462842,1.0270173594569175e-12,-1.406264429255813,1.406264429257867,-1.7031322146273928,-6.296867785370553
0.11899995803833008,0.026999950408935547,0.031000137329101562,0.03299999237060547,0.0279998779296875,0.7312979807116115,7.83578257828828e-11,-1.4625959613448651,1.4625959615015807,-1.7312979806332536,-6.26870201921003
0.1119999885559082,0.019999980926513672,0.020000219345092773,0.037999868392944336,0.03399991989135742,4.999999999999984,0.09703571741928246,-9.902964282580685,10.097035717419251,-5.902964282580702,-1.9029642825807338
0.12299990653991699,0.032000064849853516,0.03299999237060547,0.03099989891052246,0.026999950408935547,3.835013565511405,0.005526057544739574,-7.66450107347807,7.675553188567549,-4.829487507966665,-3.1594603769438554
0.1399998664855957,0.029000043869018555,0.037999868392944336,0.03900003433227539,0.03399991989135742,2.761195787897803,0.006852083599592758,-5.515539492196013,5.529243659395198,-3.75434370429821,-4.231952128502604
0.12199997901916504,0.034999847412109375,0.0280001163482666,0.029999971389770508,0.029000043869018555,7.435474458361568e-11,0.2249140295397583,0.22491402939104882,0.2249140296884678,-0.7750859705345965,-6.775085970385887
0.12199997901916504,0.026999950408935547,0.031000137329101562,0.03099989891052246,0.03299999237060547,1.5739289125977,8.371692222460158e-13,-3.147857825194563,3.1478578251962372,-2.573928912596863,-5.426071087401462
0.11899995803833008,0.029000043869018555,0.031999826431274414,0.03000020980834961,0.0279998779296875,0.6189890753611681,0.06839373840322832,-1.169584412319108,1.3063718891255645,-1.5505953369579397,-6.312617186235603
0.1230001449584961,0.021000146865844727,0.031999826431274414,0.04500007629394531,0.02500009536743164,4.386175855878367,0.08087040637546782,-8.691481305381267,8.853222118132202,-5.3053054495028995,-2.5329537377461655
0.12800002098083496,0.026000022888183594,0.039999961853027344,0.032000064849853516,0.029999971389770508,3.49314096950497,0.0006215790016703138,-6.98566036000827,6.98690351801161,-4.4925193905033,-3.5062374514933596
0.12600016593933105,0.029000043869018555,0.029999971389770508,0.029000043869018555,0.03800010681152344,0.7312979807116115,0.4229220395603418,-1.0396739218628812,1.8855180009835646,-1.3083759411512697,-5.8457799797280465
0.11999988555908203,0.03299999237060547,0.029999971389770508,0.03099989891052246,0.026000022888183594,3.282612830687856,8.639019720317609e-5,-6.565139271178509,6.565312051572915,-4.282526440490653,-3.717300779114941
0.14299988746643066,0.05099987983703613,0.031000137329101562,0.026000022888183594,0.034999847412109375,0.7312979807116115,0.0069676039114210265,-1.4556283575118019,1.469563565334644,-1.7243303768001903,-6.261734415376967
0.1420001983642578,0.04200005531311035,0.03299999237060547,0.03400015830993652,0.03299999237060547,2.761195787897803,0.10107221510810777,-5.421319360687498,5.623463790903713,-3.6601235727896952,-4.13773199699409
0.13499999046325684,0.03399991989135742,0.03800010681152344,0.034999847412109375,0.0280001163482666,0.7759361857513872,0.2172862386044428,-1.3345861328983317,1.7691586101072172,-1.5586499471469444,-6.00677757564417
0.12899994850158691,0.02200007438659668,0.039999961853027344,0.032000064849853516,0.034999847412109375,0.5995549926540492,0.026345164053602606,-1.1727648212544959,1.225455149361701,-1.5732098286004466,-6.374099843292348
0.12400007247924805,0.03900003433227539,0.029000043869018555,0.03299999237060547,0.023000001907348633,0.5995549926540492,0.20456691982688385,-0.9945430654812146,1.4036769051349822,-1.3949880728271653,-6.195878087519067
0.11999988555908203,0.019999980926513672,0.026999950408935547,0.03800010681152344,0.034999847412109375,0.5995549926540492,0.30788307713343216,-0.8912269081746662,1.5069930624415306,-1.291671915520617,-6.0925619302125185
0.11699986457824707,0.029000043869018555,0.03099989891052246,0.026999950408935547,0.029999971389770508,0.3954628092071075,0.3387086610804084,-0.4522169573338066,1.1296342794946235,-1.056754148126699,-6.2658285297124845
0.13699984550476074,0.02499985694885254,0.026999950408935547,0.04200005531311035,0.042999982833862305,0.0010415519724383815,0.00034432380733458515,-0.0017387801375421778,0.002427427752211348,-1.0006972281651039,-6.998614124220227
0.11099982261657715,0.026999950408935547,0.01699995994567871,0.029000043869018555,0.037999868392944336,4.443047484839097,1.7194634599156277e-12,-8.886094969676474,8.886094969679913,-5.443047484837377,-2.5569525151591836
0.11899995803833008,0.03600001335144043,0.029999971389770508,0.029999971389770508,0.023000001907348633,0.04005213464674984,0.01086384172011255,-0.06924042757338712,0.09096811101361223,-1.0291882929266374,-6.949084023633137
0.11899995803833008,0.0280001163482666,0.034999847412109375,0.0280001163482666,0.0279998779296875,3.7124316831488917,0.16211237334374895,-7.262750992954034,7.586975739641533,-4.550319309805143,-3.1254559435073594
0.1359999179840088,0.037999868392944336,0.03699994087219238,0.03000020980834961,0.03099989891052246,3.282612830687856,6.138599832476721e-5,-6.565164275377388,6.565287047374037,-4.282551444689531,-3.717325783313819
0.11800003051757812,0.024000167846679688,0.03899979591369629,0.032000064849853516,0.023000001907348633,3.835013565511405,0.005526057544739574,-7.66450107347807,7.675553188567549,-4.829487507966665,-3.1594603769438554
0.11900019645690918,0.023000001907348633,0.032000064849853516,0.032000064849853516,0.032000064849853516,1.3435000249733247,1.4197482078282687e-11,-2.687000049932452,2.687000049960847,-2.343500024959127,-5.656499975012478
0.1419999599456787,0.04200005531311035,0.03299999237060547,0.031999826431274414,0.03500008583068848,4.443047484839097,1.7194634599156277e-12,-8.886094969676474,8.886094969679913,-5.443047484837377,-2.5569525151591836
0.12800002098083496,0.02500009536743164,0.02500009536743164,0.03399991989135742,0.04399991035461426,1.6372386803570338,2.079320604527828e-11,-3.2744773606932744,3.2744773607348607,-2.6372386803362406,-5.362761319622173
0.1359999179840088,0.039999961853027344,0.03299999237060547,0.03099989891052246,0.032000064849853516,3.282612830687856,5.203998834983625e-5,-6.565173621387363,6.565277701364062,-4.282560790699506,-3.717335129323794
0.11700010299682617,0.019999980926513672,0.03500008583068848,0.03299999237060547,0.029000043869018555,0.1676898024664345,0.06926948561602858,-0.2661101193168404,0.4046490905488976,-1.0984203168504059,-6.763040711917537
0.125,0.03299999237060547,0.03600001335144043,0.029999971389770508,0.026000022888183594,1.4822550146694524,0.0008566314167871222,-2.963653397922118,2.965366660755692,-2.4813983832526656,-5.51688835391376
0.1380000114440918,0.02500009536743164,0.042999982833862305,0.04200005531311035,0.0279998779296875,2.0201914405676713,1.2962815216566485e-12,-4.040382881134047,4.0403828811366385,-3.020191440566375,-4.979808559431032
0.11899995803833008,0.020999908447265625,0.019999980926513672,0.04200005531311035,0.03600001335144043,2.0807915671051385,0.048139796610940686,-4.113443337599336,4.209722930821218,-3.0326517704941978,-4.871068636283921
0.12899994850158691,0.03299999237060547,0.031000137329101562,0.03399991989135742,0.03099989891052246,1.862880204545107,0.005652164097135838,-3.720108244993078,3.7314125731873498,-2.8572280404479713,-5.131467631357757
0.10799980163574219,0.020999908447265625,0.023000001907348633,0.029999971389770508,0.03399991989135742,2.761195787897803,0.07425106513813297,-5.448140510657472,5.596642640933739,-3.68694472275967,-4.164553146964064
0.1510000228881836,0.03800010681152344,0.034999847412109375,0.042999982833862305,0.03500008583068848,3.282612830687856,5.203998834983625e-5,-6.565173621387363,6.565277701364062,-4.282560790699506,-3.717335129323794
0.125,0.031000137329101562,0.029999971389770508,0.03099989891052246,0.03299999237060547,3.282612830687856,5.203998834983625e-5,-6.565173621387363,6.565277701364062,-4.282560790699506,-3.717335129323794
0.11800003051757812,0.032000064849853516,0.03400015830993652,0.025999784469604492,0.026000022888183594,3.3293461820800667,5.203998834983625e-5,-6.658640324171784,6.658744404148483,-4.329294142091717,-3.6706017779315836
0.12800002098083496,0.017999887466430664,0.042999982833862305,0.03500008583068848,0.032000064849853516,1.5947931457653142,8.86907769389671e-12,-3.1895862915217594,3.1895862915394972,-2.5947931457564453,-5.405206854225817
0.1380000114440918,0.03900003433227539,0.039999961853027344,0.032000064849853516,0.026999950408935547,3.2782920822427286e-10,1.988914587992153e-12,-6.536695018605536e-10,6.576473310365378e-10,-1.0000000003258402,-6.999999999670182
0.11399984359741211,0.019999980926513672,0.0279998779296875,0.03400015830993652,0.031999826431274414,2.0807915671051385,1.2962815216566485e-12,-4.161583134208981,4.161583134211573,-3.080791567103842,-4.919208432893566
0.11899995803833008,0.028999805450439453,0.032000064849853516,0.032000064849853516,0.026000022888183594,0.7312979807116115,0.36629141220776273,-1.0963045492154602,1.8288873736309856,-1.3650065685038486,-5.9024106070806255
0.12199997901916504,0.023999929428100586,0.029000043869018555,0.03400015830993652,0.034999847412109375,0.1676898024664345,0.0005957144926670918,-0.3347838904402019,0.3359753194255361,-1.1670940879737675,-6.831714483040899
0.1380000114440918,0.037999868392944336,0.04700016975402832,0.029000043869018555,0.023999929428100586,2.6437120463186248,0.006852083599592758,-5.280572009037657,5.294276176236842,-3.636859962719032,-4.349435870081782
0.1359999179840088,0.04200005531311035,0.032000064849853516,0.03399991989135742,0.0279998779296875,3.835013565511405,0.005416292297015668,-7.664610838725794,7.675443423319825,-4.8295972732143895,-3.1595701421915794
0.11800003051757812,0.017999887466430664,0.02500009536743164,0.03099989891052246,0.04400014877319336,2.6437120463186248,0.006961848847316665,-5.280462243789933,5.294385941484566,-3.636750197471308,-4.349326104834058
0.13100004196166992,0.03299999237060547,0.03299999237060547,0.03299999237060547,0.032000064849853516,0.7312979807116115,0.05479405156479806,-1.407801909858425,1.517390012988021,-1.6765039291468133,-6.213907967723591
0.13700008392333984,0.0279998779296875,0.03800010681152344,0.0410001277923584,0.029999971389770508,1.013429445709008,7.83578257828828e-11,-2.0268588913396584,2.026858891496374,-2.01342944563065,-5.986570554212634
0.127000093460083,0.03500008583068848,0.0279998779296875,0.03500008583068848,0.029000043869018555,1.3435000249733247,1.4197482078282687e-11,-2.687000049932452,2.687000049960847,-2.343500024959127,-5.656499975012478
0.11800003051757812,0.020999908447265625,0.0280001163482666,0.03299999237060547,0.03600001335144043,1.3435000249733247,1.4197482078282687e-11,-2.687000049932452,2.687000049960847,-2.343500024959127,-5.656499975012478
0.12299990653991699,0.026000022888183594,0.019999980926513672,0.029999971389770508,0.04699993133544922,3.2782920822427286e-10,1.988914587992153e-12,-6.536695018605536e-10,6.576473310365378e-10,-1.0000000003258402,-6.999999999670182
0.1359999179840088,0.046000003814697266,0.03399991989135742,0.029999971389770508,0.026000022888183594,0.050181108115164075,0.006693629804176912,-0.09366858642615124,0.10705584603450506,-1.043487478310987,-6.943125262080659
0.13400006294250488,0.02500009536743164,0.02500009536743164,0.04799985885620117,0.03600001335144043,2.6437120463186248,0.3053321126024558,-4.982091980034793,5.592756205239706,-3.338379933716169,-4.0509558410789195
0.12199997901916504,0.03299999237060547,0.03299999237060547,0.03500008583068848,0.020999908447265625,3.449495058847858,1.2962815216566485e-12,-6.89899011769442,6.898990117697012,-4.449495058846562,-3.550504941150846
0.13499999046325684,0.020999908447265625,0.03500008583068848,0.03699994087219238,0.04200005531311035,2.353108076884544,0.2012073675439795,-4.505008786225108,4.907423521313067,-3.1519007093405644,-4.445684555571477
0.1419999599456787,0.0280001163482666,0.029999971389770508,0.04999995231628418,0.03399991989135742,4.443047484839097,2.2985368743983437e-11,-8.886094969655208,8.88609496970118,-5.443047484816112,-2.556952515137918
0.13100004196166992,0.037999868392944336,0.04200005531311035,0.026999950408935547,0.024000167846679688,0.7618764247250119,2.6825054481655148e-12,-1.5237528494473414,1.5237528494527064,-1.7618764247223293,-6.238123575272305
0.1269998550415039,0.02200007438659668,0.031999826431274414,0.03600001335144043,0.03699994087219238,1.013429445709008,0.17592168217808474,-1.8509372092399314,2.202780573596101,-1.8375077635309234,-5.810648872112907
0.14299988746643066,0.019999980926513672,0.023000001907348633,0.06099987030029297,0.03900003433227539,0.7665638126891127,0.08677456573015968,-1.4463530596480656,1.619902191108385,-1.679789246958953,-6.146661621580728
0.12599992752075195,0.03299999237060547,0.037999868392944336,0.03600001335144043,0.01900005340576172,3.564317629305202,0.005429314581148987,-7.123205944029255,7.134064573191553,-4.558888314724053,-3.430253056113649
0.13000011444091797,0.02700018882751465,0.031999826431274414,0.03800010681152344,0.03299999237060547,2.641238569053508,0.19051184114546385,-5.091965296961551,5.47298897925248,-3.450726727908044,-4.168249589801029
0.13100004196166992,0.023000001907348633,0.026999950408935547,0.04200005531311035,0.03900003433227539,4.790196442977646,0.006674610075791495,-9.5737182758795,9.587067496031082,-5.7835218329018545,-2.2031289469465634
0.14100003242492676,0.0280001163482666,0.05099987983703613,0.03600001335144043,0.026000022888183594,2.5149818613596997,0.0003152021612201129,-5.02964852055818,5.030278924880619,-3.5146666591984794,-4.48470293647908
0.1230001449584961,0.02500009536743164,0.03099989891052246,0.037000179290771484,0.029999971389770508,4.257791224928638,0.023812092420071637,-8.491770357437204,8.539394542277346,-5.233979132508566,-2.7183966826512904
0.13199996948242188,0.03500008583068848,0.03099989891052246,0.042999982833862305,0.023000001907348633,4.812949527036626,1.2706353697878074e-12,-9.625899054071981,9.625899054074521,-5.812949527035355,-2.1870504729621034
0.12099981307983398,0.020999908447265625,0.03399991989135742,0.03400015830993652,0.031999826431274414,3.3502119510619073,1.717092268848401e-12,-6.700423902122098,6.700423902125531,-4.35021195106019,-3.6497880489363754
0.14899992942810059,0.03900003433227539,0.0409998893737793,0.039999961853027344,0.029000043869018555,4.443047484839097,1.2986527127238754e-12,-8.886094969676895,8.886094969679492,-5.443047484837798,-2.5569525151596046
0.10799980163574219,0.021999835968017578,0.01900005340576172,0.03099989891052246,0.03600001335144043,3.323215713083947,0.18031166837779022,-6.4661197577901035,6.826743094545684,-4.142904044706157,-3.496472618538263
0.1359999179840088,0.029999971389770508,0.029999971389770508,0.03299999237060547,0.042999982833862305,4.999999999999981,0.006822938073388764,-9.993177061926573,10.006822938073352,-5.993177061926593,-1.9931770619266302
0.1420001983642578,0.0280001163482666,0.03299999237060547,0.046000003814697266,0.03500008583068848,2.6437120463186248,0.00017316278404883902,-5.287250929853201,5.287597255421298,-3.643538883534576,-4.356114790897326
0.12599992752075195,0.029999971389770508,0.03699994087219238,0.032000064849853516,0.026999950408935547,1.5947931457653142,1.4007184295457452e-12,-3.1895862915292277,3.189586291532029,-2.5947931457639135,-5.405206854233285
0.11100006103515625,0.023000001907348633,0.024000167846679688,0.028999805450439453,0.03500008583068848,4.909720406753818,0.005416292297015668,-9.814024521210621,9.824857105804652,-5.904304114456803,-2.0848633009491664
0.13299989700317383,0.029999971389770508,0.029000043869018555,0.04399991035461426,0.029999971389770508,4.086518541301629,1.1703822306641558e-12,-8.173037082602088,8.173037082604429,-5.0865185413004586,-2.9134814586972
0.15599989891052246,0.01900005340576172,0.034999847412109375,0.07000017166137695,0.031999826431274414,4.257791224928638,0.023661845013682944,-8.491920604843592,8.539244294870958,-5.234129379914955,-2.7185469300576797
0.13299989700317383,0.021999835968017578,0.0280001163482666,0.042999982833862305,0.039999961853027344,3.3093678361439873,2.3960746767724265e-13,-6.618735672287735,6.6187356722882145,-4.309367836143748,-3.690632163855773
0.10599994659423828,0.017999887466430664,0.01900005340576172,0.029000043869018555,0.039999961853027344,2.370634570546073,1.2945334758502128e-12,-4.741269141090851,4.741269141093441,-3.3706345705447784,-4.6293654294526325
0.14599990844726562,0.03800010681152344,0.029999971389770508,0.04499983787536621,0.03299999237060547,1.6074668672564423,1.402466475352181e-12,-3.214933734511482,3.214933734514287,-2.60746686725504,-5.392533132742155
0.125,0.026999950408935547,0.020999908447265625,0.0410001277923584,0.03600001335144043,3.7659954486696536,0.005416292297015668,-7.526574605042292,7.537407189636323,-4.760579156372637,-3.2285882590333306
0.12600016593933105,0.0280001163482666,0.039999961853027344,0.029999971389770508,0.0280001163482666,1.013429445709008,5.784878131488026e-12,-2.0268588914122314,2.026858891423801,-2.013429445703223,-5.986570554285207
0.125,0.02200007438659668,0.02499985694885254,0.03900003433227539,0.03900003433227539,0.1676898024664345,0.0005957144926670918,-0.3347838904402019,0.3359753194255361,-1.1670940879737675,-6.831714483040899
0.12900018692016602,0.023000001907348633,0.037000179290771484,0.0409998893737793,0.0280001163482666,3.3093678361439873,2.3960746767724265e-13,-6.618735672287735,6.6187356722882145,-4.309367836143748,-3.690632163855773
0.1380000114440918,0.019999980926513672,0.03500008583068848,0.0409998893737793,0.04200005531311035,1.092357356479197,2.597094760881814e-12,-2.184714712955797,2.184714712960991,-2.0923573564766,-5.907642643518206
0.12199997901916504,0.03099989891052246,0.03099989891052246,0.03299999237060547,0.02700018882751465,0.8810280251300155,4.386663254275104e-12,-1.7620560502556444,1.7620560502644178,-1.8810280251256288,-6.118971974865598
0.13299989700317383,0.019999980926513672,0.03699994087219238,0.03600001335144043,0.039999961853027344,3.7151391775469325,2.704086260831103e-13,-7.430278355093595,7.430278355094135,-4.7151391775466625,-3.284860822452797
0.12099981307983398,0.026000022888183594,0.020999908447265625,0.032000064849853516,0.04199981689453125,2.3115836339553946,0.03517447428386953,-4.58799279362692,4.658341742194659,-3.276409159671525,-4.653241891760736
0.14700007438659668,0.046000003814697266,0.032000064849853516,0.0409998893737793,0.0280001163482666,0.1676898024664345,0.0002385389217223685,-0.3351410660111466,0.3356181438545914,-1.167451263544712,-6.832071658611843
0.13100004196166992,0.029999971389770508,0.03500008583068848,0.037999868392944336,0.0280001163482666,0.1676898024664345,0.0005957144926670918,-0.3347838904402019,0.3359753194255361,-1.1670940879737675,-6.831714483040899
0.1380000114440918,0.0280001163482666,0.0279998779296875,0.05299997329711914,0.0279998779296875,4.257791224928638,0.023661845013682944,-8.491920604843592,8.539244294870958,-5.234129379914955,-2.7185469300576797
0.14300012588500977,0.024000167846679688,0.05499982833862305,0.043000221252441406,0.020999908447265625,1.013429445709008,5.784878131488026e-12,-2.0268588914122314,2.026858891423801,-2.013429445703223,-5.986570554285207
0.1230001449584961,0.02500009536743164,0.03900003433227539,0.039999961853027344,0.01900005340576172,4.849054733431937,0.025242215220349074,-9.672867251643526,9.723351682084223,-5.8238125182115885,-2.125703051347714
0.1269998550415039,0.02200007438659668,0.02499985694885254,0.04500007629394531,0.034999847412109375,1.4768281027197439,1.4007184295457452e-12,-2.953656205438087,2.9536562054408884,-2.4768281027183434,-5.523171897278855
0.11999988555908203,0.023000001907348633,0.03299999237060547,0.034999847412109375,0.029000043869018555,3.3093678361439873,2.6298574921233733e-7,-6.618735409302225,6.618735935273724,-4.309367573158238,-3.6906319008702635
0.15199995040893555,0.023000001907348633,0.02299976348876953,0.06600022315979004,0.039999961853027344,0.1584530713779534,0.0002601797370249443,-0.3166459630188818,0.31716632249293175,-1.1581928916409285,-6.841286748885022
0.13100004196166992,0.026999950408935547,0.03600001335144043,0.03900003433227539,0.029000043869018555,0.1676898024664345,0.0003952490595501806,-0.3349843558733188,0.3357748539924192,-1.1672945534068844,-6.831914948474015
0.12800002098083496,0.03600001335144043,0.03699994087219238,0.032000064849853516,0.023000001907348633,4.845432228236498,0.00247138658721577,-9.68839306988578,9.693335843060211,-5.842960841649282,-2.1520963851762867
0.13399982452392578,0.02499985694885254,0.02200007438659668,0.05099987983703613,0.03600001335144043,1.4403473855975724,1.4007184295457452e-12,-2.880694771193744,2.8806947711965454,-2.440347385596172,-5.559652614401027
0.1399998664855957,0.04499983787536621,0.03900003433227539,0.032000064849853516,0.023999929428100586,0.8810280251300155,0.31519672899279233,-1.4468593212672387,2.0772527792528233,-1.5658312961372232,-5.803775245877192
0.1359999179840088,0.03299999237060547,0.04799985885620117,0.032000064849853516,0.023000001907348633,4.721701693409033,0.21149463265896662,-9.231908754159099,9.654898019477033,-5.510207060750066,-2.066803673932
0.12899994850158691,0.024000167846679688,0.031999826431274414,0.039999961853027344,0.03299999237060547,4.909720406753818,0.005560975721219535,-9.813879837786416,9.825001789228857,-5.904159431032599,-2.0847186175249623
0.13300013542175293,0.023000001907348633,0.02200007438659668,0.042999982833862305,0.04500007629394531,3.3093678361439873,2.3960746767724265e-13,-6.618735672287735,6.6187356722882145,-4.309367836143748,-3.690632163855773
0.12899994850158691,0.023000001907348633,0.03299999237060547,0.042999982833862305,0.029999971389770508,0.08251638056823751,0.03023706397268116,-0.13479569716379386,0.1952698251091562,-1.0522793165955564,-6.887246555459082
0.11999988555908203,0.01699995994567871,0.023999929428100586,0.03900003433227539,0.039999961853027344,3.2921157831784202,0.00017316278404883902,-6.584058403572792,6.584404729140889,-4.291942620394371,-3.707711054037531
0.12900018692016602,0.032000064849853516,0.03299999237060547,0.03500008583068848,0.029000043869018555,1.9035773865490169,0.06614502168988806,-3.7410097514081455,3.873299794787922,-2.837432364859129,-5.030277591761095
0.1549999713897705,0.026999950408935547,0.04399991035461426,0.04900002479553223,0.03500008583068848,0.43978034549699707,4.0584757717914244e-13,-0.8795606909935882,0.8795606909944,-1.4397803454965912,-6.560219654502597
0.14300012588500977,0.032000064849853516,0.042999982833862305,0.0410001277923584,0.026999950408935547,2.091723931826051,0.1037529701817646,-4.079694893470338,4.287200833833866,-2.9879709616442867,-4.804523097992185
0.12599992752075195,0.021999835968017578,0.029000043869018555,0.039999961853027344,0.03500008583068848,3.313153394443556,1.293470885366955e-12,-6.6263067888858185,6.626306788888405,-4.313153394442262,-3.6868466055551505
0.13899993896484375,0.02499985694885254,0.04400014877319336,0.046000003814697266,0.023999929428100586,1.591007588170323,0.009988533846469715,-3.1720266424941763,3.1920037101871155,-2.5810190543238534,-5.3990038779832075
0.14499998092651367,0.02500009536743164,0.04799985885620117,0.043000221252441406,0.028999805450439453,3.046025067995379,0.00017316278404883902,-6.091876973206709,6.092223298774806,-4.045851905211331,-3.9538017692205725
0.12399983406066895,0.021999835968017578,0.029000043869018555,0.04400014877319336,0.028999805450439453,0.18262893579328787,0.00018158527900973692,-0.365076286307566,0.3654394568655855,-1.182447350514278,-6.817189478927703
0.13199996948242188,0.03500008583068848,0.03699994087219238,0.03299999237060547,0.026999950408935547,3.2782920822427286e-10,2.009284295560738e-12,-6.536491321529849e-10,6.576677007441065e-10,-1.0000000003258198,-6.999999999670162
0.14400005340576172,0.02200007438659668,0.039999961853027344,0.03399991989135742,0.04800009727478027,1.0312937313061992,0.0027261782440443165,-2.059861284368354,2.0653136408564428,-2.028567553062155,-5.965980090449756
0.11500000953674316,0.023000001907348633,0.023000001907348633,0.037000179290771484,0.031999826431274414,1.4428825791005084,0.17837155051415204,-2.707393607686865,3.0641367087151687,-2.264511028586356,-5.378745870385339
0.12899994850158691,0.03699994087219238,0.04200005531311035,0.029999971389770508,0.019999980926513672,2.6411768528759594,0.00015140360064276083,-5.282202302151276,5.282505109352561,-3.6410254492753165,-4.358671743523398
0.1360001564025879,0.029000043869018555,0.0280001163482666,0.0409998893737793,0.03800010681152344,4.257791224928638,0.023661845013682944,-8.491920604843592,8.539244294870958,-5.234129379914955,-2.7185469300576797
0.1529998779296875,0.046000003814697266,0.0409998893737793,0.03900003433227539,0.026999950408935547,0.43978034549699707,0.1064562093365567,-0.7731044816574375,0.9860169003305508,-1.3333241361604404,-6.453763445166446
0.1359999179840088,0.0279998779296875,0.04500007629394531,0.03600001335144043,0.026999950408935547,0.43978034549699707,0.1014832595362389,-0.7780774314577552,0.9810439505302331,-1.3382970859607581,-6.458736394966764
0.14099979400634766,0.03299999237060547,0.04399991035461426,0.039999961853027344,0.023999929428100586,2.091723931826051,0.004372875137160247,-4.179074988514942,4.187820738789262,-3.087351056688891,-4.903903193036789
0.14599990844726562,0.029999971389770508,0.04500007629394531,0.04199981689453125,0.029000043869018555,3.5992672203477625,0.10148187485036261,-7.097052565845162,7.3000163155458875,-4.4977853454974,-3.299250904801875
0.14300012588500977,0.03600001335144043,0.0410001277923584,0.03600001335144043,0.029999971389770508,1.0084300011419631,0.7274271650676652,-1.289432837216261,2.7442871673515916,-1.2810028360742978,-5.2641428337903715
0.13700008392333984,0.03299999237060547,0.03300023078918457,0.03299999237060547,0.037999868392944336,1.4551184605943615,1.9556078972533985e-12,-2.910236921186767,2.9102369211906787,-2.4551184605924057,-5.544881539403683
0.1360001564025879,0.03299999237060547,0.0280001163482666,0.037999868392944336,0.03600001335144043,0.01965200423482627,1.4007184295457452e-12,-0.03930400846825182,0.03930400847105326,-1.0196520042334256,-6.980347995763773
0.15199995040893555,0.04699993133544922,0.03900003433227539,0.03900003433227539,0.026999950408935547,3.046025067995379,0.00017316278404883902,-6.091876973206709,6.092223298774806,-4.045851905211331,-3.9538017692205725
0.14800000190734863,0.051999807357788086,0.03500008583068848,0.03099989891052246,0.03000020980834961,3.046025067995379,0.00017316278404883902,-6.091876973206709,6.092223298774806,-4.045851905211331,-3.9538017692205725
0.13300013542175293,0.03399991989135742,0.04200005531311035,0.029999971389770508,0.02700018882751465,4.257791224928638,0.03217803188000018,-8.483404417977274,8.547760481737276,-5.225613193048638,-2.7100307431913624
0.12600016593933105,0.03000020980834961,0.03899979591369629,0.03500008583068848,0.02200007438659668,4.101874366675528,0.10386497928519522,-8.09988375406586,8.30761371263625,-4.998009387390333,-2.7942606540392774
0.14100003242492676,0.042999982833862305,0.0410001277923584,0.029999971389770508,0.026000022888183594,0.5617278729392379,1.4007184295457452e-12,-1.123455745877075,1.1234557458798764,-1.561727872937837,-6.438272127059362
0.12100005149841309,0.02200007438659668,0.03600001335144043,0.03899979591369629,0.024000167846679688,3.3396367226484394,0.00017316278404883902,-6.67910028251283,6.679446608080927,-4.339463559864391,-3.660190114567512
0.13100004196166992,0.023000001907348633,0.03800010681152344,0.037999868392944336,0.032000064849853516,4.999999999999981,0.14828729676044536,-9.851712703239517,10.148287296760408,-5.851712703239536,-1.8517127032395733
0.10299992561340332,0.019999980926513672,0.024000167846679688,0.026999950408935547,0.031999826431274414,0.6952335017796917,4.386663254275104e-12,-1.3904670035549966,1.39046700356377,-1.6952335017753049,-6.304766498215922
0.10599994659423828,0.03299999237060547,0.021999835968017578,0.02500009536743164,0.026000022888183594,4.999999999999981,0.02735511554595614,-9.972644884454006,10.02735511554592,-5.972644884454025,-1.9726448844540627
0.1679999828338623,0.04700016975402832,0.037999868392944336,0.03299999237060547,0.04999995231628418,7.23785475997829e-11,1.988914587992153e-12,-1.4276818061157366e-10,1.4674600978755796e-10,-1.0000000000703897,-6.999999999925633
0.125,0.031999826431274414,0.029999971389770508,0.029000043869018555,0.03299999237060547,1.4403473855975724,0.008682944092480554,-2.8720118271026642,2.889377715287625,-2.4316644415050916,-5.550969670309947
0.13899993896484375,0.03399991989135742,0.03400015830993652,0.031999826431274414,0.03900003433227539,1.4273614707271431,0.017266539152720313,-2.837456402301566,2.8719894806070068,-2.410094931574423,-5.555371990120136
0.1359999179840088,0.03099989891052246,0.03800010681152344,0.03299999237060547,0.03399991989135742,0.3941862218599944,1.7058077167127382e-12,-0.788372443718283,0.7883724437216947,-1.3941862218582886,-6.6058137781383
0.127000093460083,0.0280001163482666,0.03500008583068848,0.03399991989135742,0.029999971389770508,0.8810280251300155,0.006390344739948322,-1.7556657055200828,1.7684463949999794,-1.8746376803900673,-6.112581630130036
0.12100005149841309,0.024000167846679688,0.03399991989135742,0.04200005531311035,0.020999908447265625,2.091723931826051,0.07287968110183687,-4.110568182550265,4.256327544753939,-3.018844250724214,-4.835396387072112
0.125,0.02200007438659668,0.0279998779296875,0.03800010681152344,0.03699994087219238,1.4551184605943615,1.0643208530843228e-12,-2.9102369211876584,2.9102369211897874,-2.4551184605932974,-5.5448815394045745
0.14100003242492676,0.023000001907348633,0.042999982833862305,0.040000200271606445,0.034999847412109375,3.3396367226484394,0.00014678255886852766,-6.67912666273801,6.679420227855747,-4.339489940089571,-3.6602164947926923
0.12399983406066895,0.020999908447265625,0.03500008583068848,0.03899979591369629,0.029000043869018555,4.112999381505109,0.01549147565732055,-8.210507287352897,8.241490238667538,-5.097507905847788,-2.8715091428375707
0.11600017547607422,0.01900005340576172,0.02200007438659668,0.032000064849853516,0.042999982833862305,0.3941862218599944,1.7058077167127382e-12,-0.788372443718283,0.7883724437216947,-1.3941862218582886,-6.6058137781383
0.14400005340576172,0.03699994087219238,0.03600001335144043,0.04400014877319336,0.026999950408935547,4.999999999999981,6.434703831770565e-13,-9.99999999999932,10.000000000000606,-5.999999999999338,-1.9999999999993756
0.12899994850158691,0.026999950408935547,0.031000137329101562,0.03399991989135742,0.03699994087219238,4.99798078351546,1.988914587992153e-12,-9.99596156702893,9.995961567032909,-5.997980783513471,-2.0020192164825517
0.1380000114440918,0.03600001335144043,0.03900003433227539,0.03399991989135742,0.029000043869018555,0.010922917703385049,1.2706353697878074e-12,-0.02184583540549946,0.021845835408040734,-1.0109229177021144,-6.989077082295345
0.12800002098083496,0.02499985694885254,0.03600001335144043,0.037000179290771484,0.029999971389770508,0.3941862218599944,0.09367775335615416,-0.6946946903638347,0.882050197076143,-1.3005084685038404,-6.512136024783851
0.12599992752075195,0.01900005340576172,0.03600001335144043,0.03900003433227539,0.031999826431274414,2.237585565248647,0.00029556976599503767,-4.4748755607312996,4.475466700263289,-3.237289995482652,-4.762118864985357
0.13499999046325684,0.029999971389770508,0.03299999237060547,0.039999961853027344,0.032000064849853516,4.890761357879925,1.2706353697878074e-12,-9.78152271575858,9.78152271576112,-5.890761357878654,-2.109238642118804
0.12599992752075195,0.026999950408935547,0.029000043869018555,0.039999961853027344,0.029999971389770508,2.091723931826051,0.0016560301754230608,-4.181791833476679,4.185103893827525,-3.090067901650628,-4.906620037998525
0.13199996948242188,0.03299999237060547,0.03699994087219238,0.03600001335144043,0.026000022888183594,3.3396367226484394,0.01694471639252499,-6.662328728904353,6.696218161689404,-4.322692006255915,-3.6434185609590357
0.14599990844726562,0.04500007629394531,0.031999826431274414,0.037000179290771484,0.031999826431274414,3.7486973647999173,0.2306420910209413,-7.266752638578893,7.728036820620776,-4.518055273778976,-3.020660544179141
0.12199997901916504,0.024000167846679688,0.023999929428100586,0.037999868392944336,0.03600001335144043,2.091723931826051,0.31034646694088475,-3.8731013967112173,4.493794330592987,-2.7813774648851664,-4.597929601233064
0.12399983406066895,0.03399991989135742,0.031000137329101562,0.03299999237060547,0.025999784469604492,4.422406656959738,0.025292696556196467,-8.81952061736328,8.870106010475672,-5.397113960403542,-2.552300646484066
0.14299988746643066,0.029000043869018555,0.03399991989135742,0.039999961853027344,0.039999961853027344,2.1314753662943575,0.17187768370625003,-4.091073048882465,4.434828416294965,-2.9595976825881074,-4.696646949999392
0.13299989700317383,0.023999929428100586,0.03800010681152344,0.04399991035461426,0.026999950408935547,0.5095175223217534,1.7058077167127382e-12,-1.019035044641801,1.0190350446452126,-1.5095175223200474,-6.490482477676541
0.12100005149841309,0.03600001335144043,0.037999868392944336,0.02500009536743164,0.02200007438659668,3.675465284499301,0.2306420910209413,-7.1202884779776605,7.581572660019543,-4.44482319347836,-3.0938926244797575
0.12899994850158691,0.02200007438659668,0.03399991989135742,0.04999995231628418,0.023000001907348633,7.23785475997829e-11,1.988914587992153e-12,-1.4276818061157366e-10,1.4674600978755796e-10,-1.0000000000703897,-6.999999999925633
0.13900017738342285,0.031000137329101562,0.03299999237060547,0.04900002479553223,0.026000022888183594,4.073956570191904,0.2244884253465413,-7.923424715037267,8.37240156573035,-4.849468144845363,-2.7015550044615546
0.127000093460083,0.021000146865844727,0.03600001335144043,0.039999961853027344,0.029999971389770508,2.237585565248647,0.00029556976599503767,-4.4748755607312996,4.475466700263289,-3.237289995482652,-4.762118864985357
0.1230001449584961,0.021000146865844727,0.023000001907348633,0.039999961853027344,0.03900003433227539,4.353259740389685,0.1550577858170047,-8.551461694962365,8.861577266596376,-5.1982019545726805,-2.4916824737933103
0.125,0.03099989891052246,0.029999971389770508,0.03300023078918457,0.03099989891052246,3.7486973647999173,0.024917097978529937,-7.472477631621305,7.522311827578364,-4.723780266821388,-3.2263855372215526
0.13300013542175293,0.026000022888183594,0.03800010681152344,0.03899979591369629,0.03000020980834961,2.237585565248647,0.00029556976599503767,-4.4748755607312996,4.475466700263289,-3.237289995482652,-4.762118864985357
0.1659998893737793,0.03699994087219238,0.031000137329101562,0.06399989128112793,0.03399991989135742,1.1169669036205947,1.4713286139119052e-12,-2.233933807239718,2.2339338072426607,-2.116966903619123,-5.883033096377934
0.13400006294250488,0.05099987983703613,0.03400015830993652,0.02299976348876953,0.02500009536743164,5.193379060131065e-11,0.042559773663676866,0.042559773559809284,0.04255977376754445,-0.9574402263882569,-6.9574402262843895
0.1419999599456787,0.0279998779296875,0.032000064849853516,0.04200005531311035,0.039999961853027344,3.9092162871762848,0.039629447315729545,-7.77880312703684,7.8580620216682995,-4.869586839860555,-3.0511542655079857
0.1400001049041748,0.031000137329101562,0.04199981689453125,0.0410001277923584,0.026000022888183594,3.7486973647999173,0.052302469083544204,-7.44509226051629,7.549697198683379,-4.696394895716374,-3.1990001661165386
0.1380000114440918,0.02200007438659668,0.04800009727478027,0.031999826431274414,0.03600001335144043,0.3941862218599944,0.04124339214065193,-0.7471290515793368,0.8296158358606408,-1.3529428297193424,-6.564570385999354
0.13699984550476074,0.034999847412109375,0.02200007438659668,0.039999961853027344,0.039999961853027344,4.999999999999991,0.17169406359724193,-9.82830593640274,10.171694063597224,-5.828305936402749,-1.8283059364027672
0.17399978637695312,0.042999982833862305,0.05799984931945801,0.04200005531311035,0.03099989891052246,4.345841974966284,0.0016832650048044396,-8.690000684927764,8.693367214937371,-5.344158709961479,-2.6524747600289116
0.12399983406066895,0.021999835968017578,0.026000022888183594,0.03600001335144043,0.03899979591369629,4.0430653437688715,0.025292696556196467,-8.060837990981547,8.11142338409394,-5.017772647212675,-2.9316419596749324
0.11800003051757812,0.03299999237060547,0.0280001163482666,0.029999971389770508,0.026999950408935547,3.046025067995379,0.00017316278404883902,-6.091876973206709,6.092223298774806,-4.045851905211331,-3.9538017692205725
0.14100003242492676,0.0279998779296875,0.031000137329101562,0.04200005531311035,0.039999961853027344,7.23785475997829e-11,8.947897972240614e-13,-1.4386230540234175e-10,1.4565188499678987e-10,-1.0000000000714837,-6.999999999926727
0.14800000190734863,0.019999980926513672,0.03299999237060547,0.05800008773803711,0.03699994087219238,2.091723931826051,0.0007632068855070381,-4.182684656766595,4.184211070537609,-3.090960724940544,-4.907512861288442
0.16300010681152344,0.04400014877319336,0.03399991989135742,0.03900003433227539,0.046000003814697266,1.4880868242574183,0.0016560301754230608,-2.9745176183394135,2.97782967869026,-2.486430794081995,-5.5102571455671585
0.16199994087219238,0.03900003433227539,0.031999826431274414,0.03600001335144043,0.05500006675720215,3.0043696980654637,7.832982374928778e-5,-6.0086610663071784,6.0088177259546764,-4.004291368241715,-3.995551972110787
0.16500020027160645,0.04800009727478027,0.03800010681152344,0.03899979591369629,0.040000200271606445,2.1668266283423057,0.00029556976599503767,-4.333357686918617,4.333948826450606,-3.1665310585763105,-4.8328778018917
0.16299986839294434,0.03099989891052246,0.03500008583068848,0.0559999942779541,0.0409998893737793,7.23785475997829e-11,0.05520116154812444,0.055201161403367345,0.055201161692881535,-0.9447988385242541,-6.944798838379497
0.15699982643127441,0.023999929428100586,0.04200005531311035,0.04999995231628418,0.0409998893737793,3.7672491723018178,0.024917097978529937,-7.509581246625106,7.559415442582165,-4.742332074323288,-3.207833729719652
0.1699998378753662,0.05099987983703613,0.03400015830993652,0.04699993133544922,0.037999868392944336,4.191828413740904,6.434703831770565e-13,-8.383656827481165,8.38365682748245,-5.191828413740261,-2.808171586258453
0.14299988746643066,0.029999971389770508,0.032000064849853516,0.042999982833862305,0.037999868392944336,2.910999552838322,0.00017316278404883902,-5.821825942892596,5.822172268460693,-3.9108263900542735,-4.088827284377629
0.14500021934509277,0.029000043869018555,0.04500007629394531,0.03600001335144043,0.03500008583068848,2.6084712332833617,0.00019711597769339314,-5.21674535058903,5.217139582544417,-3.6082741173056685,-4.391331650738945
0.16100001335144043,0.03099989891052246,0.04800009727478027,0.05200004577636719,0.029999971389770508,4.191828413740904,6.141153307239823e-13,-8.383656827481193,8.383656827482422,-5.19182841374029,-2.8081715862584824
0.13499999046325684,0.023999929428100586,0.023000001907348633,0.04400014877319336,0.04399991035461426,0.7535640872288173,4.416847410721441e-12,-1.5071281744532177,1.5071281744620515,-1.7535640872244005,-6.246435912766766
0.13199996948242188,0.029000043869018555,0.02500009536743164,0.03299999237060547,0.04499983787536621,0.8789011516678475,0.024474809605232878,-1.7333274937304621,1.782277112940928,-1.8544263420626148,-6.09662403872692
0.15700006484985352,0.031000137329101562,0.031999826431274414,0.042999982833862305,0.051000118255615234,3.771950655825722,0.0009517384019271571,-7.542949573249517,7.544853050053371,-4.770998917423794,-3.2270976057723506
0.1380000114440918,0.0280001163482666,0.029000043869018555,0.037999868392944336,0.042999982833862305,1.5722984201137373,0.0007632068855070381,-3.1438336333419676,3.1453600471129817,-2.5715352132282305,-5.426938373000755
0.14699983596801758,0.03399991989135742,0.051000118255615234,0.031999826431274414,0.029999971389770508,0.7711227268924669,4.386663254275104e-12,-1.542245453780547,1.5422454537893204,-1.77112272688808,-6.228877273103146
0.12399983406066895,0.02499985694885254,0.026999950408935547,0.037000179290771484,0.034999847412109375,0.3941862218599944,1.5672518832395187e-12,-0.7883724437184215,0.7883724437215561,-1.394186221858427,-6.6058137781384385
0.11999988555908203,0.037999868392944336,0.03600001335144043,0.023000001907348633,0.023000001907348633,0.47899578179951197,8.751388496881961e-13,-0.9579915635981487,0.9579915635998991,-1.4789957817986368,-6.521004218199613
0.10300016403198242,0.023000001907348633,0.01900005340576172,0.03299999237060547,0.0280001163482666,3.7486973647999173,0.02607221310069298,-7.471322516499142,7.523466942700527,-4.722625151699225,-3.2252304220993895
0.1770000457763672,0.053999900817871094,0.051000118255615234,0.04200005531311035,0.029999971389770508,4.999999999999982,0.0671448694103761,-9.932855130589589,10.06714486941034,-5.932855130589606,-1.9328551305896413
0.1830000877380371,0.03800010681152344,0.04399991035461426,0.039999961853027344,0.06100010871887207,2.155955927547751,0.00017316278404883902,-4.311738692311454,4.312085017879551,-3.1557827647637025,-4.8438709096682
0.15599989891052246,0.032000064849853516,0.037999868392944336,0.04400014877319336,0.04199981689453125,4.999999999999981,7.925504206255193e-14,-9.999999999999883,10.000000000000043,-5.999999999999902,-1.9999999999999396
0.14599990844726562,0.03299999237060547,0.0410001277923584,0.039999961853027344,0.031999826431274414,2.6084712332833617,0.0008498373917447647,-5.2160926291749785,5.217792303958468,-3.607621395891617,-4.390678929324894
0.14299988746643066,0.03399991989135742,0.042999982833862305,0.03500008583068848,0.03099989891052246,3.9853288888876675,0.024917097978529937,-7.945740679796805,7.9955748757538645,-4.960411790909138,-2.989754013133803
0.12999987602233887,0.0279998779296875,0.023999929428100586,0.040000200271606445,0.037999868392944336,3.8220928842174073,0.04551643496265672,-7.598669333472158,7.689702203397472,-4.776576449254751,-3.132390680819936
0.13199996948242188,0.0280001163482666,0.023000001907348633,0.046000003814697266,0.034999847412109375,1.5722984201137373,0.0007632068855070381,-3.1438336333419676,3.1453600471129817,-2.5715352132282305,-5.426938373000755
0.14100003242492676,0.03400015830993652,0.037999868392944336,0.03600001335144043,0.03299999237060547,0.7860075497309059,0.03626768702350564,-1.5357474124383061,1.6082827864853175,-1.7497398627074001,-6.177724763245588
0.13099980354309082,0.021999835968017578,0.037000179290771484,0.046000003814697266,0.025999784469604492,2.6084712332833617,0.05971193654179113,-5.157230530024933,5.276654403108514,-3.5487592967415704,-4.331816830174847
0.14899992942810059,0.042999982833862305,0.03900003433227539,0.03500008583068848,0.031999826431274414,0.47421106976883,4.386663254275104e-12,-0.9484221395332733,0.9484221395420467,-1.4742110697644433,-6.525788930226783
0.12199997901916504,0.023999929428100586,0.029000043869018555,0.037999868392944336,0.031000137329101562,0.8810280251300155,0.33612135518133907,-1.425934695078692,2.09817740544137,-1.5449066699486764,-5.782850619688645
0.13499999046325684,0.03099989891052246,0.03900003433227539,0.039999961853027344,0.02500009536743164,7.23785475997829e-11,8.947897972240614e-13,-1.4386230540234175e-10,1.4565188499678987e-10,-1.0000000000714837,-6.999999999926727
0.14100003242492676,0.026000022888183594,0.03900003433227539,0.0410001277923584,0.034999847412109375,4.382087530150305,0.024219934219316654,-8.739955126081293,8.788394994519928,-5.357867595930989,-2.593692535630378
0.13499999046325684,0.031999826431274414,0.03400015830993652,0.03399991989135742,0.03500008583068848,3.0863430146660296,0.001608760424726836,-6.171077268907332,6.174294789756786,-4.084734254241303,-3.9120482249092436
0.12800002098083496,0.03600001335144043,0.03900003433227539,0.026999950408935547,0.026000022888183594,0.862422256901031,4.386663254275104e-12,-1.7248445137976753,1.7248445138064488,-1.8624222568966444,-6.137577743094583
0.14499998092651367,0.026000022888183594,0.03900003433227539,0.037999868392944336,0.04200005531311035,2.5612611843500392,0.0007632068855070381,-5.1217591618145715,5.1232855755855855,-3.5604979774645322,-4.437975608764454
0.14700007438659668,0.046000003814697266,0.04700016975402832,0.0279998779296875,0.026000022888183594,4.326382738830812,0.13296330674273538,-8.51980217091889,8.785728784404359,-5.193419432088077,-2.5406539544264524
0.12800002098083496,0.0280001163482666,0.02500009536743164,0.04399991035461426,0.03099989891052246,3.716211737432282,0.0548521669707598,-7.377571307893803,7.487275641835324,-4.6613595704615225,-3.2289360955969584
0.13499999046325684,0.03500008583068848,0.03899979591369629,0.03600001335144043,0.02500009536743164,0.47421106976883,0.0001722489319340756,-0.9482498906057258,0.9485943884695941,-1.474038820836896,-6.525616681299236
0.14600014686584473,0.026000022888183594,0.04400014877319336,0.03399991989135742,0.04200005531311035,3.046025067995379,4.54587489488777e-6,-6.0920455901158626,6.092054681865653,-4.046020522120484,-3.9539703861297264
0.1359999179840088,0.023999929428100586,0.03900003433227539,0.039999961853027344,0.03299999237060547,2.091723931826051,0.0001570876155267062,-4.183290776036575,4.183604951267629,-3.0915668442105244,-4.908118980558422
0.12399983406066895,0.023999929428100586,0.032000064849853516,0.03600001335144043,0.031999826431274414,1.605894692375635,0.0007632068855070381,-3.211026177865763,3.212552591636777,-2.605131485490128,-5.393342100738858
0.12800002098083496,0.02500009536743164,0.046000003814697266,0.03399991989135742,0.023000001907348633,4.7289604159922645,0.13296330674273538,-9.324957525241793,9.590884138727265,-5.595997109249529,-2.138076277265
0.17200016975402832,0.03000020980834961,0.06999993324279785,0.04399991035461426,0.0280001163482666,3.356652417203507,0.1252850539739078,-6.588019780433106,6.8385898883809215,-4.231367363229599,-3.5180625288225853
0.12199997901916504,0.023999929428100586,0.03299999237060547,0.03000020980834961,0.034999847412109375,1.238617576770623,2.2806811988636443e-12,-2.477235153538965,2.4772351535435266,-2.238617576768342,-5.761382423227096
0.14700007438659668,0.05900001525878906,0.03400015830993652,0.023999929428100586,0.029999971389770508,0.8810280251300155,0.14156423465608176,-1.6204918156039494,1.9036202849161128,-1.7394637904739338,-5.977407740213903
0.15200018882751465,0.04800009727478027,0.03800010681152344,0.029999971389770508,0.03600001335144043,2.0850790683421003,0.0007632068855070381,-4.169394929798694,4.170921343569708,-3.0843158614565933,-4.914157724772393
0.13900017738342285,0.04900002479553223,0.0410001277923584,0.02499985694885254,0.024000167846679688,3.716211737432282,0.11911151907053098,-7.313311955794033,7.551534993935094,-4.597100218361751,-3.164676743497187
0.13100004196166992,0.03600001335144043,0.034999847412109375,0.03400015830993652,0.026000022888183594,4.356225151047387,4.386663254275104e-12,-8.712450302090389,8.71245030209916,-5.356225151043001,-2.643774848948226
0.12899994850158691,0.029000043869018555,0.034999847412109375,0.037000179290771484,0.0279998779296875,0.8508497815298139,0.045770766789473005,-1.655928796270155,1.7474703298491008,-1.805079014740341,-6.103379451680713
0.15700006484985352,0.04700016975402832,0.056999921798706055,0.029999971389770508,0.023000001907348633,4.464602300904915,4.374006711794377e-12,-8.929204601805457,8.929204601814204,-5.464602300900541,-2.5353976990907103
0.13300013542175293,0.0280001163482666,0.03500008583068848,0.034999847412109375,0.03500008583068848,1.8651219110367059,2.2806811988636443e-12,-3.730243822071131,3.7302438220756926,-2.865121911034425,-5.134878088961013
0.13700008392333984,0.03699994087219238,0.03900003433227539,0.03500008583068848,0.026000022888183594,4.411121385438362,0.0060578885150953665,-8.816184882361629,8.828300659391818,-5.405063496923266,-2.582820726046543
0.14899992942810059,0.029000043869018555,0.032000064849853516,0.03899979591369629,0.04900002479553223,4.6236215862124554,0.20840804005265984,-9.03883513237225,9.455651212477571,-5.415213546159795,-2.1679703737348843
0.13399982452392578,0.020999908447265625,0.04800009727478027,0.04199981689453125,0.023000001907348633,3.8790176215823853,0.03175568132059915,-7.726279561844171,7.78979092448537,-4.847261940261786,-3.0892266970970157
0.125,0.026000022888183594,0.029999971389770508,0.03299999237060547,0.03600001335144043,1.238617576770623,2.2806811988636443e-12,-2.477235153538965,2.4772351535435266,-2.238617576768342,-5.761382423227096
0.1400001049041748,0.032000064849853516,0.03900003433227539,0.03099989891052246,0.03800010681152344,4.808449433246382,8.801457628273418e-5,-9.616810851916481,9.616986881069048,-5.808361418670099,-2.1914625521773345
0.15400004386901855,0.023999929428100586,0.03699994087219238,0.051000118255615234,0.04200005531311035,2.227375002122744,7.925504206255193e-14,-4.454750004245409,4.454750004245567,-3.227375002122665,-4.772624997877177
0.13400006294250488,0.026999950408935547,0.04400014877319336,0.03399991989135742,0.029000043869018555,4.760929577571306,0.13296330674273538,-9.388895848399876,9.654822461885349,-5.627966270828571,-2.1061071156859583
0.11100006103515625,0.020999908447265625,0.029000043869018555,0.032000064849853516,0.029000043869018555,1.196560998345927,2.2806811988636443e-12,-2.3931219966895734,2.393121996694135,-2.1965609983436467,-5.8034390016517925
0.1510000228881836,0.039999961853027344,0.03500008583068848,0.03600001335144043,0.039999961853027344,4.999999999999981,0.004937319133068926,-9.995062680866894,10.004937319133031,-5.995062680866912,-1.9950626808669494
0.15400004386901855,0.031000137329101562,0.05299997329711914,0.04399991035461426,0.026000022888183594,4.999999999999981,7.925504206255193e-14,-9.999999999999883,10.000000000000043,-5.999999999999902,-1.9999999999999396
0.12800002098083496,0.0280001163482666,0.03699994087219238,0.03500008583068848,0.0279998779296875,3.7774028341738095,0.0011183830500913153,-7.553687285297528,7.55592405139771,-4.776284451123718,-3.2214787827760993
0.14399981498718262,0.03099989891052246,0.04500007629394531,0.03900003433227539,0.028999805450439453,3.069386624523847,0.3731913233906111,-5.765581925657083,6.5119645724383055,-3.696195301133236,-3.557422052085542
0.14999985694885254,0.0409998893737793,0.04699993133544922,0.03800010681152344,0.023999929428100586,3.8790176215823853,0.006214457382618735,-7.751820785782152,7.764249700547389,-4.872803164199766,-3.114767921034996
0.1399998664855957,0.04999995231628418,0.0409998893737793,0.0280001163482666,0.020999908447265625,2.227375002122744,4.961208730506025e-14,-4.454750004245438,4.454750004245538,-3.2273750021226943,-4.772624997877206
0.13200020790100098,0.03000020980834961,0.03699994087219238,0.03600001335144043,0.029000043869018555,2.772107258303544,0.10299215786979912,-5.4412223587372885,5.647206674476887,-3.669115100433745,-4.124900583826657
0.12899994850158691,0.029000043869018555,0.029999971389770508,0.04200005531311035,0.0279998779296875,1.196560998345927,1.3004652904220936e-12,-2.393121996690554,2.3931219966931545,-2.1965609983446264,-5.803439001652772
0.14100003242492676,0.037000179290771484,0.04999995231628418,0.032000064849853516,0.021999835968017578,1.323628799935733,2.2806811988636443e-12,-2.647257599869185,2.647257599873747,-2.323628799933452,-5.676371200061986
0.1359999179840088,0.028999805450439453,0.042999982833862305,0.03500008583068848,0.029000043869018555,3.271641310909355,0.1252850539739078,-6.417997567844802,6.668567675792618,-4.146356256935447,-3.603073635116737
0.13200020790100098,0.026000022888183594,0.03400015830993652,0.03299999237060547,0.03900003433227539,1.5526438053553187,0.04422542138319014,-3.0610621893274472,3.1495130320938274,-2.5084183839721286,-5.403130773261491
0.11800003051757812,0.020999908447265625,0.026999950408935547,0.026000022888183594,0.04400014877319336,0.5346909938283828,2.2806811988636443e-12,-1.069381987654485,1.0693819876590462,-1.5346909938261022,-6.465309006169337
0.15000009536743164,0.04500007629394531,0.0409998893737793,0.0410001277923584,0.023000001907348633,1.5230240945229752,1.3004652904220936e-12,-3.04604818904465,3.0460481890472506,-2.5230240945216744,-5.476975905475724
0.12899994850158691,0.026999950408935547,0.03500008583068848,0.03800010681152344,0.028999805450439453,1.3643453980069515,1.3004652904220936e-12,-2.728690796012603,2.7286907960152034,-2.364345398005651,-5.635654601991748
0.13499999046325684,0.031000137329101562,0.03099989891052246,0.039999961853027344,0.03299999237060547,2.2861310397034864,0.00936474595582655,-4.562897333451146,4.581626825362799,-3.27676629374766,-4.704504214340687
0.15199995040893555,0.032000064849853516,0.037999868392944336,0.053999900817871094,0.0280001163482666,3.09131236610897,0.2240231154559818,-5.958601616761959,6.406647847673922,-3.867289250652988,-3.684664518435048
0.12900018692016602,0.024000167846679688,0.042999982833862305,0.03600001335144043,0.026000022888183594,2.7951288518241038,4.386663254275104e-12,-5.590257703643821,5.590257703652594,-3.795128851819717,-4.2048711481715095
0.1380000114440918,0.023999929428100586,0.046000003814697266,0.042999982833862305,0.02500009536743164,0.43695989930953205,0.14850388012849117,-0.725415918490573,1.0224236787475554,-1.2884560191810408,-6.414536220561977
0.13199996948242188,0.03099989891052246,0.031000137329101562,0.03600001335144043,0.03399991989135742,1.6403534913265518,0.1569405508476494,-3.1237664318054543,3.437647533500753,-2.4834129404789023,-5.202705957825799
0.14600014686584473,0.024000167846679688,0.05299997329711914,0.04399991035461426,0.02500009536743164,2.772107258303544,0.001988255168329456,-5.542226261438758,5.546202771775418,-3.7701190031352145,-4.225904486528126
0.12899994850158691,0.029999971389770508,0.04200005531311035,0.03699994087219238,0.019999980926513672,0.47421106976883,2.5614566017913464e-12,-0.9484221395350985,0.9484221395402215,-1.4742110697662685,-6.525788930228608
0.12199997901916504,0.023000001907348633,0.026000022888183594,0.039999961853027344,0.03299999237060547,0.2999660381600132,0.05235146695420951,-0.5475806093658169,0.652283543274236,-1.2476145712058038,-6.647682494885777
0.12899994850158691,0.029999971389770508,0.03699994087219238,0.03800010681152344,0.023999929428100586,7.23785475997829e-11,1.0557545384979488e-5,1.0557400627884289e-5,1.0557690142074688e-5,-0.9999894425269936,-6.999989442382237
0.1359999179840088,0.028999805450439453,0.02500009536743164,0.0409998893737793,0.0410001277923584,3.563215104374681,0.0011337465736974764,-7.1252964621756645,7.127563955323059,-4.562081357800984,-3.4356511490516217
0.13400006294250488,0.03500008583068848,0.037999868392944336,0.032000064849853516,0.029000043869018555,3.7774028341738095,0.17761471475444962,-7.3771909535931695,7.732420383102069,-4.59978811941936,-3.044982451071741
0.14300012588500977,0.03299999237060547,0.04200005531311035,0.039999961853027344,0.0280001163482666,0.41713438647204215,0.4489396987229816,-0.3853290742211027,1.283208471667066,-0.9681946877490606,-6.133925914804976
0.14899992942810059,0.026999950408935547,0.0410001277923584,0.05499982833862305,0.026000022888183594,0.532739765965932,0.025265030108629745,-1.0402145018232343,1.0907445620404936,-1.5074747358573022,-6.441995203925439
0.13099980354309082,0.026999950408935547,0.04499983787536621,0.03300023078918457,0.025999784469604492,3.09131236610897,0.7545694940757273,-5.428055238142213,6.937194226293667,-3.336742872033243,-3.154118139815303
0.12299990653991699,0.03099989891052246,0.026000022888183594,0.03600001335144043,0.029999971389770508,0.7670493087866392,2.2806811988636443e-12,-1.5340986175709979,1.534098617575559,-1.7670493087843586,-6.23295069121108
0.13100004196166992,0.021999835968017578,0.04500007629394531,0.03699994087219238,0.02700018882751465,2.2861310397034864,0.008787828458667393,-4.563474250948305,4.581049907865641,-3.277343211244819,-4.705081131837846
0.13399982452392578,0.02499985694885254,0.0280001163482666,0.04699993133544922,0.03399991989135742,4.74963899880839,0.05235146695420951,-9.44692653066257,9.55162946457099,-5.6972875318541805,-2.198009534237401
0.1359999179840088,0.039999961853027344,0.04200005531311035,0.03299999237060547,0.020999908447265625,0.0952075051247836,7.925504206255193e-14,-0.19041501024948795,0.19041501024964644,-1.0952075051247043,-6.904792494875137
0.127000093460083,0.02500009536743164,0.04999995231628418,0.029999971389770508,0.02200007438659668,2.444021753011364,3.408995302385708e-13,-4.888043506022387,4.888043506023069,-3.444021753011023,-4.555978246988294
0.1380000114440918,0.02500009536743164,0.023000001907348633,0.04200005531311035,0.04799985885620117,2.196115887515266,0.008787828458667393,-4.383443946571864,4.4010196034892,-3.1873280590565987,-4.795096284026067
0.1399998664855957,0.04499983787536621,0.03400015830993652,0.03600001335144043,0.02499985694885254,0.2999660381600132,0.6056213120175142,0.0056892356974878044,1.2055533883375407,-0.694344726142499,-6.094412649822472
0.09900021553039551,0.02200007438659668,0.021000146865844727,0.0279998779296875,0.0280001163482666,4.144268826853089,0.009760295357601206,-8.278777358348577,8.29829794906378,-5.134508531495488,-2.845970877789309
0.09399986267089844,0.01900005340576172,0.023999929428100586,0.020999908447265625,0.029999971389770508,1.216070977039813,0.09931893256669445,-2.3328230215129317,2.5314608866463204,-2.1167520444731185,-5.684610090393493
0.14400005340576172,0.029999971389770508,0.03900003433227539,0.03699994087219238,0.03800010681152344,4.538475064055348,2.2806811988636443e-12,-9.076950128108415,9.076950128112976,-5.538475064053067,-2.4615249359423714
0.12899994850158691,0.029000043869018555,0.023999929428100586,0.032000064849853516,0.04399991035461426,1.4633539038174606,7.925504206255193e-14,-2.926707807634842,2.926707807635,-2.4633539038173815,-5.53664609618246
0.12299990653991699,0.03399991989135742,0.03699994087219238,0.029000043869018555,0.023000001907348633,2.699184741621277,0.2258845773502423,-5.172484905892312,5.624254060592796,-3.4733001642710346,-4.07493068102848
0.13499999046325684,0.03399991989135742,0.03099989891052246,0.03600001335144043,0.03400015830993652,0.8076752291569831,0.36129811196496636,-1.2540523463489999,1.9766485702789325,-1.4463771171920168,-5.83102665887805
0.14100003242492676,0.03099989891052246,0.03400015830993652,0.03900003433227539,0.03699994087219238,3.563215104374681,0.2794752848563047,-6.846954923893057,7.405905493605666,-4.2837398195183765,-3.1573096107690146
0.14499998092651367,0.042999982833862305,0.026999950408935547,0.040000200271606445,0.034999847412109375,2.444021753011364,3.408995302385708e-13,-4.888043506022387,4.888043506023069,-3.444021753011023,-4.555978246988294
0.11900019645690918,0.032000064849853516,0.03400015830993652,0.031999826431274414,0.021000146865844727,3.0254815317263675,3.408995302385708e-13,-6.050963063452394,6.050963063453076,-4.025481531726026,-3.9745184682732915
0.13299989700317383,0.03099989891052246,0.046000003814697266,0.03500008583068848,0.020999908447265625,3.09131236610897,0.2240231154559818,-5.958601616761959,6.406647847673922,-3.867289250652988,-3.684664518435048
0.14100003242492676,0.03099989891052246,0.03600001335144043,0.04200005531311035,0.032000064849853516,0.2999660381600132,0.05235146695420951,-0.5475806093658169,0.652283543274236,-1.2476145712058038,-6.647682494885777
0.13700008392333984,0.026999950408935547,0.04999995231628418,0.03600001335144043,0.024000167846679688,1.4913154544704357,0.012687705170091101,-2.9699432037707805,2.9953186141109622,-2.478627749300345,-5.4959968403594734
0.1269998550415039,0.01900005340576172,0.026999950408935547,0.042999982833862305,0.037999868392944336,2.4160602023619675,8.142769725735048e-14,-4.832120404723853,4.832120404724017,-3.4160602023618862,-4.583939797637951
0.11700010299682617,0.023000001907348633,0.023999929428100586,0.03699994087219238,0.03300023078918457,3.863217150802053,0.0011337465736974764,-7.725300555030409,7.727568048177804,-4.862083404228356,-3.1356491026242495
0.16499996185302734,0.03299999237060547,0.06299996376037598,0.04199981689453125,0.02700018882751465,4.999999999999981,0.29976634804188584,-9.700233651958078,10.299766348041848,-5.700233651958095,-1.7002336519581327
0.13299989700317383,0.034999847412109375,0.03800010681152344,0.032000064849853516,0.0279998779296875,3.34110052126932,1.2511713881287366e-12,-6.682201042537389,6.682201042539892,-4.34110052126807,-3.658899478729429
0.125,0.02200007438659668,0.023999929428100586,0.040000200271606445,0.03899979591369629,1.2132110587924214,0.28764320002653715,-2.1387789175583056,2.71406531761138,-1.9255678587658842,-5.499145741181041
0.13199996948242188,0.029999971389770508,0.04200005531311035,0.032000064849853516,0.0279998779296875,1.196560998345927,7.962019926373475e-13,-2.393121996691058,2.3931219966926505,-2.196560998345131,-5.803439001653277
0.1420001983642578,0.031000137329101562,0.03600001335144043,0.039999961853027344,0.03500008583068848,1.63931412760873,0.35709156302454753,-2.9215366921929125,3.6357198182420074,-2.2822225645841825,-5.003594309366722
0.13400006294250488,0.03099989891052246,0.039999961853027344,0.040000200271606445,0.023000001907348633,0.7670493087866392,0.10451673399392522,-1.4295818835793532,1.6386153515672037,-1.662532574792714,-6.1284339572194355
0.12899994850158691,0.04800009727478027,0.03599977493286133,0.024000167846679688,0.020999908447265625,3.9399094694032692,0.0003063228440238928,-7.879512615962515,7.880125261650562,-4.939603146559245,-3.0597842077527067
0.14500021934509277,0.031000137329101562,0.039999961853027344,0.04200005531311035,0.032000064849853516,4.973953930846699,0.0011337465736974764,-9.9467741151197,9.949041608267096,-5.972820184273002,-2.0249123225796035
0.14299988746643066,0.03099989891052246,0.04500007629394531,0.04200005531311035,0.02499985694885254,3.5938509835391605,6.892996793353797e-14,-7.187701967078252,7.18770196707839,-4.593850983539092,-3.4061490164607706
0.1359999179840088,0.026999950408935547,0.03699994087219238,0.03500008583068848,0.03699994087219238,1.3795663360780082,0.05466680039984879,-2.7044658717561676,2.813799472555865,-2.3248995356781594,-5.565766863522143
0.13000011444091797,0.023999929428100586,0.02500009536743164,0.042999982833862305,0.03800010681152344,1.2432831160192916,0.03349326740014985,-2.4530729646384333,2.5200594994387333,-2.209789848619142,-5.723223616580558
0.15000009536743164,0.04999995231628418,0.046000003814697266,0.029000043869018555,0.02500009536743164,4.819262801537985,8.142769725735048e-14,-9.638525603075887,9.63852560307605,-5.819262801537903,-2.1807371984619337
0.13100004196166992,0.02200007438659668,0.042999982833862305,0.03699994087219238,0.029000043869018555,2.171856108866141,5.960409452668666e-14,-4.3437122177322225,4.3437122177323415,-3.1718561088660815,-4.8281438911337995
0.13499999046325684,0.02200007438659668,0.029000043869018555,0.04999995231628418,0.03399991989135742,4.99207032843049,0.30084621025362235,-9.683294446607357,10.284986867114602,-5.6912241181768675,-1.7070834613158876
0.127000093460083,0.03800010681152344,0.03900003433227539,0.02499985694885254,0.02500009536743164,1.6731826682496123,0.0884963039804395,-3.257869032518785,3.434861640479664,-2.5846863642691726,-5.238321027769948
0.15600013732910156,0.03500008583068848,0.04399991035461426,0.04400014877319336,0.03299999237060547,3.989270343127503,0.35709156302454753,-7.621449123230459,8.335632249279554,-4.632178780102956,-2.653638093847949
0.13700008392333984,0.03099989891052246,0.04400014877319336,0.034999847412109375,0.02700018882751465,1.8182418499793822,0.020999794043371506,-3.6154839059153927,3.657483494002136,-2.7972420559360107,-5.160758355977246
0.1359999179840088,0.02500009536743164,0.04799985885620117,0.03500008583068848,0.0279998779296875,1.8651219110367059,2.2806811988636443e-12,-3.730243822071131,3.7302438220756926,-2.865121911034425,-5.134878088961013
0.14800000190734863,0.026999950408935547,0.046000003814697266,0.04200005531311035,0.03299999237060547,0.4231415891220579,0.049954320611661114,-0.7963288576324546,0.896237498855777,-1.3731872685103967,-6.526904090266281
0.13300013542175293,0.03699994087219238,0.03800010681152344,0.029999971389770508,0.0280001163482666,2.4160602023619675,8.450596861202755e-14,-4.832120404723851,4.832120404724019,-3.416060202361883,-4.583939797637948
0.1419999599456787,0.046000003814697266,0.03500008583068848,0.03399991989135742,0.026999950408935547,0.7957961640042843,2.0516227321708025e-12,-1.591592328006517,1.5915923280106203,-1.7957961640022329,-6.204203835993664
0.14400005340576172,0.031000137329101562,0.042999982833862305,0.026999950408935547,0.042999982833862305,2.4160602023619675,0.34273149891719956,-4.489388905806735,5.174851903641135,-3.073328703444768,-4.241208298720833
0.1360001564025879,0.03900003433227539,0.03600001335144043,0.03500008583068848,0.026000022888183594,3.9135694684944156e-11,3.744024117030956e-14,-7.8233949128718e-11,7.830882961105862e-11,-1.0000000000390983,-6.999999999960827
0.12899994850158691,0.031000137329101562,0.031999826431274414,0.032000064849853516,0.03399991989135742,4.641671947385931,0.0040621402677305015,-9.279281754504131,9.287406035039593,-5.637609807118201,-2.3542659123463388
0.14699983596801758,0.04499983787536621,0.042999982833862305,0.032000064849853516,0.026999950408935547,1.4410492690282295,7.925504206255193e-14,-2.88209853805638,2.882098538056538,-2.4410492690281504,-5.5589507309716915
0.13899993896484375,0.02499985694885254,0.04400014877319336,0.04399991035461426,0.026000022888183594,2.183345426473889,5.960409452668666e-14,-4.366690852947719,4.366690852947838,-3.1833454264738297,-4.816654573526051
0.12900018692016602,0.021000146865844727,0.05200004577636719,0.03399991989135742,0.02200007438659668,2.171856108866141,5.960409452668666e-14,-4.3437122177322225,4.3437122177323415,-3.1718561088660815,-4.8281438911337995
0.14899992942810059,0.04900002479553223,0.04500007629394531,0.0279998779296875,0.026999950408935547,7.23785475997829e-11,0.21107821015530098,0.2110782100105439,0.21107821030005808,-0.7889217899170775,-6.788921789772321
0.13199996948242188,0.039999961853027344,0.03900003433227539,0.026999950408935547,0.026000022888183594,2.1643575820462502e-11,1.07948885793058e-14,-4.32763567523457e-11,4.3297946529504307e-11,-1.0000000000216327,-6.999999999978345
0.13499999046325684,0.026000022888183594,0.04400014877319336,0.04199981689453125,0.023000001907348633,2.422526708017528,8.142769725735048e-14,-4.8450534160349745,4.845053416035138,-3.422526708017447,-4.577473291982391
0.13099980354309082,0.029999971389770508,0.03699994087219238,0.03699994087219238,0.026999950408935547,4.999999999999981,0.3360919431616891,-9.663908056838274,10.336091943161652,-5.6639080568382925,-1.6639080568383298
0.13299989700317383,0.031999826431274414,0.042999982833862305,0.037000179290771484,0.020999908447265625,3.9135694684944156e-11,3.744024117030956e-14,-7.8233949128718e-11,7.830882961105862e-11,-1.0000000000390983,-6.999999999960827
0.14400005340576172,0.023999929428100586,0.03800010681152344,0.03899979591369629,0.043000221252441406,1.2516031080122005,7.962019926373475e-13,-2.503206216023605,2.5032062160251973,-2.2516031080114045,-5.748396891987003
0.13299989700317383,0.03399991989135742,0.03800010681152344,0.03600001335144043,0.02499985694885254,2.326693305280793,2.5035523328230727e-15,-4.653386610561584,4.653386610561589,-3.3266933052807905,-4.673306694719204
0.13499999046325684,0.025999784469604492,0.03600001335144043,0.03500008583068848,0.03800010681152344,2.4160602023619675,0.29345410064667704,-4.538666304077258,5.125574505370612,-3.1226061017152906,-4.290485696991356
0.1380000114440918,0.026000022888183594,0.0409998893737793,0.0410001277923584,0.029999971389770508,3.9135694684944156e-11,3.677410735553446e-14,-7.823461526253277e-11,7.830816347724385e-11,-1.000000000039099,-6.999999999960828
0.1529998779296875,0.0279998779296875,0.04199981689453125,0.04900002479553223,0.03299999237060547,1.196560998345927,4.2083558801158206e-13,-2.393121996691433,2.393121996692275,-2.1965609983455066,-5.803439001653652
0.12999987602233887,0.03299999237060547,0.037999868392944336,0.03600001335144043,0.023000001907348633,1.196560998345927,7.962019926373475e-13,-2.393121996691058,2.3931219966926505,-2.196560998345131,-5.803439001653277
0.13399982452392578,0.026999950408935547,0.04500007629394531,0.03399991989135742,0.0279998779296875,4.655570328694901,0.0028207979882319857,-9.30831985940157,9.313961455378033,-5.652749530706669,-2.3416088733168676
0.1380000114440918,0.04499983787536621,0.040000200271606445,0.026999950408935547,0.026000022888183594,0.16267733898089043,0.3216550352402232,-0.00369964272155765,0.6470097132020041,-0.8410223037406672,-6.515667625778886
0.1549999713897705,0.0559999942779541,0.039999961853027344,0.029000043869018555,0.029999971389770508,4.460505606391965,0.04137405130283262,-8.879637161481096,8.962385264086763,-5.419131555089132,-2.498120342305203
0.1419999599456787,0.04499983787536621,0.040000200271606445,0.026999950408935547,0.029999971389770508,3.9135694684944156e-11,0.020047544804788122,0.020047544726516733,0.02004754488305951,-0.9799524552343476,-6.979952455156076
0.1530001163482666,0.03400015830993652,0.037999868392944336,0.03800010681152344,0.042999982833862305,3.9204904982073097,0.00030362128196354123,-7.840677375132656,7.841284617696583,-4.920186876925346,-3.079205880510727
0.17100000381469727,0.042999982833862305,0.057000160217285156,0.034999847412109375,0.03600001335144043,2.433637348015238,9.08056651195276e-6,-4.867265615463964,4.867283776596988,-3.433628267448726,-4.56635357141825
0.13299989700317383,0.023999929428100586,0.03500008583068848,0.037999868392944336,0.03600001335144043,4.678615846658567,3.677410735553446e-14,-9.357231693317097,9.357231693317171,-5.678615846658531,-2.3213841533413966
0.14100003242492676,0.03800010681152344,0.0409998893737793,0.037000179290771484,0.02499985694885254,0.0629573566302315,0.004039145255380244,-0.12187556800508276,0.12995385851584323,-1.0589182113748512,-6.933003498114388
0.14700007438659668,0.026000022888183594,0.03900003433227539,0.04800009727478027,0.03399991989135742,4.999113476102005,0.00030362128196354123,-9.997923330922047,9.998530573485974,-5.998809854820042,-2.0005829026160313
0.13700008392333984,0.0280001163482666,0.0409998893737793,0.03600001335144043,0.032000064849853516,3.8108784408588656,7.925504206255193e-14,-7.621756881717652,7.62175688171781,-4.810878440858787,-3.1891215591410553
0.13499999046325684,0.0280001163482666,0.026000022888183594,0.0409998893737793,0.039999961853027344,3.9204904982073097,0.00030362128196354123,-7.840677375132656,7.841284617696583,-4.920186876925346,-3.079205880510727
0.13899993896484375,0.03900003433227539,0.031999826431274414,0.03600001335144043,0.032000064849853516,2.4283033052515575,9.08056651195276e-6,-4.856597529936603,4.856615691069627,-3.4282942246850454,-4.571687614181931
0.14400005340576172,0.03900003433227539,0.042999982833862305,0.031000137329101562,0.03099989891052246,3.8782007366569435,0.0003063228440238928,-7.756095150469863,7.756707796157911,-4.877894413812919,-3.1214929404990324
0.14100003242492676,0.0280001163482666,0.04500007629394531,0.034999847412109375,0.03299999237060547,0.3181589345878959,0.049954320611661114,-0.5863635485641306,0.686272189787453,-1.2682046139762349,-6.631886744800443
0.13699984550476074,0.028999805450439453,0.03800010681152344,0.039999961853027344,0.029999971389770508,3.9204904982073097,0.00014365704738613858,-7.8408373393672335,7.841124653462005,-4.920346841159923,-3.079365844745304
0.12800002098083496,0.029000043869018555,0.026000022888183594,0.03800010681152344,0.034999847412109375,4.460505606391965,0.04239981612442547,-8.878611396659503,8.963411028908356,-5.418105790267539,-2.49709457748361
0.14499998092651367,0.0409998893737793,0.042999982833862305,0.03400015830993652,0.026999950408935547,3.5151951910163612,0.028565135168727773,-7.001825246863994,7.058955517201451,-4.486630055847634,-3.456239673814911
0.1400001049041748,0.03699994087219238,0.037000179290771484,0.03600001335144043,0.029999971389770508,1.908577351470029,4.2083558801158206e-13,-3.817154702939637,3.817154702940479,-2.9085773514696083,-5.09142264852955
0.13700008392333984,0.03299999237060547,0.042999982833862305,0.029999971389770508,0.031000137329101562,1.6925947548803972,0.29163599982602384,-3.093553509934771,3.676825509586818,-2.4009587550543734,-5.015769245293579
0.14300012588500977,0.032000064849853516,0.03600001335144043,0.042999982833862305,0.032000064849853516,0.0219425122658633,0.039843253773441556,-0.004041770758285046,0.08372827830516816,-0.9820992584924217,-6.938214233960695
0.13400006294250488,0.03299999237060547,0.032000064849853516,0.03399991989135742,0.03500008583068848,4.460505606391965,0.04137405130283262,-8.879637161481096,8.962385264086763,-5.419131555089132,-2.498120342305203
0.14499998092651367,0.04700016975402832,0.04499983787536621,0.029999971389770508,0.023000001907348633,2.1643575820462502e-11,0.27193138662922245,0.2719313865859353,0.2719313866725096,-0.7280686133924211,-6.728068613349134
0.14800000190734863,0.05299997329711914,0.0409998893737793,0.02500009536743164,0.029000043869018555,0.46215046300201945,0.09969857358552997,-0.8246023524185089,1.023999499589569,-1.3624518894164894,-6.4381509634124505
0.14700007438659668,0.04900002479553223,0.03900003433227539,0.026999950408935547,0.032000064849853516,2.533341822094582,9.08056651195276e-6,-5.066674563622652,5.066692724755676,-3.5333327415280698,-4.466649097338906
0.13899993896484375,0.029999971389770508,0.03899979591369629,0.03900003433227539,0.031000137329101562,3.6811630313552657,0.028565135168727773,-7.333760927541803,7.3908911978792595,-4.652597896186538,-3.2902718334760066
0.1380000114440918,0.029999971389770508,0.032000064849853516,0.03600001335144043,0.039999961853027344,2.433637348015238,4.8580742561073935e-6,-4.86726983795622,4.867279554104732,-3.433632489940982,-4.566357793910505
0.16199994087219238,0.04199981689453125,0.05000019073486328,0.037999868392944336,0.032000064849853516,3.5151951910163612,0.04024353121528253,-6.99014685081744,7.070633913248005,-4.474951659801079,-3.444561277768356
0.13499999046325684,0.02500009536743164,0.032000064849853516,0.04199981689453125,0.03600001335144043,4.906990105184208,0.029695655256278125,-9.784284555112139,9.843675865624695,-5.8772944499279305,-2.0633142395595137
0.1380000114440918,0.0280001163482666,0.0409998893737793,0.037000179290771484,0.031999826431274414,4.999999999999988,4.146933212201241e-13,-9.999999999999561,10.000000000000389,-5.999999999999573,-1.9999999999995977
0.12299990653991699,0.03399991989135742,0.029999971389770508,0.03600001335144043,0.023000001907348633,1.196560998345927,8.540886320708878e-14,-2.393121996691769,2.3931219966919395,-2.1965609983458414,-5.803439001653987
0.14699983596801758,0.03600001335144043,0.03699994087219238,0.0409998893737793,0.03299999237060547,4.35564474714998,0.04137405130283262,-8.669915442997127,8.752663545602793,-5.3142706958471475,-2.6029812015471876
0.13699984550476074,0.03699994087219238,0.03600001335144043,0.03600001335144043,0.0279998779296875,0.051006653704747995,1.07948885793058e-14,-0.1020133074094852,0.10201330740950679,-1.0510066537047371,-6.948993346295241
0.14299988746643066,0.04800009727478027,0.034999847412109375,0.0280001163482666,0.031999826431274414,2.5623163402685067,9.08056651195276e-6,-5.124623599970501,5.1246417611035255,-3.5623072597019947,-4.437674579164981
0.15199995040893555,0.05299997329711914,0.03099989891052246,0.03800010681152344,0.029999971389770508,4.9199647997784925,4.9811217151289555e-15,-9.83992959955698,9.83992959955699,-5.919964799778487,-2.080035200221502
0.13700008392333984,0.031000137329101562,0.0409998893737793,0.032000064849853516,0.03299999237060547,3.530855073362427,0.028565135168727773,-7.033145011556126,7.090275281893582,-4.5022899381937,-3.440579791468845
0.1360001564025879,0.032000064849853516,0.03500008583068848,0.03299999237060547,0.03600001335144043,2.533341822094582,9.08056651195276e-6,-5.066674563622652,5.066692724755676,-3.5333327415280698,-4.466649097338906
0.13100004196166992,0.026000022888183594,0.032000064849853516,0.03900003433227539,0.03399991989135742,3.5151951910163612,0.33275613813606203,-6.69763424389666,7.363146520168785,-4.1824390528803,-3.152048670847577
0.14399981498718262,0.059999942779541016,0.03699994087219238,0.02200007438659668,0.02499985694885254,0.46215046300201945,0.09969857358552997,-0.8246023524185089,1.023999499589569,-1.3624518894164894,-6.4381509634124505
0.13700008392333984,0.04500007629394531,0.03600001335144043,0.029000043869018555,0.026999950408935547,1.698956864409799,0.37179469933886566,-3.026119029480732,3.769708428158464,-2.3271621650709333,-4.929248436251335
0.13100004196166992,0.03299999237060547,0.032000064849853516,0.03500008583068848,0.03099989891052246,4.551673406859315,0.04137405130283262,-9.061972762415797,9.144720865021464,-5.510299355556483,-2.4069525418378523
0.14899992942810059,0.026999950408935547,0.04400014877319336,0.037999868392944336,0.039999961853027344,0.46215046300201945,0.024533678470552156,-0.8997672475334868,0.948834604474591,-1.4376167845314674,-6.513315858527428
0.127000093460083,0.024000167846679688,0.03099989891052246,0.03800010681152344,0.03399991989135742,2.053278008243293,0.15316930978976395,-3.953386706696822,4.2597253262763495,-2.900108698453529,-4.793552681966943
0.1400001049041748,0.03299999237060547,0.04900002479553223,0.032000064849853516,0.026000022888183594,0.7286869864625483,0.09969857358552997,-1.3576753993395665,1.5570725465106265,-1.6289884128770182,-6.171614439951922
0.13700008392333984,0.02500009536743164,0.05099987983703613,0.03400015830993652,0.026999950408935547,4.194739016656808,0.04137405130283262,-8.348103982010782,8.430852084616449,-5.153364965353975,-2.76388693204036
0.15000009536743164,0.023000001907348633,0.06399989128112793,0.032000064849853516,0.031000137329101562,4.564895809352969,0.04137405130283262,-9.088417567403104,9.17116567000877,-5.523521758050136,-2.393730139344199
0.13700008392333984,0.029999971389770508,0.03600001335144043,0.03399991989135742,0.037000179290771484,3.2585530472000626,9.08056651195276e-6,-6.517097013833613,6.517115174966637,-4.2585439666335505,-3.7414378722334254
0.13899993896484375,0.05500006675720215,0.03699994087219238,0.026000022888183594,0.020999908447265625,4.460505606391965,0.21014822139656913,-8.71086299138736,9.131159434180498,-5.250357384995396,-2.3293461722114666
0.14600014686584473,0.024000167846679688,0.05099987983703613,0.037000179290771484,0.03399991989135742,2.433637348015238,4.8580742561073935e-6,-4.86726983795622,4.867279554104732,-3.433632489940982,-4.566357793910505
0.13699984550476074,0.03099989891052246,0.039999961853027344,0.03400015830993652,0.031999826431274414,0.46215046300201945,0.024533678470552156,-0.8997672475334868,0.948834604474591,-1.4376167845314674,-6.513315858527428
0.13299989700317383,0.029000043869018555,0.034999847412109375,0.03900003433227539,0.029999971389770508,1.3408540407588934,2.7788288229043157e-14,-2.6817080815177587,2.6817080815178147,-2.340854040758866,-5.659145959241079
0.13000011444091797,0.0410001277923584,0.03699994087219238,0.029000043869018555,0.023000001907348633,2.9912118645543,1.9055647758711063e-6,-5.982421823543824,5.982425634673376,-3.9912099589895242,-4.008786229880924
0.14400005340576172,0.05200004577636719,0.029000043869018555,0.03699994087219238,0.026000022888183594,4.999999999999981,7.925504206255193e-14,-9.999999999999883,10.000000000000043,-5.999999999999902,-1.9999999999999396
0.13199996948242188,0.019999980926513672,0.046000003814697266,0.03900003433227539,0.026999950408935547,1.196560998345927,0.17275617803489343,-2.2203658186569606,2.565878174726748,-2.0238048203110335,-5.630682823619179
0.13899993896484375,0.026000022888183594,0.04799985885620117,0.03500008583068848,0.029999971389770508,0.00528966607676018,1.07948885793058e-14,-0.010579332153509565,0.010579332153531155,-1.0052896660767494,-6.994710333923229
0.14300012588500977,0.040000200271606445,0.03699994087219238,0.031999826431274414,0.03400015830993652,0.5421972921864575,0.09969857358552997,-0.984696010787385,1.184093157958445,-1.4424987186009275,-6.358104134228013
0.13899993896484375,0.04399991035461426,0.03400015830993652,0.029999971389770508,0.03099989891052246,0.7286869864625483,0.09969857358552997,-1.3576753993395665,1.5570725465106265,-1.6289884128770182,-6.171614439951922
0.13100004196166992,0.02500009536743164,0.04499983787536621,0.03600001335144043,0.024000167846679688,2.3933344604511775,0.15316930978976395,-4.633499611112591,4.939838230692119,-3.2401651506614133,-4.453496229759058
0.12999987602233887,0.029000043869018555,0.03099989891052246,0.03600001335144043,0.03399991989135742,2.5964068229347776,4.491732820253937e-6,-5.192809154136735,5.192818137602376,-3.5964023312019573,-4.4035886853324016
0.14599990844726562,0.05200004577636719,0.03900003433227539,0.029999971389770508,0.02499985694885254,1.2988480049988373,3.94456299876073e-14,-2.597696009997635,2.597696009997714,-2.298848004998798,-5.701151995001123
0.13299989700317383,0.0409998893737793,0.03800010681152344,0.031999826431274414,0.02200007438659668,0.46215046300201945,0.024533678470552156,-0.8997672475334868,0.948834604474591,-1.4376167845314674,-6.513315858527428
0.13299989700317383,0.029999971389770508,0.03399991989135742,0.03399991989135742,0.03500008583068848,3.2585530472000626,0.1750882262537613,-6.342017868146364,6.692194320653886,-4.083464820946301,-3.5663587265461762
0.12800002098083496,0.02700018882751465,0.04199981689453125,0.031000137329101562,0.0279998779296875,2.54442736242018,0.21307529867295827,-4.8757794261674015,5.301930023513318,-3.3313520637472216,-4.242497338906862
0.14800000190734863,0.031999826431274414,0.059999942779541016,0.03400015830993652,0.02200007438659668,2.6796975623607446,0.0694406794912298,-5.28995444523026,5.428835804212719,-3.610256882869515,-4.250861758148026
0.14299988746643066,0.026999950408935547,0.05200004577636719,0.034999847412109375,0.029000043869018555,1.196560998345927,8.540886320708878e-14,-2.393121996691769,2.3931219966919395,-2.1965609983458414,-5.803439001653987
0.13399982452392578,0.026000022888183594,0.042999982833862305,0.03600001335144043,0.028999805450439453,3.6858684238667143,0.02424326035688168,-7.347493587376547,7.395980108090311,-4.661625163509832,-3.289888315776404
0.1419999599456787,0.0409998893737793,0.042999982833862305,0.031000137329101562,0.026999950408935547,0.46215046300201945,0.2956053515087624,-0.6286955744952765,1.2199062775128013,-1.166545111493257,-6.242244185489218
0.13900017738342285,0.04200005531311035,0.04400014877319336,0.029999971389770508,0.023000001907348633,0.6816345773635273,0.09969857358552997,-1.2635705811415245,1.4629677283125846,-1.5819360037779973,-6.218666849050942
0.12400007247924805,0.029999971389770508,0.04399991035461426,0.029000043869018555,0.021000146865844727,3.5402702319588863,0.5936002402822106,-6.486940223635562,7.674140704199983,-3.946669991676676,-2.866129527758903
0.13200020790100098,0.026000022888183594,0.03000020980834961,0.04199981689453125,0.03400015830993652,1.7004561896332826,0.0884963039804395,-3.3124160752861256,3.489408683247005,-2.611959885652843,-5.211047506386278
0.15699982643127441,0.05099987983703613,0.03900003433227539,0.03900003433227539,0.0279998779296875,2.4907709689702893,0.21307529867295827,-4.76846663926762,5.194617236613537,-3.277695670297331,-4.2961537323567525
0.13499999046325684,0.023000001907348633,0.04399991035461426,0.0409998893737793,0.02700018882751465,1.196560998345927,3.807470897139776e-15,-2.39312199669185,2.393121996691858,-2.196560998345923,-5.803439001654069
0.13400006294250488,0.020999908447265625,0.05000019073486328,0.03699994087219238,0.026000022888183594,0.46215046300201945,0.024533678470552156,-0.8997672475334868,0.948834604474591,-1.4376167845314674,-6.513315858527428
0.13499999046325684,0.02200007438659668,0.046000003814697266,0.03699994087219238,0.029999971389770508,1.196560998345927,8.540886320708878e-14,-2.393121996691769,2.3931219966919395,-2.1965609983458414,-5.803439001653987
0.1419999599456787,0.03399991989135742,0.04399991035461426,0.03900003433227539,0.02500009536743164,2.1643575820462502e-11,1.07948885793058e-14,-4.32763567523457e-11,4.3297946529504307e-11,-1.0000000000216327,-6.999999999978345
0.14400005340576172,0.03299999237060547,0.05299997329711914,0.026000022888183594,0.032000064849853516,0.026818512971032216,0.023787511870683373,-0.029849514071381058,0.0774245378127478,-1.003031001100349,-6.9493939751582845
0.12400007247924805,0.0280001163482666,0.026000022888183594,0.034999847412109375,0.03500008583068848,3.512656951349185,0.03853156705714839,-6.986782335641221,7.063845469755519,-4.474125384292037,-3.448811481593667
0.1359999179840088,0.03600001335144043,0.031000137329101562,0.028999805450439453,0.039999961853027344,3.6858684238667143,0.0088926823538929,-7.362844165379536,7.3806295300873215,-4.6769757415128215,-3.305238893779393
0.13899993896484375,0.03299999237060547,0.03900003433227539,0.037999868392944336,0.029000043869018555,3.7230835650746967,0.10582510732340128,-7.340342022825992,7.551992237472795,-4.617258457751296,-3.171091327601902
0.13199996948242188,0.0279998779296875,0.029000043869018555,0.0410001277923584,0.03399991989135742,2.54442736242018,0.07282133556147607,-5.016033389278884,5.1616760604018355,-3.4716060268587037,-4.3827513020183435
0.13200020790100098,0.03900003433227539,0.03800010681152344,0.026999950408935547,0.0280001163482666,1.8074792763466354,0.0884963039804395,-3.526462248712831,3.7034548566737104,-2.718982972366196,-5.104024419672925
0.1380000114440918,0.03099989891052246,0.04700016975402832,0.031999826431274414,0.0280001163482666,1.6731826682496123,0.07392770618147493,-3.2724376303177496,3.4202930426806994,-2.5992549620681373,-5.252889625568913
0.10599994659423828,0.029000043869018555,0.029000043869018555,0.023000001907348633,0.02499985694885254,2.078485694677258,0.15316930978976395,-4.003802079564752,4.31014069914428,-2.925316384887494,-4.768344995532978
0.12800002098083496,0.03299999237060547,0.026999950408935547,0.029999971389770508,0.03800010681152344,3.7615057569238095,1.9055647758711063e-6,-7.523009608282843,7.523013419412395,-4.761503851359034,-3.2384923375114147
0.1659998893737793,0.04699993133544922,0.029999971389770508,0.04999995231628418,0.03900003433227539,0.13443678589787544,5.465818061105049e-15,-0.26887357179574545,0.2688735717957563,-1.13443678589787,-6.865563214102119
0.15199995040893555,0.03699994087219238,0.05299997329711914,0.03299999237060547,0.0279998779296875,0.03840317367999768,3.873645289965723e-9,-0.07680634348635007,0.07680635123364066,-1.0384031698063523,-6.961596822446357
0.1360001564025879,0.03000020980834961,0.03399991989135742,0.03399991989135742,0.03800010681152344,2.962514214278541,2.0371487179109542e-6,-5.925026391408363,5.9250304657058,-3.962512177129823,-4.0374837485727415
0.13199996948242188,0.042999982833862305,0.03900003433227539,0.029000043869018555,0.020999908447265625,4.999999999999981,7.925504206255193e-14,-9.999999999999883,10.000000000000043,-5.999999999999902,-1.9999999999999396
0.14100003242492676,0.02499985694885254,0.04900002479553223,0.0410001277923584,0.026000022888183594,0.923218734592652,3.474403989752229e-15,-1.8464374691853005,1.8464374691853076,-1.9232187345926486,-6.0767812654073445
0.13299989700317383,0.02499985694885254,0.03500008583068848,0.03600001335144043,0.03699994087219238,3.6560793121880475,0.00039693053069503065,-7.3117616938453995,7.31255555490679,-4.6556823816573525,-3.3435237572812575
0.12999987602233887,0.03600001335144043,0.042999982833862305,0.023999929428100586,0.026999950408935547,2.5991414761828238,0.0086759522376271,-5.189607000128021,5.206958904603274,-3.5904655239451966,-4.392182571579549
0.13400006294250488,0.03000020980834961,0.039999961853027344,0.03900003433227539,0.02499985694885254,2.1464061512585793,0.07392770618147493,-4.218884596335684,4.366740008698633,-3.0724784450771043,-4.779666142559946
0.1399998664855957,0.023000001907348633,0.037999868392944336,0.04400014877319336,0.034999847412109375,3.6924147893685078,1.1090008400590394e-6,-7.384828469736175,7.384830687737856,-4.692413680367668,-3.307584101630652
0.1269998550415039,0.029999971389770508,0.03299999237060547,0.032000064849853516,0.031999826431274414,0.46215046300201945,0.11207417144790571,-0.8122267545561332,1.0363750974519446,-1.3500762915541138,-6.425775365550075
0.1399998664855957,0.03099989891052246,0.03900003433227539,0.04200005531311035,0.0279998779296875,3.5752260008090433,0.04073518555481187,-7.109716816063274,7.191187187172899,-4.534490815254232,-3.384038813636145
0.14100003242492676,0.024000167846679688,0.05099987983703613,0.03900003433227539,0.026999950408935547,2.5826115463291686,0.15316930978976395,-5.012053782868573,5.318392402448101,-3.429442236539405,-4.264219143881068
0.14899992942810059,0.03399991989135742,0.042999982833862305,0.04200005531311035,0.029999971389770508,2.2311958899067865,0.18643226792089374,-4.27595951189268,4.6488240477344664,-3.0447636219858927,-4.58237184217232
0.14100003242492676,0.0279998779296875,0.03900003433227539,0.0410001277923584,0.03299999237060547,2.078485694677258,0.025247947323344233,-4.131723442031172,4.182219336677861,-3.053237747353914,-4.896266357999398
0.13899993896484375,0.03900003433227539,0.03900003433227539,0.03299999237060547,0.0279998779296875,1.8717711899777103,0.17282774033940818,-3.5707146396160123,3.916370120294829,-2.698943449638302,-4.955401069682882
0.14899992942810059,0.03899979591369629,0.0410001277923584,0.046000003814697266,0.023000001907348633,1.6731826682496123,0.059800623056810887,-3.286564713442414,3.406165959556035,-2.613382045192801,-5.267016708693577
0.13499999046325684,0.03000020980834961,0.03599977493286133,0.03800010681152344,0.03099989891052246,0.6691304134019124,3.807470897139776e-15,-1.338260826803821,1.3382608268038285,-1.6691304134019087,-6.330869586598084
0.13499999046325684,0.029000043869018555,0.034999847412109375,0.03900003433227539,0.032000064849853516,2.1643575820462502e-11,0.07252417363593947,0.07252417359265231,0.07252417367922662,-0.9274758263857041,-6.927475826342417
0.12100005149841309,0.0280001163482666,0.023999929428100586,0.03099989891052246,0.03800010681152344,1.6489081137340846,0.0029111734739597703,-3.2949050539942095,3.300727400942129,-2.645996940260125,-5.348180712791955
0.14899992942810059,0.03900003433227539,0.04800009727478027,0.031999826431274414,0.029999971389770508,0.4044531662904074,1.07948885793058e-14,-0.808906332580804,0.8089063325808256,-1.4044531662903967,-6.595546833709582
0.14299988746643066,0.04799985885620117,0.040000200271606445,0.026999950408935547,0.0279998779296875,3.144529433745789,9.08056651195276e-6,-6.289049786925066,6.28906794805809,-4.144520353179277,-3.855461485687699
0.13899993896484375,0.0279998779296875,0.04200005531311035,0.03099989891052246,0.03800010681152344,0.7463329367381379,2.475203267589588e-15,-1.4926658734762734,1.4926658734762783,-1.7463329367381355,-6.25366706326186
0.14300012588500977,0.0280001163482666,0.02499985694885254,0.0410001277923584,0.04900002479553223,0.46215046300201945,0.17577017177918913,-0.7485307542248498,1.100071097783228,-1.2863802912228304,-6.362079365218792
0.13199996948242188,0.032000064849853516,0.03900003433227539,0.03099989891052246,0.029999971389770508,3.7615057569238095,0.06942513353367254,-7.453586380313946,7.592436647381292,-4.692080623390137,-3.169069109542518
0.1399998664855957,0.03399991989135742,0.04500007629394531,0.03099989891052246,0.029999971389770508,4.999999999999995,7.925504206255193e-14,-9.99999999999991,10.00000000000007,-5.999999999999916,-1.9999999999999263
0.14400005340576172,0.03500008583068848,0.03600001335144043,0.039999961853027344,0.03299999237060547,2.511545969268156,0.005956285137322076,-5.01713565339899,5.029048223673634,-3.505589684130834,-4.482497745594522
0.15199995040893555,0.04200005531311035,0.04500007629394531,0.037999868392944336,0.026999950408935547,1.411579515007416,3.474403989752229e-15,-2.8231590300148284,2.8231590300148355,-2.4115795150074124,-5.5884204849925805
0.13899993896484375,0.034999847412109375,0.03299999237060547,0.037999868392944336,0.032000064849853516,1.9003689085417255,0.0202113158613767,-3.780526501222074,3.8209491329448277,-2.880157592680349,-5.079419775596898
0.1420001983642578,0.03900003433227539,0.03500008583068848,0.03800010681152344,0.029999971389770508,1.9509883222869009,0.038999659306524936,-3.862976985267277,3.9409763038803267,-2.911988662980376,-5.010012018406574
0.15400004386901855,0.04900002479553223,0.03699994087219238,0.03800010681152344,0.029999971389770508,3.674820009559909,7.567223905215563e-6,-7.349632451895912,7.349647586343723,-4.674812442336004,-3.325172423216186
0.15000009536743164,0.03299999237060547,0.03600001335144043,0.04399991035461426,0.037000179290771484,3.144529433745789,1.946917665299318e-6,-6.289056920573913,6.289060814409243,-4.144527486828124,-3.8554686193365457
0.1400001049041748,0.032000064849853516,0.03699994087219238,0.03800010681152344,0.03299999237060547,3.9493219856597297,0.15593212730372907,-7.74271184401573,8.054576098623189,-4.793389858356001,-2.8947458870365415
0.13099980354309082,0.031999826431274414,0.029000043869018555,0.0280001163482666,0.04199981689453125,0.4044531662904074,1.07948885793058e-14,-0.808906332580804,0.8089063325808256,-1.4044531662903967,-6.595546833709582
0.18600010871887207,0.06500005722045898,0.04399991035461426,0.04200005531311035,0.03500008583068848,3.381256525163237,1.946917665299318e-6,-6.762511103408809,6.762514997244139,-4.381254578245572,-3.6187415279190978
0.14100003242492676,0.029000043869018555,0.04999995231628418,0.0409998893737793,0.021000146865844727,0.4044531662904074,0.27595072634367956,-0.5329556062371352,1.0848570589244944,-1.1285024399467278,-6.319596107365913
0.16499996185302734,0.03299999237060547,0.056999921798706055,0.0410001277923584,0.03399991989135742,4.999999999999995,1.7304597288468193e-14,-9.999999999999972,10.000000000000007,-5.999999999999978,-1.9999999999999885
0.1380000114440918,0.03600001335144043,0.04200005531311035,0.034999847412109375,0.02500009536743164,3.9493219856597297,0.4059136068985634,-7.492730364420896,8.304557578218024,-4.543408378761166,-2.6447644074417074
0.1420001983642578,0.0280001163482666,0.04399991035461426,0.0410001277923584,0.029000043869018555,4.999999999999981,0.005236577258358787,-9.994763422741604,10.005236577258321,-5.994763422741623,-1.9947634227416602
0.1230001449584961,0.02500009536743164,0.04200005531311035,0.031999826431274414,0.024000167846679688,2.5983782693526742,0.18265080317320373,-5.014105735532144,5.379407341878553,-3.4157274661794705,-4.218970927474122
0.16199994087219238,0.0279998779296875,0.05200004577636719,0.04500007629394531,0.03699994087219238,3.253504993069805,0.15053434853435815,-6.356475637605252,6.657544334673968,-4.102970644535446,-3.595960658395837
0.12400007247924805,0.0280001163482666,0.031999826431274414,0.0280001163482666,0.03600001335144043,3.930267316389274,1.0685751298214474e-5,-7.86052394702725,7.860545318529846,-4.930256630637976,-3.069721997859428
0.1359999179840088,0.03699994087219238,0.039999961853027344,0.032000064849853516,0.026999950408935547,4.999999999999981,3.7952032632383485e-7,-9.999999620479636,10.000000379520289,-5.999999620479655,-1.9999996204796924
0.14499998092651367,0.034999847412109375,0.04200005531311035,0.03900003433227539,0.029000043869018555,3.2585530472000626,8.885258903472175e-6,-6.517097209141221,6.517114979659029,-4.25854416194116,-3.741438067541034
0.1490001678466797,0.03800010681152344,0.04200005531311035,0.03600001335144043,0.032000064849853516,3.66813626762186,1.946917665299318e-6,-7.336270588326054,7.336274482161385,-4.668134320704194,-3.331861785460475
0.13299989700317383,0.032000064849853516,0.026999950408935547,0.039999961853027344,0.03399991989135742,3.265020369953915,0.31953585393403505,-6.210504885973795,6.8495765938418645,-3.9454845160198797,-3.41544377611205
0.14400005340576172,0.05099987983703613,0.03299999237060547,0.032000064849853516,0.0280001163482666,0.2290744316230522,1.07948885793058e-14,-0.4581488632460936,0.45814886324611515,-1.2290744316230413,-6.770925568376937
0.1490001678466797,0.031000137329101562,0.03900003433227539,0.04799985885620117,0.031000137329101562,3.235038266167825,1.946917665299318e-6,-6.470074585417985,6.470078479253315,-4.23503631925016,-3.7649597869145097
0.1529998779296875,0.029999971389770508,0.04399991035461426,0.0410001277923584,0.037999868392944336,3.144529433745789,0.04635414586803099,-6.242704721623547,6.3354130133596085,-4.098175287877758,-3.80911642038618
0.13499999046325684,0.03299999237060547,0.03699994087219238,0.03600001335144043,0.029000043869018555,2.62006692200803,0.0086759522376271,-5.231457891778433,5.248809796253687,-3.6113909697704027,-4.371257125754343
0.13100004196166992,0.029000043869018555,0.029000043869018555,0.03699994087219238,0.03600001335144043,3.1236039879205824,0.03891757150700036,-6.208290404334164,6.286125547348165,-4.084686416413582,-3.837478440572417
0.1419999599456787,0.03900003433227539,0.03399991989135742,0.03600001335144043,0.03299999237060547,1.196560998345927,0.21583812302800678,-2.1772838736638476,2.608960119719861,-1.9807228753179205,-5.587600878626066
0.15000009536743164,0.04900002479553223,0.03900003433227539,0.029999971389770508,0.032000064849853516,4.327206375785894,1.4973128936755364e-14,-8.654412751571774,8.654412751571803,-5.327206375785879,-2.6727936242140906
0.13300013542175293,0.040000200271606445,0.03399991989135742,0.03099989891052246,0.0280001163482666,3.1236039879205824,0.03891757150700036,-6.208290404334164,6.286125547348165,-4.084686416413582,-3.837478440572417
0.15900015830993652,0.03500008583068848,0.04900002479553223,0.0409998893737793,0.03400015830993652,4.638349847869103,0.22260615516722426,-9.054093540570982,9.49930585090543,-5.415743692701879,-2.1390439969636734
0.13400006294250488,0.032000064849853516,0.03599977493286133,0.03400015830993652,0.032000064849853516,0.08518075932175462,0.03822141408724705,-0.13214010455626218,0.2085829327307563,-1.0469593452345076,-6.876597826590999
0.1419999599456787,0.0409998893737793,0.03500008583068848,0.03500008583068848,0.03099989891052246,3.158090627504773,0.28235742179704965,-6.033823833212496,6.598538676806596,-3.8757332057077236,-3.5595519506981774
0.16900014877319336,0.03900003433227539,0.03299999237060547,0.03900003433227539,0.05800008773803711,2.078485694677258,0.005619881514935421,-4.151351507839581,4.162591270869451,-3.0728658131623225,-4.915894423807806
0.1359999179840088,0.03699994087219238,0.03600001335144043,0.0280001163482666,0.034999847412109375,2.503982696432713,0.01761111331187662,-4.990354279553549,5.025576506177303,-3.486371583120836,-4.47840619025541
0.14400005340576172,0.03399991989135742,0.03800010681152344,0.03600001335144043,0.03600001335144043,0.426684322722359,1.07948885793058e-14,-0.8533686454447073,0.8533686454447288,-1.4266843227223482,-6.57331567727763
0.127000093460083,0.026999950408935547,0.024000167846679688,0.03299999237060547,0.042999982833862305,2.2124266453219743,3.807470897139776e-15,-4.424853290643945,4.424853290643952,-3.2124266453219703,-4.787573354678022
0.1490001678466797,0.03900003433227539,0.031000137329101562,0.04699993133544922,0.032000064849853516,2.078485694677258,0.000249310127048874,-4.1567220792274675,4.157220699481565,-3.078236384550209,-4.921264995195693
0.13899993896484375,0.039999961853027344,0.03500008583068848,0.029999971389770508,0.03399991989135742,4.221147491746652,1.7304597288468193e-14,-8.442294983493285,8.442294983493321,-5.221147491746635,-2.7788525082533315
0.13899993896484375,0.03399991989135742,0.03800010681152344,0.03699994087219238,0.029999971389770508,2.3317532153853056,0.000249310127048874,-4.6632571206435625,4.66375574089766,-3.3315039052582565,-4.667997474487645
0.1530001163482666,0.03400015830993652,0.03399991989135742,0.046000003814697266,0.03900003433227539,4.102455545241682,0.032266450250927774,-8.172644640232436,8.237177540734292,-5.070189094990754,-2.86527800450739
0.1380000114440918,0.04800009727478027,0.034999847412109375,0.026999950408935547,0.0280001163482666,1.9895984947071481,2.0414900085086174e-5,-3.979176574514211,3.9792174043143813,-2.989578079807063,-5.010381090392767
0.14400005340576172,0.03800010681152344,0.026999950408935547,0.04699993133544922,0.032000064849853516,4.72345284149692,0.22260615516722426,-9.224299527826616,9.669511838161064,-5.500846686329696,-2.053941003335856
0.14700007438659668,0.03800010681152344,0.03399991989135742,0.03699994087219238,0.03800010681152344,1.2141544611528148,3.13434970939222e-15,-2.4283089223056264,2.4283089223056327,-2.2141544611528117,-5.785845538847182
0.1360001564025879,0.031000137329101562,0.026000022888183594,0.039999961853027344,0.03900003433227539,0.2994814431790008,3.807470897139776e-15,-0.5989628863579978,0.5989628863580053,-1.299481443178997,-6.700518556820995
0.15600013732910156,0.05200004577636719,0.03800010681152344,0.0279998779296875,0.03800010681152344,2.1425903425151596,2.0414900085086174e-5,-4.285160270130234,4.285201099930404,-3.1425699276150745,-4.857389242584755
0.14700007438659668,0.039999961853027344,0.040000200271606445,0.029999971389770508,0.03699994087219238,6.355804771374096e-12,1.07948885793058e-14,-1.2700814654168886e-11,1.2722404431327499e-11,-1.000000000006345,-6.9999999999936335
0.15599989891052246,0.037999868392944336,0.04500007629394531,0.03699994087219238,0.03600001335144043,4.939185180754278,1.7393576340775768e-14,-9.878370361508539,9.878370361508575,-5.939185180754261,-2.060814819245704
0.12600016593933105,0.03699994087219238,0.031000137329101562,0.026999950408935547,0.031000137329101562,1.663674681035621,3.3856688394589304e-15,-3.3273493620712387,3.3273493620712458,-2.6636746810356176,-5.336325318964375
0.14100003242492676,0.03299999237060547,0.03900003433227539,0.03299999237060547,0.03600001335144043,0.1565923956061952,0.11060996003940685,-0.20257483117298355,0.4237947512517972,-1.0459824355667884,-6.732797644354398
0.1359999179840088,0.03299999237060547,0.03699994087219238,0.03800010681152344,0.0279998779296875,2.1643575820462502e-11,1.4690151724544851e-15,-4.328568262575255e-11,4.3288620656097455e-11,-1.000000000021642,-6.999999999978355
0.1529998779296875,0.037999868392944336,0.04200005531311035,0.03500008583068848,0.03699994087219238,3.1236039879205824,0.11560890414502245,-6.131599071696142,6.3628168799861875,-4.00799508377556,-3.7607871079343953
0.13100004196166992,0.029000043869018555,0.031000137329101562,0.034999847412109375,0.03600001335144043,2.5991414761828238,0.0086759522376271,-5.189607000128021,5.206958904603274,-3.5904655239451966,-4.392182571579549
0.14800000190734863,0.03899979591369629,0.043000221252441406,0.03399991989135742,0.03099989891052246,1.2141544611528148,0.3799900268600862,-2.0483188954455436,2.8082989491657155,-1.8341644342927286,-5.405855511987099
0.15199995040893555,0.03299999237060547,0.04699993133544922,0.042999982833862305,0.029000043869018555,0.5442014064903091,0.05694707560634409,-1.031455737374274,1.1453498885869624,-1.487254330883965,-6.3988515179033465
0.12800002098083496,0.0279998779296875,0.03900003433227539,0.032000064849853516,0.029000043869018555,4.999959430040823,6.069301489599171e-15,-9.99991886008164,9.999918860081651,-5.999959430040817,-2.000040569959171
0.15400004386901855,0.03600001335144043,0.029999971389770508,0.04399991035461426,0.04400014877319336,4.961295599596446,9.84318826478392e-16,-9.92259119919289,9.922591199192894,-5.961295599596445,-2.038704400403553
0.16700005531311035,0.03900003433227539,0.04200005531311035,0.04699993133544922,0.03900003433227539,4.999999999999995,1.530619584414291e-14,-9.999999999999973,10.000000000000005,-5.99999999999998,-1.9999999999999902
0.15000009536743164,0.040000200271606445,0.04199981689453125,0.03299999237060547,0.03500008583068848,0.03507720144648263,0.0497930998575519,-0.020361303035413364,0.11994750275051716,-0.9852841015889308,-6.915129698695965
0.14300012588500977,0.026000022888183594,0.042999982833862305,0.039999961853027344,0.03400015830993652,3.3086065377196943,0.133725175100185,-6.483487900339203,6.750938250539574,-4.174881362619509,-3.5576682871801206
0.14599990844726562,0.02500009536743164,0.03600001335144043,0.04399991035461426,0.0409998893737793,1.1284146382680929,3.807470897139776e-15,-2.2568292765361817,2.2568292765361897,-2.1284146382680893,-5.871585361731904
0.14299988746643066,0.026000022888183594,0.04799985885620117,0.03299999237060547,0.03600001335144043,0.5442014064903091,0.028937739178154946,-1.0594650738024634,1.1173405521587731,-1.5152636673121542,-6.426860854331536
0.13100004196166992,0.024000167846679688,0.03399991989135742,0.03900003433227539,0.03399991989135742,0.0488466893865146,1.07948885793058e-14,-0.0976933787730184,0.09769337877303999,-1.0488466893865038,-6.951153310613474
0.14800000190734863,0.037999868392944336,0.0410001277923584,0.034999847412109375,0.03400015830993652,2.0542325027122414,3.3856688394589304e-15,-4.108465005424479,4.1084650054244864,-3.054232502712238,-4.945767497287755
0.14499998092651367,0.03500008583068848,0.039999961853027344,0.03600001335144043,0.03399991989135742,6.355804771374096e-12,2.468215894617126e-15,-1.2709141326853574e-11,1.271407775864281e-11,-1.0000000000063534,-6.9999999999936415
0.14399981498718262,0.04699993133544922,0.03600001335144043,0.03299999237060547,0.0279998779296875,6.355804771374096e-12,0.01807921133148418,0.018079211318772572,0.01807921134419579,-0.9819207886748716,-6.98192078866216
0.12800002098083496,0.031999826431274414,0.03400015830993652,0.037999868392944336,0.024000167846679688,0.583843518510462,1.07948885793058e-14,-1.1676870370209131,1.167687037020935,-1.5838435185104514,-6.416156481489527
0.13299989700317383,0.034999847412109375,0.029999971389770508,0.037999868392944336,0.029000043869018555,0.000991611196257347,0.028937739178154946,0.026954516785640252,0.03092096157066964,-0.9720538720181024,-6.970070649625588
0.14999985694885254,0.034999847412109375,0.0410001277923584,0.04799985885620117,0.026000022888183594,6.355804771374096e-12,1.0404813853620335e-14,-1.2701204728894572e-11,1.2722014356601813e-11,-1.0000000000063454,-6.9999999999936335
0.14800000190734863,0.04400014877319336,0.04399991035461426,0.029999971389770508,0.029999971389770508,4.652027207739049,3.7519283000250855e-16,-9.304054415478099,9.304054415478099,-5.652027207739049,-2.3479727922609506
0.13000011444091797,0.03299999237060547,0.03500008583068848,0.03600001335144043,0.026000022888183594,4.492291143539621,0.032266450250927774,-8.952315836828314,9.01684873733017,-5.460024693288693,-2.475442406209451
0.14599990844726562,0.039999961853027344,0.04399991035461426,0.03299999237060547,0.029000043869018555,3.1236039879205824,0.24855047321544532,-5.998657502625719,6.49575844905661,-3.875053514705137,-3.6278455388639723
0.14700007438659668,0.04200005531311035,0.03099989891052246,0.03600001335144043,0.03800010681152344,0.5029648140195798,0.028937739178154946,-0.9769918888610047,1.0348673672173145,-1.4740270748414248,-6.468097446802266
0.13300013542175293,0.031000137329101562,0.03399991989135742,0.039999961853027344,0.0280001163482666,2.590496078298684,0.05328249413551725,-5.12770966246185,5.2342746507328854,-3.5372135841631667,-4.356221427565799
0.14700007438659668,0.039999961853027344,0.0410001277923584,0.037999868392944336,0.0280001163482666,6.355804771374096e-12,0.22822108407260813,0.22822108405989652,0.22822108408531974,-0.7717789159337477,-6.771778915921036
0.16100001335144043,0.04200005531311035,0.04999995231628418,0.03900003433227539,0.029999971389770508,4.759304061963121e-12,0.10708902575501592,0.10708902574549731,0.10708902576453452,-0.8929109742497434,-6.892910974240225
0.127000093460083,0.026000022888183594,0.03099989891052246,0.0410001277923584,0.029000043869018555,3.66813626762186,1.6287215708261738e-6,-7.336270906522149,7.336274163965291,-4.668134638900289,-3.331862103656569
0.1380000114440918,0.0279998779296875,0.037000179290771484,0.04199981689453125,0.031000137329101562,4.538369680062715e-12,1.823997578227604e-15,-9.074915362547202e-12,9.078563357703658e-12,-1.0000000000045366,-6.99999999999546
0.12800002098083496,0.02500009536743164,0.03699994087219238,0.03900003433227539,0.026999950408935547,0.583843518510462,0.024468494990711027,-1.143218542030213,1.192155532011635,-1.559375023519751,-6.391687986498827
0.14599990844726562,0.046000003814697266,0.037999868392944336,0.039999961853027344,0.02200007438659668,3.66813626762186,9.796211277641842e-7,-7.336271555622592,7.336273514864847,-4.668135288000732,-3.3318627527570124
0.13199996948242188,0.03900003433227539,0.039999961853027344,0.029000043869018555,0.023999929428100586,3.6597087300444353,1.946917665299318e-6,-7.319415513171205,7.319419407006536,-4.6597067831267704,-3.3402893230378994
0.13699984550476074,0.042999982833862305,0.034999847412109375,0.031000137329101562,0.0279998779296875,1.836554865508977,0.3209382329796849,-3.352171498038269,3.9940479639976387,-2.515616632529292,-4.842506901511339
0.14899992942810059,0.026999950408935547,0.042999982833862305,0.051000118255615234,0.0279998779296875,3.335151863927932,2.1513675762264597e-7,-6.670303512719107,6.670303942992621,-4.335151648791174,-3.66484792093531
0.13499999046325684,0.02499985694885254,0.04200005531311035,0.03500008583068848,0.03299999237060547,4.538369680062715e-12,0.038893845950004224,0.038893845940927485,0.038893845959080964,-0.9611061540545341,-6.961106154045457
0.14100003242492676,0.029999971389770508,0.04200005531311035,0.03699994087219238,0.032000064849853516,3.1236039879205824,0.0008477083487536882,-6.2463602674924115,6.248055684189918,-4.122756279571829,-3.875548303730664
0.1359999179840088,0.023000001907348633,0.042999982833862305,0.03800010681152344,0.031999826431274414,0.07499659008943538,2.468215894617126e-15,-0.14999318017886829,0.14999318017887323,-1.074996590089433,-6.925003409910562
0.15199995040893555,0.04900002479553223,0.037999868392944336,0.03400015830993652,0.03099989891052246,1.6221862936631535,3.3856688394589304e-15,-3.2443725873263034,3.2443725873263105,-2.62218629366315,-5.377813706336843
0.1419999599456787,0.03900003433227539,0.037999868392944336,0.03400015830993652,0.03099989891052246,4.589155620279397,0.017376199236544203,-9.160935041322249,9.195687439795337,-5.571779421042852,-2.393468180484059
0.1399998664855957,0.029999971389770508,0.03699994087219238,0.037999868392944336,0.03500008583068848,4.999999999999995,1.530619584414291e-14,-9.999999999999973,10.000000000000005,-5.99999999999998,-1.9999999999999902
0.13900017738342285,0.0280001163482666,0.04399991035461426,0.03500008583068848,0.032000064849853516,2.1728430552696905,0.005165395353797841,-4.340520715185583,4.3508515058931785,-3.1676776599158925,-4.821991549376511
0.12899994850158691,0.029999971389770508,0.03500008583068848,0.03099989891052246,0.03299999237060547,3.1236039879205824,0.0001964824549090527,-6.247011493386256,6.2474044582960735,-4.123407505465673,-3.8761995296245084
0.13400006294250488,0.03900003433227539,0.03900003433227539,0.028999805450439453,0.02700018882751465,4.999999999999995,0.052216372998732975,-9.947783627001256,10.052216372998723,-5.947783627001262,-1.9477836270012725
0.14599990844726562,0.042999982833862305,0.03600001335144043,0.03299999237060547,0.03399991989135742,2.3731845335871524,0.051850527909943496,-4.694518539264362,4.798219595084248,-3.3213340056772087,-4.574964938502903
0.12800002098083496,0.03299999237060547,0.03400015830993652,0.029000043869018555,0.031999826431274414,0.0041538171126124235,2.468215894617126e-15,-0.008307634225222378,0.008307634225227315,-1.0041538171126099,-6.9958461828873855
0.1380000114440918,0.0279998779296875,0.03299999237060547,0.03800010681152344,0.03900003433227539,4.773301324258651,0.02253539179486229,-9.52406725672244,9.569138040312165,-5.750765932463789,-2.204163283946487
0.13899993896484375,0.03399991989135742,0.03800010681152344,0.034999847412109375,0.032000064849853516,0.583843518510462,3.13434970939222e-15,-1.167687037020921,1.1676870370209271,-1.583843518510459,-6.416156481489535
0.1680002212524414,0.031000137329101562,0.0559999942779541,0.04500007629394531,0.03600001335144043,0.7674978644827454,1.07948885793058e-14,-1.5349957289654799,1.5349957289655016,-1.7674978644827346,-6.232502135517244
0.13400006294250488,0.03299999237060547,0.03900003433227539,0.029999971389770508,0.032000064849853516,3.1236039879205824,0.03221331177603953,-6.2149946640651255,6.279421287617204,-4.091390676144543,-3.844182700303378
0.13300013542175293,0.03800010681152344,0.032000064849853516,0.03399991989135742,0.029000043869018555,4.999999999999998,3.1818501170329807e-16,-9.999999999999996,9.999999999999996,-5.999999999999998,-2.0000000000000018
0.13899993896484375,0.029999971389770508,0.029000043869018555,0.03800010681152344,0.04199981689453125,4.589155620279397,6.01825128401165e-5,-9.178251058045953,9.178371423071633,-5.589095437766557,-2.4107841972077635
0.11900019645690918,0.032000064849853516,0.029999971389770508,0.02500009536743164,0.032000064849853516,2.0606366014768547,0.5733778274824798,-3.5478953754712297,4.694651030436189,-2.487258773994375,-4.365985571040666
0.11400008201599121,0.03099989891052246,0.02700018882751465,0.026999950408935547,0.029000043869018555,1.6157821948985405,0.0004793894696439311,-3.231085000327437,3.232043779266725,-2.6153028054288967,-5.383738415631815
0.1100001335144043,0.02500009536743164,0.03299999237060547,0.023000001907348633,0.029000043869018555,0.6191766746306296,3.13434970939222e-15,-1.2383533492612562,1.2383533492612624,-1.6191766746306264,-6.380823325369367
0.17100000381469727,0.039999961853027344,0.042999982833862305,0.04200005531311035,0.046000003814697266,2.5832171654509453,0.003156846864495827,-5.163277484037395,5.169591177766386,-3.5800603185864492,-4.413625987684559
0.15000009536743164,0.032000064849853516,0.03399991989135742,0.039999961853027344,0.04400014877319336,3.990658429786989,2.135148987229579e-15,-7.981316859573976,7.98131685957398,-4.990658429786986,-3.009341570213009
0.14899992942810059,0.026999950408935547,0.021000146865844727,0.06299996376037598,0.037999868392944336,0.696096758874466,0.032266450250927774,-1.3599270674980042,1.4244599679998597,-1.6638303086235382,-6.271636790874606
0.10500001907348633,0.02499985694885254,0.0280001163482666,0.029000043869018555,0.023000001907348633,1.6388517985575881,1.3950036424923672e-6,-3.277702202111534,3.2777049921188186,-2.6388504035539455,-5.36114680643877
0.10699987411499023,0.02500009536743164,0.0279998779296875,0.02500009536743164,0.028999805450439453,4.500457934121843,0.01759280369460978,-8.983323064549076,9.018508671938296,-5.482865130427233,-2.481949262183547
0.10000014305114746,0.031000137329101562,0.020999908447265625,0.02200007438659668,0.026000022888183594,2.5991414761828238,0.006052900619076401,-5.192230051746571,5.204335852984724,-3.593088575563747,-4.394805623198099
0.10599994659423828,0.029999971389770508,0.02500009536743164,0.021999835968017578,0.029000043869018555,2.5991414761828238,0.0086759522376271,-5.189607000128021,5.206958904603274,-3.5904655239451966,-4.392182571579549
0.16700005531311035,0.05900001525878906,0.03900003433227539,0.03400015830993652,0.034999847412109375,2.690951568034743,0.003156846864495827,-5.37874628920499,5.385059982933981,-3.687794721170247,-4.3058915851007615
0.14800000190734863,0.03099989891052246,0.03299999237060547,0.03699994087219238,0.04700016975402832,4.999999999999998,3.1818501170329807e-16,-9.999999999999996,9.999999999999996,-5.999999999999998,-2.0000000000000018
0.14299988746643066,0.034999847412109375,0.02700018882751465,0.03699994087219238,0.04399991035461426,1.600582153585203,0.0004793894696439311,-3.200684917700762,3.20164369664005,-2.600102764115559,-5.398938456945153
0.1269998550415039,0.03899979591369629,0.03300023078918457,0.028999805450439453,0.026000022888183594,3.1388040296105553,0.03640560197292814,-6.241202457248183,6.314013661194038,-4.1023984276376275,-3.8247903684165165
0.1360001564025879,0.029000043869018555,0.03699994087219238,0.037000179290771484,0.03299999237060547,2.5991414761828238,0.001120088592453189,-5.197162863773194,5.199403040958101,-3.5980213875903706,-4.399738435224723
0.12999987602233887,0.029999971389770508,0.029999971389770508,0.03900003433227539,0.03099989891052246,0.5460966621293913,8.028813576793912e-16,-1.0921933242587818,1.0921933242587836,-1.5460966621293906,-6.453903337870608
0.13399982452392578,0.029999971389770508,0.03699994087219238,0.03299999237060547,0.03399991989135742,0.7674978644827454,0.0001937852192540005,-1.5348019437462368,1.5351895141847447,-1.7673040792634915,-6.232308350298001
0.1380000114440918,0.04999995231628418,0.03800010681152344,0.028999805450439453,0.021000146865844727,3.068643373753506,0.2637675566062241,-5.8735191909007884,6.401054304113236,-3.8048758171472823,-3.66758906964027
0.15700006484985352,0.03699994087219238,0.0410001277923584,0.046000003814697266,0.03299999237060547,3.1236039879205824,0.0001964824549090527,-6.247011493386256,6.2474044582960735,-4.123407505465673,-3.8761995296245084
0.1380000114440918,0.03500008583068848,0.03699994087219238,0.029999971389770508,0.03600001335144043,0.4605074645272452,8.028813576793912e-16,-0.9210149290544897,0.9210149290544912,-1.4605074645272444,-6.539492535472754
0.14099979400634766,0.034999847412109375,0.03600001335144043,0.03900003433227539,0.03099989891052246,4.920343700962027,0.0030527636891957777,-9.837634638234858,9.84374016561325,-5.917290937272831,-2.0766035353487773
0.1399998664855957,0.04900002479553223,0.04199981689453125,0.024000167846679688,0.02499985694885254,2.5832171654509453,0.00016659036532868775,-5.166267740536562,5.166600921267219,-3.5830505750856165,-4.416616244183726
0.1549999713897705,0.03599977493286133,0.05000019073486328,0.039999961853027344,0.029000043869018555,0.6933414675770284,9.462620949755612e-15,-1.3866829351540473,1.3866829351540664,-1.693341467577019,-6.306658532422962
0.14700007438659668,0.03800010681152344,0.03900003433227539,0.03699994087219238,0.03299999237060547,2.765123059358147,0.051108262879327265,-5.479137855836966,5.581354381595621,-3.7140147964788195,-4.183768677762526
0.14300012588500977,0.03800010681152344,0.032000064849853516,0.03699994087219238,0.03600001335144043,4.928661852358911,2.084301507513887e-15,-9.857323704717821,9.857323704717825,-5.92866185235891,-2.071338147641087
0.15000009536743164,0.0280001163482666,0.042999982833862305,0.03699994087219238,0.04200005531311035,3.990658429786989,3.692524909916093e-16,-7.981316859573978,7.981316859573978,-4.990658429786988,-3.0093415702130106
0.1400001049041748,0.04200005531311035,0.03600001335144043,0.028999805450439453,0.03300023078918457,4.9101437177843215,0.0001964824549090527,-9.820090953113734,9.820483918023552,-5.909947235329413,-2.0896597997607698
0.1679999828338623,0.032000064849853516,0.05900001525878906,0.0409998893737793,0.03600001335144043,3.1759009732333956,3.1818501170329807e-16,-6.351801946466791,6.351801946466791,-4.175900973233395,-3.824099026766604
0.1380000114440918,0.03900003433227539,0.03800010681152344,0.034999847412109375,0.026000022888183594,4.053757329813834e-12,0.00021220516966919583,0.00021220516156168117,0.00021220517777671049,-0.9997877948343845,-6.999787794826277
0.1419999599456787,0.04999995231628418,0.03099989891052246,0.03400015830993652,0.026999950408935547,1.6487379084432754,2.7144718182965514e-6,-3.2974731024147323,3.297478531358369,-2.648735193971457,-5.351259377084906
0.1380000114440918,0.03299999237060547,0.03399991989135742,0.03300023078918457,0.037999868392944336,4.999999999999998,0.0,-9.999999999999996,9.999999999999996,-5.999999999999998,-2.0000000000000018
0.1400001049041748,0.03000020980834961,0.023999929428100586,0.03900003433227539,0.04699993133544922,3.177697594517543,0.00015788347052621984,-6.35523730556456,6.355553072505612,-4.177539711047016,-3.822144522011931
0.16099977493286133,0.04399991035461426,0.037999868392944336,0.043000221252441406,0.03599977493286133,2.5832171654509453,2.1380167914585762e-7,-5.166434117100211,5.16643454470357,-3.5832169516492662,-4.416782620747376
0.13100004196166992,0.0279998779296875,0.03500008583068848,0.03399991989135742,0.03400015830993652,2.9900599443401834,3.1818501170329807e-16,-5.980119888680367,5.980119888680367,-3.990059944340183,-4.009940055659817
0.13100004196166992,0.04399991035461426,0.03400015830993652,0.026999950408935547,0.026000022888183594,5.526690216584029e-13,0.1232698410795539,0.12326984107844856,0.12326984108065923,-0.8767301589209988,-6.8767301589198935
0.13400006294250488,0.03900003433227539,0.03099989891052246,0.032000064849853516,0.032000064849853516,4.999999999999998,0.00019891841452539702,-9.99980108158547,10.000198918414522,-5.999801081585473,-1.9998010815854768
0.15199995040893555,0.04200005531311035,0.037999868392944336,0.040000200271606445,0.031999826431274414,4.9101437177843215,2.49934138349907e-6,-9.82028493622726,9.820289934910026,-5.910141218442938,-2.089853782874295
0.1419999599456787,0.03800010681152344,0.03099989891052246,0.039999961853027344,0.03299999237060547,0.6549710333228,0.06397529681869987,-1.2459667698269001,1.3739173634643,-1.5909957365041003,-6.2810536698585
0.15000009536743164,0.04900002479553223,0.037999868392944336,0.03299999237060547,0.03000020980834961,4.999999999999998,0.0,-9.999999999999996,9.999999999999996,-5.999999999999998,-2.0000000000000018
0.1659998893737793,0.056999921798706055,0.04900002479553223,0.026999950408935547,0.03299999237060547,2.0542325027122414,3.0526019320713835e-15,-4.10846500542448,4.108465005424486,-3.0542325027122383,-4.945767497287756
0.14499998092651367,0.034999847412109375,0.037000179290771484,0.03599977493286133,0.037000179290771484,0.23250158529977227,1.15786376345251e-15,-0.4650031705995434,0.4650031705995457,-1.2325015852997712,-6.767498414700227
0.1360001564025879,0.029999971389770508,0.032000064849853516,0.03600001335144043,0.03800010681152344,4.538369680062715e-12,1.4064741379767037e-15,-9.075332885987454e-12,9.078145834263406e-12,-1.000000000004537,-6.9999999999954605
0.1530001163482666,0.039999961853027344,0.03800010681152344,0.03399991989135742,0.0410001277923584,0.6270877457366999,0.1244419105920993,-1.1297335808813005,1.378617402065499,-1.5026458351446006,-6.248470343671201
0.1419999599456787,0.0410001277923584,0.03899979591369629,0.032000064849853516,0.029999971389770508,4.9101437177843215,0.008995296130316221,-9.811292139438327,9.829282731698958,-5.901148421654005,-2.080860986085362
0.1509997844696045,0.031999826431274414,0.03900003433227539,0.046000003814697266,0.03399991989135742,1.600582153585203,0.0001431774492533506,-3.2010211297211524,3.2013074846196594,-2.6004389761359494,-5.3992746689655435
0.14899992942810059,0.04499983787536621,0.03500008583068848,0.03600001335144043,0.03299999237060547,3.897251658511832,3.692524909916093e-16,-7.794503317023664,7.794503317023664,-4.8972516585118315,-3.1027483414881676
0.15799999237060547,0.06099987030029297,0.03500008583068848,0.03099989891052246,0.031000137329101562,0.9053632249414958,0.05705047014941325,-1.7536759797335784,1.8677769200324048,-1.8483127547920826,-6.037586304909091
0.13199996948242188,0.0279998779296875,0.02500009536743164,0.03399991989135742,0.04500007629394531,1.0491932078470132,8.463420227592971e-15,-2.098386415694018,2.098386415694035,-2.0491932078470048,-5.950806792152978
0.14700007438659668,0.05000019073486328,0.034999847412109375,0.03800010681152344,0.023999929428100586,0.016929282878362484,1.4064741379767037e-15,-0.03385856575672356,0.033858565756726376,-1.0169292828783612,-6.983070717121636
0.15599989891052246,0.034999847412109375,0.03400015830993652,0.04799985885620117,0.03900003433227539,2.2954664049017244,0.03159177323001333,-4.559341036573436,4.622524583033462,-3.263874631671711,-4.672941821868262
0.13100004196166992,0.02700018882751465,0.03299999237060547,0.03399991989135742,0.03699994087219238,0.7674978644827454,0.1579351507148902,-1.3770605782506005,1.692930879680381,-1.6095627137678552,-6.074566984802365
0.13100004196166992,0.029000043869018555,0.021999835968017578,0.03900003433227539,0.0410001277923584,0.06501300297646428,7.403403232016098e-16,-0.13002600595292782,0.13002600595292932,-1.0650130029764635,-6.934986997023535
0.1510000228881836,0.039999961853027344,0.03699994087219238,0.037000179290771484,0.03699994087219238,4.999999999999998,0.0,-9.999999999999996,9.999999999999996,-5.999999999999998,-2.0000000000000018
0.1380000114440918,0.046000003814697266,0.03699994087219238,0.026000022888183594,0.029000043869018555,3.5597959991666825,0.005734152047049116,-7.113857846286316,7.125326150380414,-4.554061847119634,-3.4344698487862684
0.15700006484985352,0.04800009727478027,0.03699994087219238,0.03299999237060547,0.03900003433227539,3.683276255684051,0.03256894873449826,-7.333983562633604,7.3991214601026005,-4.650707306949553,-3.2841547955814505
0.12999987602233887,0.034999847412109375,0.032000064849853516,0.03500008583068848,0.0279998779296875,2.4620058867196137,0.00016056923195906735,-4.923851204207268,4.924172342671187,-3.4618453174876547,-4.537833544048427
0.14700007438659668,0.03600001335144043,0.03699994087219238,0.046000003814697266,0.0280001163482666,3.9006131193321236,1.7001270736482626e-6,-7.8012245385371735,7.801227938791321,-4.90061141920505,-3.0993851805408026
0.14300012588500977,0.04400014877319336,0.03900003433227539,0.03099989891052246,0.029000043869018555,0.922979314376385,0.02011879654939921,-1.8258398322033709,1.8660774253021692,-1.9028605178269857,-6.056901889074216
0.14800000190734863,0.03400015830993652,0.039999961853027344,0.03699994087219238,0.03699994087219238,0.8974479102800407,8.463420227592971e-15,-1.794895820560073,1.7948958205600898,-1.8974479102800323,-6.102552089719951
0.1680002212524414,0.03600001335144043,0.037000179290771484,0.04199981689453125,0.05300021171569824,1.0491932078470132,2.468215894617126e-15,-2.0983864156940237,2.098386415694029,-2.0491932078470105,-5.950806792152984
0.13199996948242188,0.03299999237060547,0.03399991989135742,0.03400015830993652,0.03099989891052246,1.0491932078470132,0.21199919834017358,-1.8863872173538527,2.3103856140342,-1.8371940095068395,-5.738807593812814
0.1360001564025879,0.029999971389770508,0.032000064849853516,0.03800010681152344,0.03600001335144043,3.198026773734755,0.00015788347052621984,-6.395895663998984,6.396211430940036,-4.197868890264228,-3.8018153427947188
0.14600014686584473,0.03500008583068848,0.0409998893737793,0.03500008583068848,0.03500008583068848,3.990658429786989,3.618558360406232e-17,-7.981316859573978,7.981316859573978,-4.990658429786989,-3.009341570213011
0.18499994277954102,0.029999971389770508,0.07399988174438477,0.04200005531311035,0.03900003433227539,3.9618496487066888,0.20156329943571868,-7.7221359979776585,8.125262596849096,-4.76028634927097,-2.8365870518575926
0.1419999599456787,0.04399991035461426,0.03500008583068848,0.03600001335144043,0.026999950408935547,3.557159470531471,3.692524909916093e-16,-7.114318941062942,7.114318941062942,-4.55715947053147,-3.4428405294685285
0.14599990844726562,0.029999971389770508,0.03399991989135742,0.0409998893737793,0.0410001277923584,2.501132524059565,0.00016056923195906735,-5.002104478887171,5.00242561735109,-3.500971954827606,-4.498706906708476
0.15199995040893555,0.0280001163482666,0.037999868392944336,0.04700016975402832,0.03899979591369629,4.085831760276915,0.1911508899701975,-7.9805126305836325,8.362814410524027,-4.8946808703067175,-2.7230173497528876
0.1510000228881836,0.032000064849853516,0.03900003433227539,0.0409998893737793,0.03900003433227539,4.9101437177843215,2.4063877353870547e-6,-9.820285029180907,9.820289841956379,-5.910141311396586,-2.0898538758279432
0.14100003242492676,0.026000022888183594,0.037999868392944336,0.042999982833862305,0.03400015830993652,1.373827797984729,0.06992699468733254,-2.6777286012821255,2.817582590656791,-2.3039008032973967,-5.5562452073279385
0.14400005340576172,0.02500009536743164,0.02499985694885254,0.05200004577636719,0.04200005531311035,2.525787348798212,0.05952949579988776,-4.992045201796536,5.1111041933963115,-3.466257852998324,-4.4146831554019
0.13899993896484375,0.03299999237060547,0.029999971389770508,0.037000179290771484,0.03899979591369629,3.385913204553243,0.00015788347052621984,-6.771668525635961,6.771984292577012,-4.385755321082717,-3.6139289119762306
0.1419999599456787,0.03800010681152344,0.037999868392944336,0.03299999237060547,0.03299999237060547,0.7082835806894102,1.07948885793058e-14,-1.4165671613788096,1.4165671613788313,-1.7082835806893995,-6.291716419310579
0.14800000190734863,0.031999826431274414,0.046000003814697266,0.03800010681152344,0.032000064849853516,1.373827797984729,0.011124695145772523,-2.7365309008236856,2.758780291115231,-2.3627031028389567,-5.615047506869498
0.16499996185302734,0.03500008583068848,0.05499982833862305,0.037000179290771484,0.037999868392944336,4.538369680062715e-12,0.04608782989079226,0.046087829881715524,0.046087829899869,-0.9539121701137461,-6.95391217010467
0.14599990844726562,0.026999950408935547,0.042999982833862305,0.037999868392944336,0.03800010681152344,0.06501300297646428,0.12340082942081217,-0.006625176532116403,0.2534268353737407,-0.9416121735556521,-6.811586167602724
0.12400007247924805,0.03299999237060547,0.026000022888183594,0.032000064849853516,0.03299999237060547,0.5670136556992197,0.07284769819794482,-1.0611796132004945,1.2068750095963843,-1.494165957501275,-6.360138646102835
0.14400005340576172,0.026999950408935547,0.03500008583068848,0.039999961853027344,0.04200005531311035,2.4620058867196137,0.00016056923195906735,-4.923851204207268,4.924172342671187,-3.4618453174876547,-4.537833544048427
0.1419999599456787,0.03400015830993652,0.0279998779296875,0.039999961853027344,0.039999961853027344,3.2449598563744075e-12,0.028548606611968636,0.028548606605478716,0.028548606618458556,-0.9714513933912763,-6.971451393384786
0.13899993896484375,0.029999971389770508,0.03299999237060547,0.03600001335144043,0.039999961853027344,2.4620058867196137,0.00016056923195906735,-4.923851204207268,4.924172342671187,-3.4618453174876547,-4.537833544048427
0.1400001049041748,0.042999982833862305,0.03600001335144043,0.031000137329101562,0.029999971389770508,0.7674978644827454,0.20492216664245913,-1.3300735623230315,1.73991789560795,-1.5625756978402863,-6.027579968874796
0.17199993133544922,0.0710000991821289,0.03900003433227539,0.026999950408935547,0.034999847412109375,1.1085864255039142,1.07948885793058e-14,-2.2171728510078177,2.217172851007839,-2.108586425503903,-5.891413574496075
0.1359999179840088,0.026999950408935547,0.03399991989135742,0.03500008583068848,0.039999961853027344,2.603145707977513,0.003881616505812757,-5.202409799449214,5.210173032460839,-3.5992640914717002,-4.392972675516674
0.1549999713897705,0.03699994087219238,0.046000003814697266,0.032000064849853516,0.039999961853027344,1.3769779639322137,0.00016056923195906735,-2.7537953586324684,2.7541164970963865,-2.3768173947002547,-5.622861466835827
0.14700007438659668,0.03299999237060547,0.039999961853027344,0.03600001335144043,0.03800010681152344,2.372294472577182,0.5764752771773523,-4.168113667977011,5.321064222331716,-2.7958191953998295,-4.051230250245466
0.1380000114440918,0.03399991989135742,0.03400015830993652,0.03699994087219238,0.03299999237060547,0.8755478687595486,0.013174729522194789,-1.7379210079969023,1.764270467041292,-1.862373139237354,-6.111277401718256
0.14300012588500977,0.02500009536743164,0.03399991989135742,0.046000003814697266,0.03800010681152344,3.707922857643098e-12,1.0734072305891568e-15,-7.414772308055607e-12,7.416919122516784e-12,-1.0000000000037068,-6.999999999996291
0.15400004386901855,0.029999971389770508,0.039999961853027344,0.04200005531311035,0.04200005531311035,4.118862615537159,3.618558360406232e-17,-8.237725231074318,8.237725231074318,-5.118862615537159,-2.881137384462841
0.14400005340576172,0.04200005531311035,0.03399991989135742,0.03900003433227539,0.029000043869018555,4.953837306483178,7.937613839321836e-7,-9.907673819204973,9.90767540672774,-5.953836512721795,-2.046161899755438
0.16300010681152344,0.03900003433227539,0.03600001335144043,0.05299997329711914,0.03500008583068848,4.056475217942984,3.692524909916093e-16,-8.112950435885969,8.112950435885969,-5.056475217942984,-2.9435247820570156
0.14499998092651367,0.034999847412109375,0.03600001335144043,0.03500008583068848,0.03900003433227539,3.1000244227008777,0.00015788347052621984,-6.19989096193123,6.200206728872281,-4.0998665392303515,-3.899817693828596
0.1510000228881836,0.032000064849853516,0.042999982833862305,0.0409998893737793,0.03500008583068848,4.708914607662403,3.618558360406232e-17,-9.417829215324806,9.417829215324806,-5.708914607662403,-2.291085392337597
0.14400005340576172,0.029000043869018555,0.03900003433227539,0.046000003814697266,0.029999971389770508,0.36208451845120315,1.0734072305891568e-15,-0.7241690369024052,0.7241690369024074,-1.362084518451202,-6.637915481548796
0.15200018882751465,0.03000020980834961,0.0409998893737793,0.046000003814697266,0.03500008583068848,0.547717190542297,0.39923313250774883,-0.6962012485768451,1.4946675135923426,-1.1484840580345481,-6.053049676949954
0.15799999237060547,0.02500009536743164,0.042999982833862305,0.06099987030029297,0.029000043869018555,2.3236761196076072,4.2571938284996014e-5,-4.64730966727693,4.647394811153499,-3.3236335476693224,-4.676281308454108
0.14300012588500977,0.0280001163482666,0.03600001335144043,0.04399991035461426,0.03400015830993652,2.603145707977513,0.003881616505812757,-5.202409799449214,5.210173032460839,-3.5992640914717002,-4.392972675516674
0.13700008392333984,0.0280001163482666,0.037999868392944336,0.040000200271606445,0.03099989891052246,2.5374509870742257,0.00016056923195906735,-5.074741404916492,5.075062543380411,-3.5372904178422666,-4.462388443693815
0.14600014686584473,0.026000022888183594,0.026000022888183594,0.04200005531311035,0.05200004577636719,3.385264068077157,0.00016199135712404228,-6.77036614479719,6.770690127511438,-4.385102076720033,-3.6145739405657187
0.15599989891052246,0.0409998893737793,0.0280001163482666,0.042999982833862305,0.04399991035461426,2.4620058867196137,2.3439038110230402e-6,-4.924009429535417,4.924014117343038,-3.4620035428158027,-4.537991769376575
0.14800000190734863,0.029999971389770508,0.026000022888183594,0.04999995231628418,0.04200005531311035,0.5670136556992197,0.03982816440514583,-1.0941991469932935,1.1738554758035853,-1.5271854912940739,-6.393158179895634
0.16199994087219238,0.03600001335144043,0.039999961853027344,0.04900002479553223,0.03699994087219238,1.661825553658411,0.0001431774492533506,-3.3235079298675685,3.3237942847660755,-2.661682376209158,-5.338031268892336
0.1550002098083496,0.037000179290771484,0.037999868392944336,0.046000003814697266,0.03400015830993652,4.024674117819778,3.692524909916093e-16,-8.049348235639556,8.049348235639556,-5.024674117819778,-2.975325882180222
0.15000009536743164,0.029999971389770508,0.03800010681152344,0.04699993133544922,0.03500008583068848,0.07299658372842721,1.0734072305891568e-15,-0.14599316745685334,0.1459931674568555,-1.072996583728426,-6.927003416271572
0.15999984741210938,0.032000064849853516,0.03899979591369629,0.051000118255615234,0.037999868392944336,2.3384361851020015,0.10601524005800428,-4.570857130145999,4.782887610262007,-3.232420945043997,-4.555548574839994
0.1659998893737793,0.03099989891052246,0.05800008773803711,0.04999995231628418,0.026999950408935547,3.385264068077157,0.00016199135712404228,-6.77036614479719,6.770690127511438,-4.385102076720033,-3.6145739405657187
0.1509997844696045,0.03099989891052246,0.03099989891052246,0.046000003814697266,0.042999982833862305,4.9710258031520524,0.0,-9.942051606304105,9.942051606304105,-5.9710258031520524,-2.0289741968479476
0.14599990844726562,0.029999971389770508,0.034999847412109375,0.040000200271606445,0.0409998893737793,4.708914607662403,3.618558360406232e-17,-9.417829215324806,9.417829215324806,-5.708914607662403,-2.291085392337597
0.17400002479553223,0.03299999237060547,0.04200005531311035,0.05900001525878906,0.039999961853027344,0.5670136556992197,0.07284769819794482,-1.0611796132004945,1.2068750095963843,-1.494165957501275,-6.360138646102835
0.12100005149841309,0.029000043869018555,0.03500008583068848,0.029000043869018555,0.0279998779296875,2.3236761196076072,4.9976322166094594e-5,-4.6473022628930485,4.64740221553738,-3.3236261432854413,-4.676273904070227
0.11499977111816406,0.023999929428100586,0.0279998779296875,0.03299999237060547,0.029999971389770508,3.1000244227008777,0.00012192519141525468,-6.19992692021034,6.200170770593171,-4.099902497509463,-3.899853652107707
0.18400001525878906,0.056999921798706055,0.046000003814697266,0.04200005531311035,0.03900003433227539,3.4831075420859707,0.00015788347052621984,-6.966057200701416,6.966372967642467,-4.4829496586154445,-3.516734574443503
0.15400004386901855,0.03299999237060547,0.042999982833862305,0.04400014877319336,0.03399991989135742,3.0030046583956316,9.259204077812652e-5,-6.005916724750485,6.006101908832041,-4.002912066354853,-3.9969027495635903
0.14400005340576172,0.03500008583068848,0.039999961853027344,0.03699994087219238,0.032000064849853516,4.71309424696195,0.2834595806781746,-9.142728913245726,9.709648074602075,-5.429634666283776,-2.003446172359875
0.15700006484985352,0.04999995231628418,0.0410001277923584,0.037999868392944336,0.0280001163482666,4.989827030858775,0.0,-9.97965406171755,9.97965406171755,-5.989827030858775,-2.010172969141225
0.1529998779296875,0.048999786376953125,0.04700016975402832,0.0279998779296875,0.029000043869018555,3.072860173941253,1.9579533984647037e-5,-6.145700768348521,6.14573992741649,-4.072840594407268,-3.9271202465247623
0.14300012588500977,0.032000064849853516,0.051000118255615234,0.03099989891052246,0.029000043869018555,4.245496271211882,0.23368403728339274,-8.25730850514037,8.724676579707156,-5.011812233928489,-2.520819691504726
0.13899993896484375,0.026000022888183594,0.04900002479553223,0.03900003433227539,0.02499985694885254,2.7988397829129674,0.25233418481272046,-5.345345381013215,5.850013750638655,-3.546505598100247,-3.948826032274312
0.14899992942810059,0.0279998779296875,0.03800010681152344,0.04399991035461426,0.03900003433227539,1.2302754301714038,0.041030282728965514,-2.419520577613842,2.5015811430717734,-2.1892451474424384,-5.72869428709963
0.14400005340576172,0.029000043869018555,0.03900003433227539,0.046000003814697266,0.029999971389770508,2.3236761196076072,0.00015711581624370293,-4.647195123398971,4.647509355031458,-3.3235190037913633,-4.676166764576148
0.14700007438659668,0.029000043869018555,0.042999982833862305,0.03600001335144043,0.03900003433227539,3.330100863122749,4.333984817030753e-5,-6.6601583863973275,6.660245066093669,-4.330057523274579,-3.6698557970290806
0.15600013732910156,0.032000064849853516,0.03299999237060547,0.04200005531311035,0.04900002479553223,4.801483902864614,5.408143819572719e-6,-9.60296239758541,9.602973213873048,-5.8014784947207945,-2.1985106889915658
0.1510000228881836,0.03800010681152344,0.04200005531311035,0.037999868392944336,0.03299999237060547,0.4102336160061284,0.032945781940812296,-0.7875214500714445,0.8534130139530691,-1.377287834065316,-6.556820602053059
0.13899993896484375,0.03299999237060547,0.03399991989135742,0.03699994087219238,0.03500008583068848,4.118862615537159,3.618558360406232e-17,-8.237725231074318,8.237725231074318,-5.118862615537159,-2.881137384462841
0.1530001163482666,0.03299999237060547,0.03399991989135742,0.043000221252441406,0.042999982833862305,3.277644832325837,0.08118100839986958,-6.474108656251805,6.6364706730515435,-4.196463823925967,-3.641174159274293
0.15199995040893555,0.03299999237060547,0.03299999237060547,0.05299997329711914,0.03299999237060547,0.6115269007074722,0.03982816440514583,-1.1832256370097984,1.2628819658200903,-1.5716987363023263,-6.348644934887382
0.14100003242492676,0.032000064849853516,0.03699994087219238,0.04200005531311035,0.029999971389770508,4.118862615537159,0.04673662529006231,-8.190988605784256,8.28446185636438,-5.0721259902470965,-2.8344007591727785
0.14899992942810059,0.03399991989135742,0.023000001907348633,0.05299997329711914,0.03900003433227539,0.3872776424478933,0.04601600900502332,-0.7285392758907633,0.82057129390081,-1.34126163344287,-6.566706348547084
0.15400004386901855,0.029000043869018555,0.026000022888183594,0.05799984931945801,0.0410001277923584,4.999999999999998,0.13228284686868208,-9.867717153131315,10.132282846868678,-5.867717153131316,-1.86771715313132
0.16499996185302734,0.03299999237060547,0.03600001335144043,0.05200004577636719,0.04399991035461426,1.53134735744769,0.3195175627821767,-2.743177152113203,3.3822122776775565,-2.211829794665513,-5.149135079770133
0.13100004196166992,0.023000001907348633,0.03299999237060547,0.037000179290771484,0.037999868392944336,4.999999999999999,4.2140863606471044e-5,-9.999957859136392,10.000042140863604,-5.9999578591363925,-1.9999578591363942
0.15899991989135742,0.031999826431274414,0.03500008583068848,0.042999982833862305,0.04900002479553223,2.3236761196076072,3.4129790789346194e-7,-4.647351897917306,4.647352580513123,-3.3236757783096995,-4.676323539094485
0.1380000114440918,0.026000022888183594,0.032000064849853516,0.03699994087219238,0.042999982833862305,1.9954153148016496,4.2571938284996014e-5,-3.9907880576650143,3.990873201541584,-2.9953727428633643,-5.004542113260065
0.1360001564025879,0.02700018882751465,0.02500009536743164,0.031999826431274414,0.051000118255615234,4.895853902172674,3.618558360406232e-17,-9.791707804345348,9.791707804345348,-5.895853902172674,-2.104146097827326
0.14499998092651367,0.037000179290771484,0.039999961853027344,0.037999868392944336,0.029999971389770508,4.407807109602864,0.19949494842768467,-8.616119270778043,9.015109167633412,-5.208312161175179,-2.392697941969452
0.14400005340576172,0.029000043869018555,0.0409998893737793,0.03400015830993652,0.039999961853027344,2.9156006860986166,0.10603915654569399,-5.725162215651539,5.937240528742927,-3.8095615295529224,-3.9783601573556893
0.14400005340576172,0.032000064849853516,0.03299999237060547,0.039999961853027344,0.03900003433227539,4.999999999999998,0.0,-9.999999999999996,9.999999999999996,-5.999999999999998,-2.0000000000000018
0.11800003051757812,0.0280001163482666,0.026999950408935547,0.02499985694885254,0.03800010681152344,0.6115269007074722,0.13416757972563956,-1.0888862216893047,1.357221381140584,-1.4773593209818325,-6.254305519566889
0.13700008392333984,0.0280001163482666,0.026000022888183594,0.03699994087219238,0.046000003814697266,1.7704522488119592,0.002483656881804019,-3.5384208407421145,3.543388154505722,-2.7679685919301553,-5.227064094306237
0.15199995040893555,0.039999961853027344,0.042999982833862305,0.04200005531311035,0.026999950408935547,1.9236729741708642,0.0001431774492533506,-3.847202770892475,3.847489125790982,-2.9235297967216107,-5.076183848379882
0.15199995040893555,0.0409998893737793,0.04500007629394531,0.03399991989135742,0.032000064849853516,1.661825553658411,0.0001431774492533506,-3.3235079298675685,3.3237942847660755,-2.661682376209158,-5.338031268892336
0.14899992942810059,0.054000139236450195,0.034999847412109375,0.03299999237060547,0.026999950408935547,3.707922857643098e-12,1.0734072305891568e-15,-7.414772308055607e-12,7.416919122516784e-12,-1.0000000000037068,-6.999999999996291
0.15999984741210938,0.0559999942779541,0.042999982833862305,0.032000064849853516,0.028999805450439453,1.1236191992716624,8.791284649295412e-5,-2.247150485696832,2.2473263113898176,-2.1235312864251696,-5.876292887881845
0.12899994850158691,0.03600001335144043,0.03399991989135742,0.03699994087219238,0.02200007438659668,3.9258875465743683,3.618558360406232e-17,-7.851775093148737,7.851775093148737,-4.925887546574368,-3.0741124534256317
0.12999987602233887,0.020999908447265625,0.03699994087219238,0.04200005531311035,0.029999971389770508,0.766518270434089,0.04109739941084066,-1.4919391414573375,1.5741339402790187,-1.7254208710232484,-6.19238433015507
0.1550002098083496,0.03400015830993652,0.023999929428100586,0.04200005531311035,0.054000139236450195,0.7679327722232949,0.03976104772327069,-1.4961044967233192,1.5756265921698605,-1.728171724500024,-6.192306180053435
0.15000009536743164,0.029999971389770508,0.03299999237060547,0.05000019073486328,0.03600001335144043,0.09356358032990808,0.03982816440514583,-0.14729899625467033,0.226955325064962,-1.0537354159247623,-6.866608255264946
0.1380000114440918,0.026999950408935547,0.03500008583068848,0.039999961853027344,0.03600001335144043,2.2162661974449014,0.0001431774492533506,-4.43238921744055,4.432675572339056,-3.216123019995648,-4.783590625105845
0.1419999599456787,0.03800010681152344,0.037999868392944336,0.032000064849853516,0.03399991989135742,2.9156006860986166,0.16405688090259443,-5.667144491294638,5.995258253099828,-3.751543805196022,-3.920342432998789
0.14899992942810059,0.053999900817871094,0.04399991035461426,0.02500009536743164,0.026000022888183594,2.9156006860986166,0.17373755412016426,-5.657463818077069,6.004938926317397,-3.741863131978452,-3.910661759781219
0.14600014686584473,0.03400015830993652,0.039999961853027344,0.039999961853027344,0.032000064849853516,2.9156006860986166,0.07179688686831612,-5.759404485328917,5.90299825906555,-3.8438037992303005,-4.012602427033068
0.14400005340576172,0.0279998779296875,0.04400014877319336,0.037999868392944336,0.03400015830993652,4.4330768903393745,0.0,-8.866153780678749,8.866153780678749,-5.4330768903393745,-2.5669231096606255
0.1549999713897705,0.029999971389770508,0.0410001277923584,0.04799985885620117,0.03600001335144043,3.5858146333970593,0.05920272462232542,-7.112426542171793,7.230831991416444,-4.5266119087747345,-3.3549826419806155
0.13499999046325684,0.031000137329101562,0.0409998893737793,0.03299999237060547,0.029999971389770508,3.759904620313981,3.618558360406232e-17,-7.519809240627962,7.519809240627962,-4.759904620313981,-3.240095379686019
0.1549999713897705,0.03399991989135742,0.03699994087219238,0.042999982833862305,0.0410001277923584,3.1066029503688446,0.038771136335955296,-6.174434764401734,6.251977037073645,-4.067831814032889,-3.8546259132952003
0.1419999599456787,0.03299999237060547,0.03400015830993652,0.03699994087219238,0.037999868392944336,0.6115269007074722,0.0015526912847172933,-1.221501110130227,1.2246064926996616,-1.609974209422755,-6.386920408007811
0.14399981498718262,0.03399991989135742,0.03699994087219238,0.03800010681152344,0.03399991989135742,3.707922857643098e-12,4.78766467391494e-6,4.787657258069225e-6,4.787672089760656e-6,-0.999995212339034,-6.999995212331618
0.14599990844726562,0.0279998779296875,0.03500008583068848,0.042999982833862305,0.039999961853027344,0.9623789204499446,0.040699507856273485,-1.8840583330436156,1.9654573487561626,-1.921679412593671,-5.9969215716937825
0.13199996948242188,0.029999971389770508,0.023000001907348633,0.037999868392944336,0.0410001277923584,2.472369507332785,3.4129790789346194e-7,-4.944738673367662,4.9447393559634785,-3.4723691660348774,-4.527630151369307
0.1419999599456787,0.04200005531311035,0.039999961853027344,0.03399991989135742,0.026000022888183594,1.661825553658411,2.2861580838968282e-6,-3.3236488211587383,3.3236533934749057,-2.661823267500327,-5.338172160183505
0.14400005340576172,0.0410001277923584,0.039999961853027344,0.03299999237060547,0.029999971389770508,3.0531422702008557,0.08420485218091406,-6.022079688220797,6.190489392582625,-3.9689374180199417,-3.8626528776182303
0.14700007438659668,0.032000064849853516,0.04699993133544922,0.03399991989135742,0.03400015830993652,0.02959671488931548,0.8625765980941378,0.8033831683155068,0.9217700278727687,-0.1670201167951777,-6.107826687016547
0.14899992942810059,0.03399991989135742,0.042999982833862305,0.03400015830993652,0.037999868392944336,2.2162661974449014,0.00011681498465937419,-4.432415579905143,4.432649209874462,-3.216149382460242,-4.783616987570439
0.13299989700317383,0.029999971389770508,0.0279998779296875,0.03900003433227539,0.03600001335144043,2.3236761196076072,0.18441791479154052,-4.462934324423674,4.831770154006755,-3.1392582048160667,-4.491905965600852
0.13499999046325684,0.05299997329711914,0.03500008583068848,0.020999908447265625,0.026000022888183594,0.6115269007074722,0.4801155679480901,-0.7429382334668542,1.7031693693630345,-1.131411332759382,-5.908357531344437
0.14400005340576172,0.037999868392944336,0.042999982833862305,0.03000020980834961,0.03299999237060547,0.9951456783760689,0.041030282728965514,-1.9492610740231724,2.0313216394811033,-1.9541153956471033,-5.963824038894965
0.16499996185302734,0.05099987983703613,0.042999982833862305,0.03500008583068848,0.03600001335144043,4.446249040651943,0.0008946986438741963,-8.891603382660012,8.89339277994776,-5.445354342008069,-2.552856260704183
0.13100004196166992,0.0280001163482666,0.0409998893737793,0.032000064849853516,0.029999971389770508,0.3697844483450248,0.0,-0.7395688966900495,0.7395688966900495,-1.3697844483450248,-6.630215551654976
0.15200018882751465,0.046000003814697266,0.03400015830993652,0.037999868392944336,0.03400015830993652,3.707922857643098e-12,1.0734072305891568e-15,-7.414772308055607e-12,7.416919122516784e-12,-1.0000000000037068,-6.999999999996291
0.1400001049041748,0.02500009536743164,0.03699994087219238,0.04200005531311035,0.03600001335144043,0.14686617937325042,1.0734072305891568e-15,-0.2937323587464998,0.2937323587465019,-1.1468661793732493,-6.8531338206267485
0.14699983596801758,0.032000064849853516,0.037999868392944336,0.0410001277923584,0.03599977493286133,0.5780904582907848,7.403403232016098e-16,-1.1561809165815689,1.1561809165815702,-1.578090458290784,-6.421909541709215
0.1380000114440918,0.029000043869018555,0.03099989891052246,0.03800010681152344,0.039999961853027344,0.1932921942800475,0.0015526912847172933,-0.3850316972753777,0.3881370798448123,-1.1917395029953302,-6.805155114435236
0.13100004196166992,0.023000001907348633,0.03699994087219238,0.03600001335144043,0.03500008583068848,2.2577671467529474,0.00011681498465937419,-4.515417478521235,4.515651108490554,-3.257650331768288,-4.7421160382623935
0.15000009536743164,0.03800010681152344,0.046000003814697266,0.042999982833862305,0.023000001907348633,9.60675983208148e-13,4.0727341581406283e-16,-1.9209446930004816e-12,1.92175923983211e-12,-1.0000000000009603,-6.999999999999039
0.13299989700317383,0.034999847412109375,0.032000064849853516,0.039999961853027344,0.026000022888183594,1.2225342142294384,0.027714794570010165,-2.4173536338888666,2.472783223028887,-2.194819419659428,-5.7497509912005516
0.14800000190734863,0.03500008583068848,0.03600001335144043,0.04200005531311035,0.034999847412109375,0.14940628889759688,2.2861580838968282e-6,-0.29881029163710987,0.29881486395327767,-1.149404002739513,-6.850591424944319
0.1529998779296875,0.03099989891052246,0.03500008583068848,0.042999982833862305,0.04399991035461426,2.9025331427233914,0.30220179547474924,-5.502864489972033,6.107268080921532,-3.600331347248642,-3.7952650618018593
0.12599992752075195,0.029000043869018555,0.028999805450439453,0.03800010681152344,0.029999971389770508,3.7219928667219477,0.011942055996702948,-7.432043677447193,7.455927789440598,-4.710050810725245,-3.2660650772813495
0.15200018882751465,0.046000003814697266,0.040000200271606445,0.031999826431274414,0.03400015830993652,1.661825553658411,2.2861580838968282e-6,-3.3236488211587383,3.3236533934749057,-2.661823267500327,-5.338172160183505
0.14999985694885254,0.04500007629394531,0.037999868392944336,0.03399991989135742,0.03299999237060547,1.661825553658411,2.2861580838968282e-6,-3.3236488211587383,3.3236533934749057,-2.661823267500327,-5.338172160183505
0.13499999046325684,0.029999971389770508,0.04399991035461426,0.031000137329101562,0.029999971389770508,4.505052052161587,0.17721447283615505,-8.832889631487019,9.18731857715933,-5.327837579325432,-2.3177334750022576
0.13499999046325684,0.03000020980834961,0.042999982833862305,0.031999826431274414,0.029999971389770508,3.0322908421949055,0.14885311548946975,-5.915728568900342,6.2134347998792805,-3.8834377267054356,-3.8188560423156246
0.14999985694885254,0.03600001335144043,0.039999961853027344,0.04200005531311035,0.031999826431274414,0.096934779450076,0.08420485218091406,-0.10966470671923795,0.27807441108106606,-1.012729927269162,-6.81886036836901
0.14899992942810059,0.03099989891052246,0.03600001335144043,0.039999961853027344,0.04200005531311035,4.303261468763422,0.027925745398702757,-8.578597192128141,8.634448682925546,-5.275335723364719,-2.6688127858378756
0.14100003242492676,0.031000137329101562,0.028999805450439453,0.03900003433227539,0.04200005531311035,1.2225342142294384,0.0004251907899509525,-2.444643237668926,2.4454936192488277,-2.2221090234394874,-5.777040594980611
0.1400001049041748,0.03400015830993652,0.03099989891052246,0.039999961853027344,0.03500008583068848,3.159735098142937,0.08420485218091406,-6.23526534410496,6.403675048466788,-4.075530245962023,-3.756060049676149
0.13499999046325684,0.03500008583068848,0.04500007629394531,0.03299999237060547,0.021999835968017578,2.2162661974449014,5.783702483980142e-5,-4.432474557864963,4.432590231914642,-3.2162083604200618,-4.783675965530259
0.15899991989135742,0.039999961853027344,0.04699993133544922,0.039999961853027344,0.032000064849853516,2.154546114001305,0.0038780120684557824,-4.305214215934154,4.312970240071066,-3.1506681019328493,-4.841575873930239
0.14699983596801758,0.03299999237060547,0.042999982833862305,0.03299999237060547,0.037999868392944336,3.7219928667219477,0.0035450748424272743,-7.440440658601468,7.447530808286323,-4.7184477918795205,-3.274462058435625
0.13499999046325684,0.03299999237060547,0.03899979591369629,0.037000179290771484,0.026000022888183594,3.930451063305085,0.008049599054863464,-7.8528525275553065,7.868951725665033,-4.922401464250221,-3.061499337640052
0.15199995040893555,0.03600001335144043,0.04799985885620117,0.0410001277923584,0.026999950408935547,2.2162661974449014,0.00011681498465937419,-4.432415579905143,4.432649209874462,-3.216149382460242,-4.783616987570439
0.14700007438659668,0.03400015830993652,0.0409998893737793,0.03800010681152344,0.03399991989135742,2.2865389896649617,0.00011681498465937419,-4.572961164345264,4.573194794314583,-3.286422174680302,-4.713344195350379
0.1380000114440918,0.03399991989135742,0.03900003433227539,0.031999826431274414,0.03300023078918457,3.6652027726068814,0.0006518569162933599,-7.32975368829747,7.331057402130056,-4.664550915690588,-3.334145370476825
0.1510000228881836,0.03399991989135742,0.03900003433227539,0.03500008583068848,0.042999982833862305,3.2087106835293833,0.16589448076201496,-6.251526886296752,6.583315847820781,-4.042816202767368,-3.625394835708602
0.14800000190734863,0.037000179290771484,0.031999826431274414,0.037000179290771484,0.04199981689453125,3.8743192352463094,0.05508122505361983,-7.693557245438999,7.8037196955462385,-4.81923801019269,-3.070599539700071
0.14399981498718262,0.028999805450439453,0.0280001163482666,0.042999982833862305,0.04399991035461426,3.2606115574222434,0.001779709688876016,-6.519443405155611,6.523002824533362,-4.258831847733367,-3.7376087328888805
0.1419999599456787,0.0409998893737793,0.03400015830993652,0.03099989891052246,0.03600001335144043,3.159735098142937,0.08420485218091406,-6.23526534410496,6.403675048466788,-4.075530245962023,-3.756060049676149
0.16300010681152344,0.04500007629394531,0.04699993133544922,0.03299999237060547,0.03800010681152344,1.2231728439418728,0.0015526912847172933,-2.4447929965990283,2.4478983791684628,-2.2216201526571555,-5.77527446477341
0.1359999179840088,0.026999950408935547,0.026999950408935547,0.04200005531311035,0.039999961853027344,4.645855082107021,0.0,-9.291710164214042,9.291710164214042,-5.645855082107021,-2.354144917892979
0.13700008392333984,0.03699994087219238,0.03600001335144043,0.0279998779296875,0.03500008583068848,0.6115269007074722,0.00010892493070318449,-1.2229448764842412,1.2231627263456475,-1.611417975776769,-6.388364174361825
0.14600014686584473,0.032000064849853516,0.039999961853027344,0.03600001335144043,0.03800010681152344,0.6115269007074722,0.0009611234295294133,-1.2220926779854149,1.2240149248444738,-1.6105657772779427,-6.387511975862998
0.14100003242492676,0.02200007438659668,0.04400014877319336,0.042999982833862305,0.031999826431274414,4.90071010787115,0.0,-9.8014202157423,9.8014202157423,-5.90071010787115,-2.0992898921288496
0.13299989700317383,0.031999826431274414,0.03299999237060547,0.04200005531311035,0.026000022888183594,1.2225342142294384,0.018337546561075217,-2.4267308818978015,2.463405975019952,-2.2041966676683633,-5.7591282392094865
0.15200018882751465,0.051000118255615234,0.037999868392944336,0.0280001163482666,0.03500008583068848,3.7420612506689674,0.08420485218091406,-7.399917649157021,7.568327353518849,-4.657856398488054,-3.1737338971501186
0.14600014686584473,0.046000003814697266,0.03800010681152344,0.03600001335144043,0.026000022888183594,4.328469226827898,0.1784921365407271,-8.478446317115068,8.835430590196523,-5.14997709028717,-2.4930386366313746
0.1419999599456787,0.03500008583068848,0.03600001335144043,0.04200005531311035,0.028999805450439453,1.2225342142294384,4.030165305978807e-5,-2.445028126805817,2.4451087301119365,-2.222493912576379,-5.777425484117502
0.12800002098083496,0.023000001907348633,0.04199981689453125,0.03400015830993652,0.029000043869018555,4.999999999999998,2.3990562872949953e-6,-9.99999760094371,10.000002399056283,-5.999997600943711,-1.9999976009437148
0.15899991989135742,0.03699994087219238,0.051000118255615234,0.03299999237060547,0.037999868392944336,1.6472690862798063,8.357815638467566e-9,-3.294538164201797,3.2945381809174283,-2.6472690779219907,-5.352730905362378
0.12599992752075195,0.026999950408935547,0.03400015830993652,0.034999847412109375,0.029999971389770508,1.373945858496375,7.420650842651587e-17,-2.74789171699275,2.74789171699275,-2.3739458584963753,-5.626054141503625
0.13899993896484375,0.03299999237060547,0.03099989891052246,0.042999982833862305,0.032000064849853516,0.04053546827568555,0.021709369428312135,-0.05936156712305896,0.10278030597968324,-1.0188260988473734,-6.9377551622960025
0.1510000228881836,0.04500007629394531,0.04800009727478027,0.029999971389770508,0.0279998779296875,4.133276993326435,0.13075504655953968,-8.13579894009333,8.397309033212409,-5.002521946766895,-2.735967960114025
0.15599989891052246,0.05200004577636719,0.04499983787536621,0.031000137329101562,0.0279998779296875,3.7474344229926406,0.0944419630392676,-7.400426882946014,7.589310809024549,-4.6529924599533725,-3.1581236139680917
0.14499998092651367,0.03900003433227539,0.03399991989135742,0.03600001335144043,0.03600001335144043,0.5077834182018711,0.20439726029355915,-0.8111695761101831,1.2199640966973013,-1.303386157908312,-6.2878193215045695
0.13400006294250488,0.03500008583068848,0.042999982833862305,0.023999929428100586,0.032000064849853516,9.60675983208148e-13,7.420650842651587e-17,-1.921277759907869e-12,1.9214261729247226e-12,-1.0000000000009606,-6.999999999999039
0.14500021934509277,0.03400015830993652,0.04499983787536621,0.040000200271606445,0.026000022888183594,4.163489939370121,0.1784921365407271,-8.148487742199514,8.505472015280969,-4.984997802829394,-2.658017924089152
0.14700007438659668,0.03500008583068848,0.03900003433227539,0.03899979591369629,0.03400015830993652,3.8743192352463094,0.02506604126747873,-7.72357242922514,7.773704511760098,-4.84925319397883,-3.100614723486212
0.14700007438659668,0.03500008583068848,0.03900003433227539,0.039999961853027344,0.03299999237060547,2.472369507332785,0.0826459206355556,-4.862093094030015,5.027384935301126,-3.3897235866972295,-4.444984572031659
0.1640000343322754,0.029999971389770508,0.03699994087219238,0.04200005531311035,0.05500006675720215,0.13076842672394706,4.0727341581406283e-16,-0.26153685344789374,0.2615368534478945,-1.1307684267239466,-6.8692315732760525
0.13899993896484375,0.020999908447265625,0.03400015830993652,0.04399991035461426,0.039999961853027344,1.888700034338437,0.20439726029355915,-3.5730028083833147,3.9817973289704334,-2.6843027740448777,-4.906902705368004
0.1420001983642578,0.02700018882751465,0.037999868392944336,0.03900003433227539,0.03800010681152344,0.38238136702932957,0.02584065609984726,-0.7389220779588119,0.7906033901585063,-1.3565407109294823,-6.591777976870823
0.13899993896484375,0.023999929428100586,0.03800010681152344,0.03900003433227539,0.037999868392944336,1.16504990973842,1.8825173896947606e-6,-2.3300979369594503,2.3301017019942294,-2.1650480272210304,-5.8349482077441905
0.14300012588500977,0.024000167846679688,0.023999929428100586,0.053999900817871094,0.0410001277923584,2.472369507332785,2.568128276284221e-7,-4.944738757852742,4.944739271478398,-3.4723692505199577,-4.527630235854387
0.14700007438659668,0.03800010681152344,0.042999982833862305,0.0279998779296875,0.03800010681152344,4.999999999999998,0.08466615421557351,-9.915333845784422,10.08466615421557,-5.915333845784425,-1.9153338457844287
0.15199995040893555,0.04399991035461426,0.03900003433227539,0.034999847412109375,0.03400015830993652,3.0531422702008557,0.0019823379908893365,-6.104302202410822,6.108266878392601,-4.051159932209966,-3.944875391808255
0.15599989891052246,0.03900003433227539,0.04399991035461426,0.03800010681152344,0.034999847412109375,4.328469226827898,0.014998214674988686,-8.641940238980807,8.671936668330785,-5.31347101215291,-2.656532558497114
0.14499998092651367,0.029000043869018555,0.03900003433227539,0.04399991035461426,0.03299999237060547,3.0212661289121674,4.018661099698952e-8,-6.042532217637723,6.042532298010946,-4.0212660887255565,-3.9787338309012217
0.14499998092651367,0.031000137329101562,0.037999868392944336,0.04400014877319336,0.031999826431274414,3.7420612506689674,0.08307340990853612,-7.401049091429399,7.567195911246471,-4.658987840760432,-3.1748653394224964
0.14499998092651367,0.031999826431274414,0.0410001277923584,0.03699994087219238,0.03500008583068848,3.831234872088656,0.0746581000605347,-7.587811644116778,7.737127844237847,-4.756576772028121,-3.094107027850809
0.16300010681152344,0.051000118255615234,0.04499983787536621,0.037000179290771484,0.029999971389770508,2.9913650623491543,0.13639524906537864,-5.84633487563293,6.119125373763687,-3.8549698132837755,-3.872239688585467
0.1510000228881836,0.039999961853027344,0.04500007629394531,0.03800010681152344,0.026999950408935547,0.46926165214675386,0.0019823379908893365,-0.9365409663026184,0.940505642284397,-1.4672793141558644,-6.528756009862357
0.14300012588500977,0.03600001335144043,0.04500007629394531,0.03699994087219238,0.02500009536743164,1.1737824472319525,2.2861580838968282e-6,-2.347562608305821,2.3475671806219887,-2.1737801610738687,-5.826215266609964
0.1510000228881836,0.03299999237060547,0.05200004577636719,0.03600001335144043,0.029999971389770508,1.492937065166124,0.025088320069707015,-2.960785810262541,3.010962450401955,-2.467848745096417,-5.4819746147641695
0.14700007438659668,0.03400015830993652,0.04699993133544922,0.03900003433227539,0.026999950408935547,4.869423561408438,0.0,-9.738847122816876,9.738847122816876,-5.869423561408438,-2.1305764385915618
0.1419999599456787,0.0280001163482666,0.039999961853027344,0.037999868392944336,0.03600001335144043,5.376810108259633e-13,0.02224706443639009,0.02224706443531473,0.022247064437465453,-0.9777529355641476,-6.977752935563072
0.1529998779296875,0.029999971389770508,0.03600001335144043,0.04800009727478027,0.03899979591369629,3.9708345145125636,0.08307340990853612,-7.858595619116591,8.024742438933663,-4.887761104604028,-2.9460920755789006
0.1399998664855957,0.032000064849853516,0.03899979591369629,0.037000179290771484,0.031999826431274414,3.015252914214633,0.0019823379908893365,-6.028523490438377,6.032488166420156,-4.013270576223744,-3.9827647477944774
0.14400005340576172,0.029999971389770508,0.03400015830993652,0.037999868392944336,0.04200005531311035,3.7420612506689674,0.08405815635973962,-7.400064344978195,7.568180657697675,-4.658003094309228,-3.173880592971293
0.14699983596801758,0.03099989891052246,0.03900003433227539,0.037999868392944336,0.03900003433227539,0.9188812103324804,0.0019823379908893365,-1.8357800826740713,1.8397447586558502,-1.9168988723415912,-6.07913645167663
0.15199995040893555,0.03899979591369629,0.04200005531311035,0.03299999237060547,0.03800010681152344,0.5645419328952676,7.420650842651587e-17,-1.129083865790535,1.129083865790535,-1.5645419328952674,-6.435458067104732
0.12900018692016602,0.026000022888183594,0.026000022888183594,0.0410001277923584,0.03600001335144043,0.7386151749141132,0.06218823379387247,-1.415042116034354,1.5394185836220988,-1.6764269411202406,-6.199196591292014
0.14499998092651367,0.03400015830993652,0.031999826431274414,0.03900003433227539,0.039999961853027344,4.869423561408438,0.48202699367277957,-9.256820129144097,10.220874116489655,-5.387396567735658,-1.6485494449187819
0.15399980545043945,0.03399991989135742,0.03900003433227539,0.039999961853027344,0.0409998893737793,9.212630658339549e-13,7.420650842651587e-17,-1.842451925159483e-12,1.8426003381763365e-12,-1.0000000000009213,-6.999999999999079
0.14399981498718262,0.034999847412109375,0.042999982833862305,0.0280001163482666,0.037999868392944336,0.5745497712067956,7.420650842651587e-17,-1.1490995424135912,1.1490995424135912,-1.5745497712067955,-6.4254502287932045
0.14899992942810059,0.03900003433227539,0.034999847412109375,0.03800010681152344,0.03699994087219238,0.054578219496765557,0.00010892493070318449,-0.10904751406282792,0.1092653639242343,-1.0544692945660623,-6.945312855572531
0.15700006484985352,0.03000020980834961,0.039999961853027344,0.04799985885620117,0.03900003433227539,3.0531422702008557,0.2418029964085018,-5.864481543993209,6.348087536810214,-3.811339273792354,-3.7050547333906425
0.1400001049041748,0.0280001163482666,0.03900003433227539,0.037999868392944336,0.03500008583068848,3.0531422702008557,0.0019823379908893365,-6.104302202410822,6.108266878392601,-4.051159932209966,-3.944875391808255
0.14100003242492676,0.03800010681152344,0.03500008583068848,0.03900003433227539,0.028999805450439453,4.999999999999998,0.0,-9.999999999999996,9.999999999999996,-5.999999999999998,-2.0000000000000018
0.14699983596801758,0.03099989891052246,0.04900002479553223,0.039999961853027344,0.026999950408935547,3.095700061169373,0.11794563551229238,-6.073454486826454,6.309345757851038,-3.9777544256570807,-3.7863543033183347
0.16499996185302734,0.029999971389770508,0.05200004577636719,0.04499983787536621,0.03800010681152344,4.263863687880925,0.061096747147492525,-8.466630628614357,8.588824122909344,-5.202766940733433,-2.6750395649715824
0.14300012588500977,0.03399991989135742,0.04200005531311035,0.032000064849853516,0.03500008583068848,4.188683753325719,0.014998214674988686,-8.36236929197645,8.392365721326428,-5.173685538650731,-2.7963180319992924
0.1549999713897705,0.032000064849853516,0.04699993133544922,0.0409998893737793,0.03500008583068848,0.6582509934695006,0.002850750436204974,-1.3136512365027961,1.319352737375206,-1.6554002430332955,-6.338898256094295
0.125,0.029000043869018555,0.029000043869018555,0.03399991989135742,0.03299999237060547,3.7420612506689674,0.0022707295276972947,-7.481851771810238,7.486393230865632,-4.73979052114127,-3.2556680198033354
0.12999987602233887,0.03099989891052246,0.03099989891052246,0.026000022888183594,0.04200005531311035,4.693607278228352,0.5107117386557355,-8.876502817800969,9.897926295112441,-5.182895539572617,-1.7956809831159122
0.16100001335144043,0.05000019073486328,0.03699994087219238,0.0409998893737793,0.03299999237060547,1.7250072555122165,0.006480684571082723,-3.44353382645335,3.4564951955955157,-2.7185265709411337,-5.2685120599167
0.16199994087219238,0.0410001277923584,0.037999868392944336,0.04400014877319336,0.037999868392944336,1.9674408863958122,0.49145467536031445,-3.44342709743131,4.426336448151939,-2.4759862110354978,-4.541104438243874
0.11100006103515625,0.03600001335144043,0.026000022888183594,0.023999929428100586,0.02500009536743164,1.888700034338437,0.18451610828899206,-3.592883960387882,3.961916176965866,-2.7041839260494447,-4.9267838573725715
0.11100006103515625,0.03399991989135742,0.024000167846679688,0.026999950408935547,0.026000022888183594,2.9513625927563636,8.502167599096501e-8,-5.902725100491051,5.902725270534403,-3.9513625077346877,-4.0486373222219605
0.17100000381469727,0.05299997329711914,0.05299997329711914,0.03400015830993652,0.03099989891052246,1.0899699314036457,0.0005747429333865725,-2.179365119873905,2.180514605740678,-2.089395188470259,-5.909455325662968
0.15799999237060547,0.03900003433227539,0.0410001277923584,0.03900003433227539,0.03899979591369629,0.06998994604585229,0.01952155597707524,-0.12045833611462935,0.15950144806877983,-1.050468390068777,-6.910488497977073
0.14499998092651367,0.03099989891052246,0.03900003433227539,0.03800010681152344,0.03699994087219238,2.7282303514463826,0.0029826427012435196,-5.453478060191522,5.459443345594009,-3.725247708745139,-4.268787005852374
0.15199995040893555,0.03800010681152344,0.04799985885620117,0.03400015830993652,0.031999826431274414,2.123654039051197,0.00041375418555583384,-4.246894323916838,4.24772183228795,-3.1232402848656413,-4.875932206763247
0.13700008392333984,0.03600001335144043,0.03699994087219238,0.029999971389770508,0.03400015830993652,4.831102236917979,2.568128276284221e-7,-9.662204217023131,9.662204730648785,-5.831101980105151,-2.168897506269193
0.14499998092651367,0.04399991035461426,0.03900003433227539,0.03800010681152344,0.023999929428100586,2.6254982580754715,0.0,-5.250996516150943,5.250996516150943,-3.6254982580754715,-4.3745017419245285
0.12000012397766113,0.02500009536743164,0.029000043869018555,0.03399991989135742,0.032000064849853516,4.936466886849926,0.0019823379908893365,-9.870951435708964,9.874916111690741,-5.934484548859037,-2.0615507751591844
0.13299989700317383,0.02500009536743164,0.0279998779296875,0.03900003433227539,0.0409998893737793,0.48845353026774063,2.568128276284221e-7,-0.9769068037226536,0.9769073173483089,-1.488453273454913,-6.5115462129194315
0.15700006484985352,0.039999961853027344,0.039999961853027344,0.04700016975402832,0.029999971389770508,4.999999999999998,2.0816467493657825e-5,-9.999979183532503,10.00002081646749,-5.9999791835325045,-1.999979183532508
0.14400005340576172,0.03500008583068848,0.03900003433227539,0.04499983787536621,0.02500009536743164,0.5779984955390741,0.0020171181470253225,-1.1539798729311228,1.1580141092251737,-1.5759813773920488,-6.4199843863139
0.1380000114440918,0.04500007629394531,0.042999982833862305,0.0279998779296875,0.02200007438659668,3.116577796125539,0.022323673968556522,-6.210831918282522,6.255479266219635,-4.094254122156983,-3.861098529905904
0.17100000381469727,0.040000200271606445,0.0409998893737793,0.04999995231628418,0.039999961853027344,4.734058493974633,2.568128276284221e-7,-9.468116731136439,9.468117244762093,-5.734058237161805,-2.2659412492125393
0.14999985694885254,0.046000003814697266,0.042999982833862305,0.03099989891052246,0.029999971389770508,4.999999999999998,0.0,-9.999999999999996,9.999999999999996,-5.999999999999998,-2.0000000000000018
0.13499999046325684,0.026000022888183594,0.04499983787536621,0.03600001335144043,0.0280001163482666,0.23832256557510623,0.14876946625916662,-0.3278756648910458,0.6254145974093791,-1.0895530993159397,-6.612907968165727
0.15000009536743164,0.03699994087219238,0.03600001335144043,0.04800009727478027,0.029000043869018555,0.8982951305203916,0.0019823379908893365,-1.7946079230498937,1.7985725990316725,-1.8963127925295022,-6.09972253148872
0.16900014877319336,0.06200003623962402,0.03800010681152344,0.03699994087219238,0.032000064849853516,2.339128368761658,0.00041375418555583384,-4.677842983337761,4.678670491708872,-3.3387146145761024,-4.660457877052786
0.14100003242492676,0.05099987983703613,0.032000064849853516,0.03399991989135742,0.024000167846679688,4.999999999999999,0.0004187572696270342,-9.999581242730372,10.000418757269625,-5.999581242730372,-1.9995812427303736
0.1400001049041748,0.03600001335144043,0.039999961853027344,0.037000179290771484,0.026999950408935547,1.8262169241982789,5.325014841112179e-6,-3.6524285233817166,3.652439173411399,-2.826211599183438,-5.17377775078688
0.14800000190734863,0.026999950408935547,0.03900003433227539,0.04800009727478027,0.03399991989135742,2.123654039051197,7.544118079111069e-5,-4.247232636921603,4.2473835192831855,-3.123578597870406,-4.876270519768012
0.1399998664855957,0.04499983787536621,0.03299999237060547,0.032000064849853516,0.029999971389770508,4.999999999999998,0.0,-9.999999999999996,9.999999999999996,-5.999999999999998,-2.0000000000000018
0.14499998092651367,0.026999950408935547,0.05200004577636719,0.03699994087219238,0.029000043869018555,3.9575722785518233,0.05412265968702728,-7.861021897416619,7.969267216790674,-4.903449618864796,-2.9883050617611495
0.14700007438659668,0.026999950408935547,0.032000064849853516,0.046000003814697266,0.04200005531311035,3.827800905140538,0.001773140864303073,-7.6538286694167725,7.657374951145379,-4.826027764276235,-3.170425953995159
0.14800000190734863,0.026000022888183594,0.03699994087219238,0.056999921798706055,0.0280001163482666,3.710747756735017,0.2240623250115525,-7.197433188458481,7.6455578384815865,-4.486685431723465,-3.065189918253431
0.13499999046325684,0.023999929428100586,0.029000043869018555,0.04400014877319336,0.037999868392944336,9.212630658339549e-13,7.420650842651587e-17,-1.842451925159483e-12,1.8426003381763365e-12,-1.0000000000009213,-6.999999999999079
0.14099979400634766,0.034999847412109375,0.03699994087219238,0.040000200271606445,0.028999805450439453,2.0143825677977607,0.006480684571082723,-4.022284451024439,4.035245820166604,-3.007901883226678,-4.9791367476311565
0.15700006484985352,0.04500007629394531,0.03699994087219238,0.03600001335144043,0.03900003433227539,3.7112463915874043,0.006480684571082723,-7.416012098603726,7.428973467745891,-4.704765707016321,-3.282272923841513
0.1400001049041748,0.037000179290771484,0.03699994087219238,0.032000064849853516,0.03399991989135742,1.7497757094203934,0.13573795977069397,-3.363813459070093,3.6352893786114806,-2.6140377496496994,-5.114486330808912
0.14299988746643066,0.026999950408935547,0.0409998893737793,0.0410001277923584,0.03399991989135742,3.3994286728689898,0.21090396148121363,-6.587953384256766,7.009761307219193,-4.188524711387776,-3.3896673656497964
0.15899991989135742,0.03699994087219238,0.05500006675720215,0.023999929428100586,0.042999982833862305,0.9553621488249011,0.22467180621094165,-1.6860524914388606,2.135396103860744,-1.7306903426139595,-5.819966044964158
0.14100003242492676,0.03299999237060547,0.042999982833862305,0.03400015830993652,0.03099989891052246,1.1516940845893169,0.0005747429333865725,-2.302813426245247,2.3039629121120204,-2.15111934165593,-5.847731172477296
0.14100003242492676,0.029000043869018555,0.042999982833862305,0.0279998779296875,0.0410001277923584,3.9575722785518233,0.025316273575568808,-7.889828283528078,7.940460830679215,-4.932256004976255,-3.0171114478726078
0.14899992942810059,0.032000064849853516,0.03299999237060547,0.039999961853027344,0.04399991035461426,4.734058493974633,0.006447362953041221,-9.461669624996224,9.474564350902307,-5.727611131021591,-2.2594941430723257
0.13100004196166992,0.029000043869018555,0.026999950408935547,0.03900003433227539,0.03600001335144043,1.7250072555122165,0.00016929705438654052,-3.4498452139700464,3.4501838080788194,-2.72483795845783,-5.274823447433397
0.15999984741210938,0.05099987983703613,0.039999961853027344,0.032000064849853516,0.03699994087219238,1.123923126067846,0.208024401269323,-2.039821850866369,2.455870653405015,-1.9158987247985229,-5.668052472662831
0.14999985694885254,0.04999995231628418,0.03699994087219238,0.026000022888183594,0.03699994087219238,1.0415978307782467,0.05275215457608353,-2.03044350698041,2.135947816132577,-1.9888456762021631,-5.905650014645669
0.15199995040893555,0.03699994087219238,0.03400015830993652,0.04499983787536621,0.03600001335144043,1.1081604136277758,0.22467180621094165,-1.99164902104461,2.4409926334664935,-1.8834886074168342,-5.667167780161282
0.1380000114440918,0.02700018882751465,0.029999971389770508,0.04200005531311035,0.03899979591369629,0.6046785031079929,0.22467180621094165,-0.9846852000050441,1.4340288124269274,-1.3800066968970512,-6.170649690681065
0.14399981498718262,0.039999961853027344,0.037999868392944336,0.02500009536743164,0.0409998893737793,2.606762817028569,0.08486890336597766,-5.12865673069116,5.298394537423116,-3.5218939136625913,-4.308368279605453
0.14899992942810059,0.023000001907348633,0.0410001277923584,0.04799985885620117,0.03699994087219238,9.212630658339549e-13,7.420650842651587e-17,-1.842451925159483e-12,1.8426003381763365e-12,-1.0000000000009213,-6.999999999999079
0.14699983596801758,0.0409998893737793,0.03800010681152344,0.03699994087219238,0.03099989891052246,3.0863992202210615,0.00041375418555583384,-6.172384686256567,6.173212194627679,-4.085985466035506,-3.9131870255933827
0.1419999599456787,0.026999950408935547,0.039999961853027344,0.03900003433227539,0.03600001335144043,1.7901685453900034,0.00016929705438654052,-3.58016779372562,3.5805063878343932,-2.789999248335617,-5.20966215755561
0.1490001678466797,0.03000020980834961,0.04199981689453125,0.040000200271606445,0.03699994087219238,0.9553621488249011,0.22467180621094165,-1.6860524914388606,2.135396103860744,-1.7306903426139595,-5.819966044964158
0.15000009536743164,0.04200005531311035,0.032000064849853516,0.039999961853027344,0.03600001335144043,0.9553621488249011,0.2295148598739908,-1.6812094377758113,2.140239157523793,-1.7258472889509102,-5.8151229913011075
0.1399998664855957,0.0279998779296875,0.03900003433227539,0.03699994087219238,0.03600001335144043,3.8335724066384667,0.21090396148121363,-7.4562408517957195,7.878048774758147,-4.622668445157252,-2.95552363188032
0.14400005340576172,0.02500009536743164,0.04200005531311035,0.042999982833862305,0.03399991989135742,3.4057652224177555,0.00880439361835366,-6.8027260512171575,6.8203348384538645,-4.396960828799402,-3.585430383963891
0.14899992942810059,0.031999826431274414,0.04500007629394531,0.03900003433227539,0.03299999237060547,4.64785664457932,0.00017322759046530073,-9.295540061568174,9.295886516749105,-5.647683416988855,-2.3519701278302154
0.14699983596801758,0.0279998779296875,0.03800010681152344,0.046000003814697266,0.034999847412109375,1.5523909653843098,0.05893393963948789,-3.045847991129132,3.163715870408107,-2.4934570257448216,-5.388675094976202
0.14699983596801758,0.031999826431274414,0.032000064849853516,0.039999961853027344,0.042999982833862305,0.024977091786846817,0.0862781489748271,0.03632396540113347,0.13623233254852074,-0.9386989428120197,-6.888744759238326
0.1679999828338623,0.03600001335144043,0.034999847412109375,0.06100010871887207,0.03600001335144043,0.5516805635803794,0.005068655491448221,-1.0982924716693105,1.1084297826522072,-1.5466119080889311,-6.443250780928173
0.13899993896484375,0.029000043869018555,0.03600001335144043,0.039999961853027344,0.03399991989135742,2.267771139645289,0.001340941005800754,-4.534201338284777,4.536883220296379,-3.266430198639488,-4.730887919348911
0.14599990844726562,0.03299999237060547,0.02499985694885254,0.04400014877319336,0.04399991035461426,2.0669733221553477,0.08554725977140107,-4.0483993845392945,4.219493904082096,-2.981426062383947,-4.8474794180732514
0.13499999046325684,0.02500009536743164,0.026999950408935547,0.03500008583068848,0.04799985885620117,2.2230429260147444,0.22847730256529422,-4.217608549464194,4.674563154594783,-2.99456562344945,-4.548479771419961
0.15700006484985352,0.0409998893737793,0.03500008583068848,0.039999961853027344,0.0410001277923584,1.1516940845893169,0.00041475738843891317,-2.302973411790195,2.3038029265670725,-2.1512793272008777,-5.847891158022244
0.14700007438659668,0.03900003433227539,0.03699994087219238,0.032000064849853516,0.03900003433227539,3.9575722785518233,0.025316273575568808,-7.889828283528078,7.940460830679215,-4.932256004976255,-3.0171114478726078
0.1640000343322754,0.03900003433227539,0.05200004577636719,0.03899979591369629,0.03400015830993652,1.0642814277412658,0.0005747429333865725,-2.127988112549145,2.129137598415918,-2.063706684807879,-5.935143829325348
0.16100001335144043,0.02499985694885254,0.04500007629394531,0.056999921798706055,0.03400015830993652,0.4986701399878295,0.005068655491448221,-0.9922716244842108,1.0024089354671073,-1.4936014844963812,-6.496261204520723
0.14599990844726562,0.026000022888183594,0.03099989891052246,0.04900002479553223,0.039999961853027344,4.862808606091564,0.0,-9.725617212183128,9.725617212183128,-5.862808606091564,-2.137191393908436
0.14899992942810059,0.026999950408935547,0.039999961853027344,0.04999995231628418,0.032000064849853516,3.4199535514985153,0.005993024292234077,-6.8339140787047965,6.845900127289265,-4.413960527206282,-3.5740534242092505
0.1510000228881836,0.02500009536743164,0.029999971389770508,0.05200004577636719,0.04399991035461426,0.5332640573077222,7.420650842651587e-17,-1.0665281146154444,1.0665281146154444,-1.533264057307722,-6.466735942692278
0.14300012588500977,0.029999971389770508,0.03900003433227539,0.04700016975402832,0.026999950408935547,4.6825732290239825,0.004184391465605564,-9.36096206658236,9.36933084951357,-5.678388837558377,-2.3132423795104122
0.15400004386901855,0.029999971389770508,0.029999971389770508,0.05200004577636719,0.04200005531311035,3.9575722785518233,0.16398432681122327,-7.751160230292423,8.07912888391487,-4.7935879517406,-2.878443394636953
0.1549999713897705,0.0280001163482666,0.03399991989135742,0.046000003814697266,0.04699993133544922,3.5806307884625967,0.00045990369465568476,-7.160801673230538,7.161721480619849,-4.580170884767941,-3.4189093078427475
0.14800000190734863,0.026999950408935547,0.03500008583068848,0.04999995231628418,0.03600001335144043,2.1421639207545513,0.09907977235521791,-4.185248069153885,4.38340761386432,-3.0430841483993336,-4.7587563068902305
0.14300012588500977,0.0280001163482666,0.02499985694885254,0.04900002479553223,0.0410001277923584,3.4057652224177555,0.008122165543158193,-6.803408279292353,6.819652610378669,-4.397643056874598,-3.5861126120390865
0.16300010681152344,0.032000064849853516,0.029999971389770508,0.03099989891052246,0.07000017166137695,3.785068201073107,0.015505336350867642,-7.554631065795347,7.585641738497081,-4.769562864722239,-3.1994264625760254
0.16100001335144043,0.04700016975402832,0.037999868392944336,0.0410001277923584,0.034999847412109375,4.224663350653011,0.020218860269267273,-8.429107841036755,8.46954556157529,-5.204444490383744,-2.7551177890777216
0.14599990844726562,0.0279998779296875,0.03699994087219238,0.04500007629394531,0.03600001335144043,0.9485252723444955,0.0005747429333865725,-1.8964758017556043,1.8976252876223776,-1.9479505294111088,-6.050899984722118
0.15000009536743164,0.029000043869018555,0.0410001277923584,0.04499983787536621,0.03500008583068848,4.975608096440506,0.0,-9.951216192881011,9.951216192881011,-5.975608096440506,-2.0243919035594944
0.15600013732910156,0.03400015830993652,0.051999807357788086,0.04400014877319336,0.026000022888183594,4.538606600374563,0.07434213371871631,-9.00287106703041,9.151555334467842,-5.464264466655846,-2.3870512659067202
0.1419999599456787,0.026000022888183594,0.037999868392944336,0.05200004577636719,0.026000022888183594,2.1706933835640196,0.00017322759046530073,-4.341213539537574,4.341559994718504,-3.1705201559735543,-4.829133388845515
0.15400004386901855,0.029000043869018555,0.04799985885620117,0.04800009727478027,0.029000043869018555,9.212630658339549e-13,7.420650842651587e-17,-1.842451925159483e-12,1.8426003381763365e-12,-1.0000000000009213,-6.999999999999079
0.14999985694885254,0.029000043869018555,0.037999868392944336,0.051000118255615234,0.031999826431274414,2.370928927346694,0.09907977235521791,-4.64277808233817,4.840937627048605,-3.271849154991476,-4.5299913002980885
0.1419999599456787,0.026000022888183594,0.046000003814697266,0.03900003433227539,0.03099989891052246,4.971865184920448,0.0,-9.943730369840896,9.943730369840896,-5.971865184920448,-2.028134815079552
0.16199994087219238,0.0279998779296875,0.03699994087219238,0.06400012969970703,0.03299999237060547,7.569500581894317e-13,7.420650842651587e-17,-1.513825909870437e-12,1.51397432288729e-12,-1.000000000000757,-6.999999999999243
0.1679999828338623,0.03500008583068848,0.06599998474121094,0.039999961853027344,0.026999950408935547,2.606762817028569,0.08486890336597766,-5.12865673069116,5.298394537423116,-3.5218939136625913,-4.308368279605453
0.1380000114440918,0.040000200271606445,0.03699994087219238,0.03399991989135742,0.026999950408935547,1.9240165016753963e-13,0.28416728074930625,0.28416728074892145,0.28416728074969105,-0.7158327192508862,-6.715832719250502
0.1419999599456787,0.03399991989135742,0.03399991989135742,0.042999982833862305,0.031000137329101562,0.00022146931509026135,2.380877046238245e-5,-0.0004191298597181403,0.00046674740064290513,-1.0001976605446279,-6.999754721914448
0.14899992942810059,0.031000137329101562,0.04399991035461426,0.037999868392944336,0.03600001335144043,1.2723047021718905,0.0005053870675764586,-2.5441040172762044,2.5451147914113577,-2.271799315104314,-5.727189910760533
0.1699998378753662,0.04699993133544922,0.04500007629394531,0.04199981689453125,0.03600001335144043,2.0698518259242693,0.08554725977140107,-4.054156392077138,4.2252509116199395,-2.9843045661528684,-4.84460091430433
0.14699983596801758,0.03699994087219238,0.04200005531311035,0.037999868392944336,0.029999971389770508,2.614930682576746,0.09734192964255842,-5.132519435510933,5.327203294796051,-3.5175887529341874,-4.287727387780695
0.1510000228881836,0.04199981689453125,0.04200005531311035,0.03600001335144043,0.031000137329101562,1.0642814277412658,0.2808595856591586,-1.847703269823373,2.40942244114169,-1.7834218420821073,-5.654858986599576
0.17100000381469727,0.03600001335144043,0.05299997329711914,0.04399991035461426,0.03800010681152344,2.138626836362243,0.08554725977140107,-4.191706412953085,4.362800932495887,-3.053079576590842,-4.775825903866356
0.15199995040893555,0.03600001335144043,0.029000043869018555,0.04900002479553223,0.037999868392944336,0.04834925903727505,7.420650842651587e-17,-0.09669851807455003,0.09669851807455017,-1.048349259037275,-6.951650740962725
0.13399982452392578,0.026000022888183594,0.031999826431274414,0.04800009727478027,0.0279998779296875,1.5523909653843098,0.05893393963948789,-3.045847991129132,3.163715870408107,-2.4934570257448216,-5.388675094976202
0.1640000343322754,0.04200005531311035,0.06399989128112793,0.03400015830993652,0.023999929428100586,1.5523909653843098,0.014665614702103251,-3.090116316066516,3.119447545470723,-2.537725350682207,-5.432943419913587
0.14600014686584473,0.031000137329101562,0.039999961853027344,0.04199981689453125,0.03300023078918457,0.04834925903727505,0.002529217664306291,-0.09416930041024381,0.09922773573885639,-1.0458200413729688,-6.949121523298419
0.16499996185302734,0.03099989891052246,0.04200005531311035,0.05299997329711914,0.03900003433227539,0.9577471660918717,0.057597358153195055,-1.8578969740305484,1.9730916903369384,-1.9001498079386767,-5.984655475754933
0.16700005531311035,0.032000064849853516,0.06200003623962402,0.04699993133544922,0.026000022888183594,4.322482743475985,0.025876870347626382,-8.619088616604342,8.670842357299597,-5.2966058731283585,-2.651640386176389
0.1490001678466797,0.037000179290771484,0.04399991035461426,0.04399991035461426,0.024000167846679688,3.9575722785518233,0.00022550676812836679,-7.914919050335518,7.915370063871775,-4.957346771783695,-3.0422022146800485
0.1510000228881836,0.0409998893737793,0.04700016975402832,0.03099989891052246,0.032000064849853516,3.4057652224177555,0.0020284938679870287,-6.809501950967524,6.813558938703498,-4.403736728549768,-3.5922062837142574
0.16100001335144043,0.0410001277923584,0.05299997329711914,0.034999847412109375,0.032000064849853516,4.999999999999998,0.06297633345252629,-9.93702366654747,10.062976333452523,-5.937023666547472,-1.9370236665474758
0.1510000228881836,0.03299999237060547,0.046000003814697266,0.040000200271606445,0.031999826431274414,1.5523909653843098,0.03521597515672447,-3.0695659556118953,3.139997905925344,-2.517174990227585,-5.4123930594589655
0.1510000228881836,0.04200005531311035,0.04800009727478027,0.03299999237060547,0.0279998779296875,7.569500581894317e-13,0.07002645902036438,0.07002645901885048,0.07002645902187828,-0.9299735409803925,-6.929973540978879
0.1549999713897705,0.042999982833862305,0.04200005531311035,0.032000064849853516,0.037999868392944336,2.7850568199288146,0.07375705820587145,-5.4963565816517574,5.643870698063501,-3.7112997617229433,-4.141186121865314
0.15400004386901855,0.03600001335144043,0.03800010681152344,0.042999982833862305,0.03699994087219238,0.04834925903727505,7.420650842651587e-17,-0.09669851807455003,0.09669851807455017,-1.048349259037275,-6.951650740962725
0.14600014686584473,0.0280001163482666,0.03099989891052246,0.04700016975402832,0.039999961853027344,0.052890390606839865,0.4143318986225671,0.30855111740888735,0.5201126798362468,-0.6385584919842728,-6.532777710770593
0.15000009536743164,0.029999971389770508,0.03800010681152344,0.04999995231628418,0.032000064849853516,1.7370831746245396,0.014490302010868334,-3.459676047238211,3.4886566512599475,-2.7225928726136712,-5.248426523364592
0.1510000228881836,0.02499985694885254,0.02700018882751465,0.0559999942779541,0.042999982833862305,4.137726601166914,0.026052183039341533,-8.249401019294487,8.30150538537317,-5.111674418127572,-2.836221215793744
0.15799999237060547,0.032000064849853516,0.04399991035461426,0.05200004577636719,0.029999971389770508,2.0669733221553477,0.13266257176994198,-4.001284072540753,4.266609216080638,-2.934310750385406,-4.80036410607471
0.15899991989135742,0.026000022888183594,0.06199979782104492,0.04200005531311035,0.029000043869018555,3.4057652224177555,0.0020284938679870287,-6.809501950967524,6.813558938703498,-4.403736728549768,-3.5922062837142574
0.15399980545043945,0.026999950408935547,0.05200004577636719,0.04799985885620117,0.026999950408935547,5.0,0.0010843804317333641,-9.998915619568267,10.001084380431733,-5.998915619568266,-1.9989156195682662
0.15700006484985352,0.0279998779296875,0.0410001277923584,0.04799985885620117,0.040000200271606445,3.4057652224177555,4.562627785899265e-5,-6.811484818557652,6.81157607111337,-4.405719596139896,-3.5941891513043855
0.15200018882751465,0.03299999237060547,0.05500006675720215,0.03500008583068848,0.029000043869018555,3.9575722785518233,0.5173917229659606,-7.397752834137686,8.432536280069607,-4.440180555585862,-2.525035998482216
0.1549999713897705,0.03299999237060547,0.04200005531311035,0.04699993133544922,0.03299999237060547,3.9575722785518233,0.029152882714373093,-7.885991674389273,7.94429743981802,-4.92841939583745,-3.0132748387338038
0.1659998893737793,0.04799985885620117,0.04500007629394531,0.037999868392944336,0.03500008583068848,4.289365310215155,0.0001402792524311941,-8.578590341177879,8.578870899682741,-5.289225030962724,-2.710494410532414
0.15400004386901855,0.026000022888183594,0.023000001907348633,0.05900001525878906,0.046000003814697266,4.974382702078082,0.0005747429333865725,-9.948190661222778,9.94934014708955,-5.973807959144696,-2.0250425549885316
0.14700007438659668,0.0279998779296875,0.03600001335144043,0.042999982833862305,0.040000200271606445,0.9292845388409803,0.0,-1.8585690776819606,1.8585690776819606,-1.9292845388409803,-6.07071546115902
0.1679999828338623,0.042999982833862305,0.04999995231628418,0.04500007629394531,0.029999971389770508,0.5411774006143145,0.0036125668955039776,-1.078742234333125,1.085967368124133,-1.5375648337188106,-6.455210032490181
0.15399980545043945,0.0279998779296875,0.04800009727478027,0.05099987983703613,0.026999950408935547,4.322482743475985,0.02300988827398562,-8.621955598677983,8.667975375225955,-5.299472855201999,-2.6545073682500293
0.15199995040893555,0.031999826431274414,0.05000019073486328,0.04199981689453125,0.0280001163482666,4.008780430419521,0.08314715062405241,-7.93441371021499,8.100708011463094,-4.925633279795469,-2.9080724189564267
0.14100003242492676,0.02200007438659668,0.04999995231628418,0.04500007629394531,0.023999929428100586,0.14127961835570113,7.420650842651587e-17,-0.2825592367114022,0.2825592367114023,-1.141279618355701,-6.858720381644299
0.15199995040893555,0.03099989891052246,0.0410001277923584,0.04699993133544922,0.03299999237060547,1.3050047402772995,0.2026161706269407,-2.4073933099276585,2.8126256511815395,-2.102388569650359,-5.49237908909576
0.14400005340576172,0.026999950408935547,0.03900003433227539,0.04399991035461426,0.03400015830993652,1.5523909653843098,0.014665614702103251,-3.090116316066516,3.119447545470723,-2.537725350682207,-5.432943419913587
0.15599989891052246,0.029999971389770508,0.04500007629394531,0.051999807357788086,0.029000043869018555,2.7850568199288146,0.07375705820587145,-5.4963565816517574,5.643870698063501,-3.7112997617229433,-4.141186121865314
0.15399980545043945,0.031999826431274414,0.0410001277923584,0.046000003814697266,0.034999847412109375,2.7850568199288146,0.038531716540559785,-5.531581923317069,5.608645356398189,-3.746525103388255,-4.176411463530625
0.14899992942810059,0.037999868392944336,0.03299999237060547,0.039999961853027344,0.03800010681152344,2.111112777148762,0.050970146674499256,-4.171255407623025,4.273195700972024,-3.060142630474263,-4.837917076176739
0.15599989891052246,0.03299999237060547,0.04199981689453125,0.03800010681152344,0.042999982833862305,4.368688951128019,0.06850913559252078,-8.668868766663516,8.805887037848558,-5.300179815535498,-2.5628019132794604
0.1549999713897705,0.02500009536743164,0.04199981689453125,0.04400014877319336,0.04399991035461426,2.0629684516824343,0.32103560690539834,-3.8049012964594704,4.446972510270267,-2.741932844777036,-4.615995941412168
0.16000008583068848,0.02700018882751465,0.03900003433227539,0.05499982833862305,0.03900003433227539,4.322482743475985,0.07342716920786908,-8.5715383177441,8.718392656159839,-5.249055574268116,-2.6040900873161466
0.15400004386901855,0.029000043869018555,0.04200005531311035,0.04200005531311035,0.0409998893737793,2.905218512887804,0.02168469729325697,-5.78875232848235,5.832121723068865,-3.883533815594547,-4.073096789818939
0.15799999237060547,0.04700016975402832,0.037999868392944336,0.03500008583068848,0.037999868392944336,4.999999999999999,0.001872049934952047,-9.998127950065046,10.001872049934951,-5.998127950065047,-1.998127950065049
0.14499998092651367,0.0409998893737793,0.04400014877319336,0.03299999237060547,0.026000022888183594,4.368688951128019,0.06807078220781214,-8.669307120048225,8.80544868446385,-5.300618168920207,-2.5632402666641694
0.14800000190734863,0.03500008583068848,0.04799985885620117,0.03900003433227539,0.026000022888183594,3.2355200500641437,2.2685916100244645e-6,-6.471037831536678,6.471042368719897,-4.2355177814725335,-3.764477681344246
0.15599989891052246,0.037999868392944336,0.04800009727478027,0.0409998893737793,0.029000043869018555,4.368688951128019,0.02945720931479609,-8.707920692941242,8.766835111570833,-5.339231741813222,-2.601853839557185
0.15700006484985352,0.03800010681152344,0.04699993133544922,0.029999971389770508,0.04200005531311035,4.35092522064305,0.012464550804714897,-8.689385890481384,8.714314992090815,-5.338460669838335,-2.636610228552235
0.1529998779296875,0.0409998893737793,0.04800009727478027,0.034999847412109375,0.029000043869018555,2.5510585627621207,0.02300988827398562,-5.0791072372502555,5.125127013798227,-3.528048674488135,-4.425931548963893
0.1659998893737793,0.06199979782104492,0.0410001277923584,0.03299999237060547,0.029999971389770508,6.686873277317318e-13,7.420650842651587e-17,-1.337300448955037e-12,1.33744886197189e-12,-1.0000000000006686,-6.999999999999331
0.1529998779296875,0.03900003433227539,0.0559999942779541,0.03299999237060547,0.02499985694885254,2.5510585627621207,0.022163065529145685,-5.079954059995096,5.124280191053387,-3.528895497232975,-4.426778371708734
0.1510000228881836,0.03099989891052246,0.04900002479553223,0.039999961853027344,0.031000137329101562,0.5490679679551403,0.0018914888867607622,-1.09624444702352,1.1000274247970414,-1.5471764790683795,-6.449040543158099
0.17499995231628418,0.03399991989135742,0.0559999942779541,0.05000019073486328,0.034999847412109375,1.6048300823288946,0.009006770344964214,-3.200653394312825,3.2186669350027532,-2.5958233119839305,-5.386163147326141
0.12000012397766113,0.03000020980834961,0.03299999237060547,0.02499985694885254,0.032000064849853516,2.3891295311467884,0.022988054605638995,-4.755271007687938,4.801247116899216,-3.3661414765411495,-4.587882414247573
0.15199995040893555,0.029000043869018555,0.029000043869018555,0.05099987983703613,0.042999982833862305,3.2763075211519617,2.7545408030229743e-5,-6.552587496895893,6.552642587711953,-4.276279975743932,-3.7236649334400083
0.16499996185302734,0.03099989891052246,0.03900003433227539,0.06299996376037598,0.032000064849853516,0.07133967765383342,0.0037013357918323437,-0.1389780195158345,0.1463806910994992,-1.067638341862001,-6.924958986554334
0.1639997959136963,0.031999826431274414,0.04800009727478027,0.05200004577636719,0.031999826431274414,2.9138666517839362,0.038531716540559785,-5.789201587027312,5.8662650201084325,-3.8753349352433766,-4.047601631675504
0.13899993896484375,0.023000001907348633,0.0409998893737793,0.046000003814697266,0.029000043869018555,2.4095505384290856,0.02300988827398562,-4.796091188584185,4.842110965132157,-3.3865406501551,-4.567439573296928
0.16100001335144043,0.0280001163482666,0.042999982833862305,0.05099987983703613,0.03900003433227539,2.5107560969191685,0.02300988827398562,-4.998502305564351,5.044522082112323,-3.487746208645183,-4.466234014806846
0.14299988746643066,0.03600001335144043,0.039999961853027344,0.03900003433227539,0.0279998779296875,4.709304761135357,0.0,-9.418609522270714,9.418609522270714,-5.709304761135357,-2.290695238864643
0.14100003242492676,0.029999971389770508,0.04500007629394531,0.03800010681152344,0.0279998779296875,0.7437946995723717,0.07118354826405307,-1.4164058508806903,1.5587729474087963,-1.6726111513083186,-6.185021752163575
0.15200018882751465,0.037000179290771484,0.04199981689453125,0.04400014877319336,0.029000043869018555,2.4202861936828413e-14,7.420650842651587e-17,-4.833151736523031e-14,4.847993038208334e-14,-1.0000000000000242,-6.999999999999976
0.1530001163482666,0.0280001163482666,0.04900002479553223,0.04399991035461426,0.032000064849853516,4.4780123618744625,0.0,-8.956024723748925,8.956024723748925,-5.4780123618744625,-2.5219876381255375
0.1529998779296875,0.03800010681152344,0.03899979591369629,0.037000179290771484,0.03899979591369629,6.686873277317318e-13,7.420650842651587e-17,-1.337300448955037e-12,1.33744886197189e-12,-1.0000000000006686,-6.999999999999331
0.14600014686584473,0.02700018882751465,0.039999961853027344,0.039999961853027344,0.03900003433227539,0.5253746881455924,0.0005747429333865725,-1.0501746333577981,1.0513241192245715,-1.5247999452122059,-6.474050568921021
0.1660001277923584,0.031000137329101562,0.04799985885620117,0.051000118255615234,0.03600001335144043,4.858049539248521,0.0,-9.716099078497042,9.716099078497042,-5.858049539248521,-2.141950460751479
0.14299988746643066,0.03800010681152344,0.037999868392944336,0.0410001277923584,0.025999784469604492,4.458743394713995,0.3263055145120629,-8.591181274915927,9.243792303940053,-5.132437880201932,-2.2149510907739423
0.14899992942810059,0.03299999237060547,0.03399991989135742,0.046000003814697266,0.03600001335144043,0.2650287444127837,0.0037013357918323437,-0.5263561530337351,0.5337588246173997,-1.2613274086209514,-6.731269919795384
0.1490001678466797,0.029000043869018555,0.03800010681152344,0.046000003814697266,0.03600001335144043,6.686873277317318e-13,7.420650842651587e-17,-1.337300448955037e-12,1.33744886197189e-12,-1.0000000000006686,-6.999999999999331
0.14400005340576172,0.0279998779296875,0.03900003433227539,0.04200005531311035,0.03500008583068848,4.471365034525041,0.03547786174898804,-8.907252207301093,8.978207930799071,-5.435887172776053,-2.493157103725971
0.1490001678466797,0.031000137329101562,0.042999982833862305,0.042999982833862305,0.032000064849853516,4.443439698466854,0.02300988827398562,-8.863869508659722,8.909889285207694,-5.420429810192868,-2.53355041325916
0.14999985694885254,0.026000022888183594,0.039999961853027344,0.04500007629394531,0.03899979591369629,2.4202861936828413e-14,0.29786263530301743,0.297862635302969,0.29786263530306584,-0.7021373646970068,-6.702137364696958
0.15599989891052246,0.04399991035461426,0.031000137329101562,0.03899979591369629,0.04200005531311035,0.5988025312888491,0.0576753670156569,-1.1399296955620413,1.255280429593355,-1.5411271642731923,-6.343522101695494
0.14899992942810059,0.03399991989135742,0.0410001277923584,0.03800010681152344,0.03599977493286133,2.111112777148762,0.03610091955011404,-4.186124634747411,4.258326473847638,-3.075011857598648,-4.852786303301124
0.1529998779296875,0.03900003433227539,0.03399991989135742,0.042999982833862305,0.03699994087219238,0.1294458555870065,0.0005818557648846865,-0.2583098554091283,0.25947356693889767,-1.128863999822122,-6.869972288648109
0.1549999713897705,0.03099989891052246,0.0409998893737793,0.04800009727478027,0.03500008583068848,0.18379130026641388,3.952275816358189e-6,-0.3675786482570114,0.3675865528086441,-1.1837873479905976,-6.816204747457769
0.14400005340576172,0.03099989891052246,0.037000179290771484,0.0409998893737793,0.03500008583068848,1.732032956351545,0.009006770344964214,-3.455059142358126,3.4730726830480543,-2.7230261860065808,-5.258960273303491
0.15199995040893555,0.032000064849853516,0.042999982833862305,0.04799985885620117,0.029000043869018555,0.6755474874131663,0.04417253012184943,-1.3069224447044832,1.395267504948182,-1.631374957291317,-6.280279982464984
0.1509997844696045,0.034999847412109375,0.03299999237060547,0.05500006675720215,0.0279998779296875,1.4765966227514582e-14,7.420650842651587e-17,-2.945772594660265e-14,2.960613896345568e-14,-1.0000000000000147,-6.999999999999985
0.14800000190734863,0.026999950408935547,0.03699994087219238,0.05200004577636719,0.032000064849853516,0.6419281557607994,0.04417253012184943,-1.2396837813997494,1.3280288416434483,-1.59775562563895,-6.313899314117351
0.14700007438659668,0.03600001335144043,0.04200005531311035,0.03900003433227539,0.029999971389770508,1.586010324032134,0.014665614702103251,-3.1573550333621645,3.1866862627663712,-2.571344709330031,-5.399324061265763
0.1529998779296875,0.029999971389770508,0.042999982833862305,0.042999982833862305,0.03699994087219238,1.3856274129329136,0.19175886025474898,-2.5794959656110783,2.963013686120576,-2.1938685526781647,-5.4226137268123376
0.1550002098083496,0.037000179290771484,0.03699994087219238,0.04699993133544922,0.03400015830993652,0.5041912200451005,0.3725008298627632,-0.6358816102274378,1.3808832699529643,-1.1316903901823374,-6.123307950092136
0.1419999599456787,0.03600001335144043,0.03900003433227539,0.0409998893737793,0.026000022888183594,2.111112777148762,0.03610091955011404,-4.186124634747411,4.258326473847638,-3.075011857598648,-4.852786303301124
0.14699983596801758,0.028999805450439453,0.03400015830993652,0.039999961853027344,0.04399991035461426,1.701664066368258,0.21328580611542736,-3.190042326621089,3.6166139388519434,-2.488378260252831,-5.085050127516315
0.1529998779296875,0.026999950408935547,0.042999982833862305,0.04399991035461426,0.03900003433227539,1.3853880133479612,0.31141210754598336,-2.459363919149939,3.082188134241906,-2.0739759058019778,-5.303199879106055
0.1490001678466797,0.032000064849853516,0.03600001335144043,0.04699993133544922,0.03400015830993652,0.274546701280761,7.420650842651587e-17,-0.5490934025615218,0.5490934025615221,-1.274546701280761,-6.725453298719239
0.14399981498718262,0.02499985694885254,0.042999982833862305,0.03900003433227539,0.03699994087219238,4.999999999999998,0.14098146380527865,-9.859018536194718,10.140981463805275,-5.85901853619472,-1.8590185361947231
0.14699983596801758,0.026000022888183594,0.0279998779296875,0.04700016975402832,0.045999765396118164,4.999999999999998,0.0,-9.999999999999996,9.999999999999996,-5.999999999999998,-2.0000000000000018
0.14899992942810059,0.03500008583068848,0.034999847412109375,0.04200005531311035,0.03699994087219238,2.0939347044812573,0.01915404696619801,-4.168715361996316,4.207023455928713,-3.0747806575150594,-4.886911248552545
0.14599990844726562,0.0279998779296875,0.03699994087219238,0.0410001277923584,0.039999961853027344,1.8812822297371348,0.19175886025474898,-3.5708055992195207,3.9543233197290184,-2.689523369482386,-4.926958910008116
0.1530001163482666,0.03500008583068848,0.04200005531311035,0.04199981689453125,0.03400015830993652,1.773046837163581,0.03610091955011404,-3.509992754777048,3.582194593877276,-2.736945917613467,-5.1908522432863045
0.15600013732910156,0.03699994087219238,0.04700016975402832,0.04199981689453125,0.03000020980834961,1.7392115575649052,0.009006770344964214,-3.4694163447848463,3.4874298854747745,-2.7302047872199413,-5.2517816720901305
0.15700006484985352,0.029999971389770508,0.03800010681152344,0.05799984931945801,0.031000137329101562,0.673038092640917,0.00042075000796428647,-1.3456554352738697,1.3464969352897982,-1.6726173426329527,-6.3265411573511185
0.14299988746643066,0.03600001335144043,0.032000064849853516,0.037999868392944336,0.03699994087219238,0.3647017043817483,7.420650842651587e-17,-0.7294034087634965,0.7294034087634967,-1.3647017043817482,-6.635298295618251
0.1699998378753662,0.029999971389770508,0.056999921798706055,0.04500007629394531,0.03699994087219238,3.6819418086215885,0.02300988827398562,-7.340873728969191,7.386893505517163,-4.658931920347603,-3.295048303104426
0.1399998664855957,0.03299999237060547,0.039999961853027344,0.037999868392944336,0.029000043869018555,4.443446673910398,0.001258581254917044,-8.88563476656588,8.888151929075713,-5.442188092655481,-2.5552947448346846
0.1490001678466797,0.026000022888183594,0.03400015830993652,0.04999995231628418,0.03900003433227539,4.309756757686146,0.07224086302214085,-8.54727265235015,8.691754378394434,-5.237515894664005,-2.6180023792917133
0.1530001163482666,0.02500009536743164,0.04199981689453125,0.0559999942779541,0.03000020980834961,3.510081657864978,0.02300988827398562,-6.99715342745597,7.043173204003942,-4.487071769590992,-3.4669084538610364
0.14600014686584473,0.0280001163482666,0.03699994087219238,0.05099987983703613,0.03000020980834961,1.4765966227514582e-14,0.023065662343454862,0.02306566234342533,0.023065662343484394,-0.9769343376565599,-6.97693433765653
0.14299988746643066,0.026999950408935547,0.04200005531311035,0.04499983787536621,0.029000043869018555,1.3856274129329136,0.17191693882387965,-2.5993378870419477,2.9431717646897066,-2.2137104741090337,-5.4424556482432065
0.15799999237060547,0.0279998779296875,0.03600001335144043,0.05299997329711914,0.0410001277923584,3.79952273365307,0.015086901795273697,-7.583958565510867,7.614132369101413,-4.784435831857796,-3.1853903645516564
0.15700006484985352,0.03299999237060547,0.04500007629394531,0.042999982833862305,0.03600001335144043,3.2404632548552055,0.02300988827398562,-6.457916621436425,6.503936397984397,-4.2174533665812195,-3.736526856870809
0.1419999599456787,0.032000064849853516,0.042999982833862305,0.03600001335144043,0.03099989891052246,1.199040866595169e-14,7.420650842651587e-17,-2.3906610823476867e-14,2.4055023840329896e-14,-1.000000000000012,-6.999999999999988
0.1530001163482666,0.03600001335144043,0.03299999237060547,0.051000118255615234,0.03299999237060547,2.2619071926082914,0.03610091955011404,-4.487713465666469,4.5599153047666965,-3.2258062730581774,-4.7019918878415945
0.16000008583068848,0.029999971389770508,0.051000118255615234,0.04200005531311035,0.03699994087219238,0.4978817410459022,7.420650842651587e-17,-0.9957634820918043,0.9957634820918045,-1.4978817410459022,-6.502118258954098
0.1360001564025879,0.032000064849853516,0.03399991989135742,0.03299999237060547,0.037000179290771484,0.11783844817131439,7.420650842651587e-17,-0.2356768963426287,0.23567689634262887,-1.1178384481713144,-6.882161551828686
0.14599990844726562,0.0279998779296875,0.0410001277923584,0.03900003433227539,0.037999868392944336,0.7411167161282141,0.0005747429333865725,-1.4816586893230415,1.4828081751898148,-1.7405419731948275,-6.258308540938399
0.16499996185302734,0.0279998779296875,0.042999982833862305,0.054000139236450195,0.039999961853027344,1.4765966227514582e-14,0.07777492278522409,0.07777492278519456,0.07777492278525362,-0.9222250772147906,-6.922225077214761
0.1419999599456787,0.026000022888183594,0.03699994087219238,0.04799985885620117,0.031000137329101562,1.4301482377522614,0.17191693882387965,-2.6883795366806433,3.0322134143284023,-2.258231298928382,-5.397934823423859
0.14499998092651367,0.029999971389770508,0.04700016975402832,0.04399991035461426,0.023999929428100586,0.4643381547004075,0.008992558290202698,-0.9196837511106123,0.9376688676910178,-1.455345596410205,-6.52666928700939
0.14999985694885254,0.0279998779296875,0.037000179290771484,0.03399991989135742,0.05099987983703613,3.2404632548552055,0.02300988827398562,-6.457916621436425,6.503936397984397,-4.2174533665812195,-3.736526856870809
0.15399980545043945,0.0279998779296875,0.04999995231628418,0.03800010681152344,0.037999868392944336,2.1300847645565715,0.17191693882387965,-4.0882525902892635,4.432086467937022,-2.9581678257326915,-4.697998296619549
0.15199995040893555,0.039999961853027344,0.042999982833862305,0.04200005531311035,0.026999950408935547,4.555386066266973,0.000692269945291455,-9.110079862588654,9.111464402479237,-5.554693796321681,-2.4439216637877355
0.1399998664855957,0.04199981689453125,0.03299999237060547,0.03299999237060547,0.032000064849853516,4.538191271043168,0.001258581254917044,-9.07512396083142,9.077641123341252,-5.536932689788251,-2.460550147701915
0.1640000343322754,0.042999982833862305,0.051000118255615234,0.03600001335144043,0.03399991989135742,4.999999999999998,0.1808395794835973,-9.819160420516399,10.180839579483594,-5.8191604205164005,-1.819160420516404
0.1679999828338623,0.03399991989135742,0.05299997329711914,0.046000003814697266,0.03500008583068848,4.07375182915959,0.06335214231994965,-8.084151515999231,8.21085580063913,-5.010399686839641,-2.86289602852046
0.13700008392333984,0.032000064849853516,0.04699993133544922,0.032000064849853516,0.026000022888183594,2.1271734136425042,0.014988743171230522,-4.239358084113778,4.269335570456239,-3.1121846704712737,-4.857837843186266
0.15199995040893555,0.029999971389770508,0.046000003814697266,0.04700016975402832,0.028999805450439453,4.322482743475985,0.0033381589073730768,-8.641627328044596,8.648303645859343,-5.319144584568612,-2.6741790976166424
0.14700007438659668,0.026000022888183594,0.04499983787536621,0.04900002479553223,0.02700018882751465,4.941717461775887,0.010070835403255004,-9.87336408814852,9.89350575895503,-5.931646626372633,-2.0482117028208577
0.15199995040893555,0.032000064849853516,0.03600001335144043,0.04499983787536621,0.03900003433227539,0.41625988158187566,0.031987440224752306,-0.800532322938999,0.8645072033885036,-1.3842724413571235,-6.551752678193372
0.1510000228881836,0.02500009536743164,0.03800010681152344,0.051999807357788086,0.03600001335144043,4.999999999999998,0.0010492475579597788,-9.998950752442036,10.001049247557956,-5.998950752442038,-1.9989507524420418
0.14599990844726562,0.03099989891052246,0.03299999237060547,0.0410001277923584,0.0409998893737793,2.0691765148893744,0.03580437996285632,-4.102548649815892,4.174157409741605,-3.033372134926518,-4.895019105147769
0.14100003242492676,0.03099989891052246,0.02700018882751465,0.03899979591369629,0.04400014877319336,1.4895766068966547,0.16427949917748702,-2.8148737146158225,3.1434327129707964,-2.3252971077191678,-5.346143893925858
0.1640000343322754,0.04500007629394531,0.0410001277923584,0.039999961853027344,0.037999868392944336,4.813091458045325,0.22125513452527956,-9.404927781565371,9.84743805061593,-5.591836323520045,-1.9656534074293948
0.16100001335144043,0.039999961853027344,0.03900003433227539,0.04500007629394531,0.03699994087219238,1.2857252839015223,0.17191693882387965,-2.399533628979165,2.743367506626924,-2.1138083450776426,-5.5423577772745976
0.14800000190734863,0.0280001163482666,0.03800010681152344,0.04999995231628418,0.031999826431274414,1.199040866595169e-14,7.420650842651587e-17,-2.3906610823476867e-14,2.4055023840329896e-14,-1.000000000000012,-6.999999999999988
0.14599990844726562,0.03299999237060547,0.037999868392944336,0.04400014877319336,0.03099989891052246,4.07375182915959,0.24214109693710492,-7.905362561382076,8.389644755256287,-4.831610732222486,-2.684107073903305
0.15400004386901855,0.03800010681152344,0.03500008583068848,0.04799985885620117,0.03299999237060547,0.9485252723444955,0.0005747429333865725,-1.8964758017556043,1.8976252876223776,-1.9479505294111088,-6.050899984722118
0.1510000228881836,0.031000137329101562,0.034999847412109375,0.05500006675720215,0.029999971389770508,4.824738097835473,0.22125513452527956,-9.428221061145667,9.870731330196225,-5.603482963310194,-1.9540067676392479
0.18700003623962402,0.03000020980834961,0.05099987983703613,0.03500008583068848,0.0709998607635498,4.65307236880291,0.20912769491538297,-9.097017042690437,9.515272432521202,-5.443944673887527,-2.1377999362817075
0.17499995231628418,0.051999807357788086,0.05299997329711914,0.037000179290771484,0.03299999237060547,3.257519298249475,0.009903560432236478,-6.505135036066714,6.5249421569311865,-4.247615737817238,-3.732577141318288
0.2330000400543213,0.08500003814697266,0.059999942779541016,0.04200005531311035,0.046000003814697266,4.813091458045325,0.18639611912388765,-9.439786796966763,9.812579035214538,-5.626695338921437,-2.000512422830787
0.19800019264221191,0.05300021171569824,0.05899977684020996,0.04900002479553223,0.037000179290771484,1.476133251353835,0.16427949917748702,-2.787987003530183,3.116546001885157,-2.311853752176348,-5.359587249468678
0.1979999542236328,0.056999921798706055,0.05800008773803711,0.03699994087219238,0.046000003814697266,4.824677612716382,0.006764115607215682,-9.642591109825549,9.656119341039979,-5.817913497109166,-2.1685582716764022
0.182999849319458,0.06099987030029297,0.03900003433227539,0.04200005531311035,0.0409998893737793,2.0691765148893744,0.03580437996285632,-4.102548649815892,4.174157409741605,-3.033372134926518,-4.895019105147769
0.15700006484985352,0.0409998893737793,0.03500008583068848,0.042999982833862305,0.03800010681152344,2.2619071926082914,0.03610091955011404,-4.487713465666469,4.5599153047666965,-3.2258062730581774,-4.7019918878415945
0.16700005531311035,0.04200005531311035,0.046000003814697266,0.04200005531311035,0.03699994087219238,0.4717197193378634,1.0113354601217472,0.06789602144602047,1.954774898797474,-0.46038425921611614,-5.51694482054039
0.18199992179870605,0.03900003433227539,0.04800009727478027,0.053999900817871094,0.0409998893737793,4.65307236880291,0.06041162774176778,-9.245733109864052,9.366556365347588,-5.592660741061142,-2.286516003455322
0.1549999713897705,0.039999961853027344,0.046000003814697266,0.03600001335144043,0.03299999237060547,3.4926678029161207,0.02300988827398562,-6.962325717558255,7.008345494106227,-4.469657914642135,-3.484322308809894
0.1380000114440918,0.03900003433227539,0.039999961853027344,0.03399991989135742,0.02500009536743164,0.682006214983193,0.00022509915363257832,-1.3637873308127535,1.3642375291200186,-1.6817811158295606,-6.317768685863174
0.13499999046325684,0.026000022888183594,0.046000003814697266,0.03699994087219238,0.026000022888183594,0.9485252723444955,0.36345217518238493,-1.533598369506606,2.2605027198713756,-1.5850730971621105,-5.68802255247312
0.1530001163482666,0.04500007629394531,0.039999961853027344,0.039999961853027344,0.0280001163482666,2.0691765148893744,0.308285518319693,-3.8300675114590557,4.446638548098441,-2.7608909965696813,-4.622537966790933
0.1529998779296875,0.03399991989135742,0.03299999237060547,0.04500007629394531,0.0409998893737793,3.79952273365307,0.0024838739687199386,-7.5965615933374195,7.60152934127486,-4.79703885968435,-3.1979933923782102
0.15899991989135742,0.03600001335144043,0.046000003814697266,0.04399991035461426,0.03299999237060547,3.0239782220282962,0.2071157539930811,-5.840840690063511,6.255072198049674,-3.816862468035215,-3.7689060239786225
0.14700007438659668,0.031000137329101562,0.04199981689453125,0.03900003433227539,0.03500008583068848,0.049505762005437104,7.420650842651587e-17,-0.09901152401087414,0.09901152401087428,-1.049505762005437,-6.950494237994563
0.15199995040893555,0.03299999237060547,0.03600001335144043,0.04400014877319336,0.03899979591369629,1.4696411609248217,0.0005747429333865725,-2.9387075789162567,2.93985706478303,-2.469066417991435,-5.529784096141792
0.13899993896484375,0.023999929428100586,0.03600001335144043,0.042999982833862305,0.03600001335144043,4.999999999999999,0.0,-9.999999999999998,9.999999999999998,-5.999999999999999,-2.000000000000001
0.16100001335144043,0.03099989891052246,0.042999982833862305,0.05300021171569824,0.03399991989135742,2.445979666139054,0.03610091955011404,-4.8558584127279945,4.928060251828222,-3.40987874658894,-4.517919414310832
0.15199995040893555,0.032000064849853516,0.04200005531311035,0.04499983787536621,0.03299999237060547,2.978505654391025,0.2071157539930811,-5.749895554788969,6.1641270627751314,-3.771389900397944,-3.8143785916158937
0.14100003242492676,0.031999826431274414,0.04500007629394531,0.03900003433227539,0.02500009536743164,3.237815844328184,0.6098558928918908,-5.865775795764478,7.085487581548259,-3.6279599514362935,-3.152328262779925
0.15400004386901855,0.03399991989135742,0.03600001335144043,0.04500007629394531,0.03900003433227539,1.199040866595169e-14,0.027651955720319383,0.027651955720295402,0.027651955720343364,-0.9723480442796926,-6.972348044279669
0.15799999237060547,0.03600001335144043,0.04399991035461426,0.04200005531311035,0.03600001335144043,1.4696411609248217,4.275342469330784e-5,-2.93923956842495,2.9393250752743367,-2.4695984075001283,-5.530316085650485
0.1679999828338623,0.04700016975402832,0.04799985885620117,0.03500008583068848,0.037999868392944336,1.199040866595169e-14,7.420650842651587e-17,-2.3906610823476867e-14,2.4055023840329896e-14,-1.000000000000012,-6.999999999999988
0.16299986839294434,0.03699994087219238,0.0409998893737793,0.043000221252441406,0.04199981689453125,4.65307236880291,0.020870569608857914,-9.285274167996961,9.327015307214678,-5.632201799194052,-2.326057061588232
0.1529998779296875,0.0279998779296875,0.026999950408935547,0.0559999942779541,0.04200005531311035,1.4696411609248217,0.0005219406472161334,-2.938760381202427,2.9398042624968594,-2.4691192202776056,-5.529836898427963
0.18000006675720215,0.031000137329101562,0.06500005722045898,0.05499982833862305,0.029000043869018555,4.786063882104659,0.06335214231994965,-9.508775621889368,9.635479906529268,-5.722711739784709,-2.1505839755753913
0.18499994277954102,0.05799984931945801,0.046000003814697266,0.03900003433227539,0.04200005531311035,3.8886592351112625,0.06041162774176778,-7.716906842480757,7.837730097964293,-4.828247607369494,-3.05092913714697
0.16100001335144043,0.037000179290771484,0.046000003814697266,0.042999982833862305,0.03399991989135742,5.0,0.0,-10.0,10.0,-6.0,-2.0
0.16200017929077148,0.03800010681152344,0.04999995231628418,0.0410001277923584,0.03299999237060547,1.199040866595169e-14,0.05948773748265764,0.05948773748263366,0.05948773748268162,-0.9405122625173543,-6.9405122625173306
0.15400004386901855,0.04500007629394531,0.04499983787536621,0.029999971389770508,0.03400015830993652,1.678285916310167,0.09685111295183782,-3.2597207196684965,3.453422945572172,-2.581434803358329,-5.224862970737995
0.14499998092651367,0.03699994087219238,0.026999950408935547,0.037000179290771484,0.04399991035461426,0.9485252723444955,9.185059054161429e-5,-1.8969586940984493,1.8971423952795325,-1.9484334217539538,-6.051382877064963
0.16300010681152344,0.042999982833862305,0.03299999237060547,0.04900002479553223,0.03800010681152344,2.2072821137961407,0.029498513250770547,-4.385065714341511,4.4440627408430515,-3.17778360054537,-4.763219372953088
0.15899991989135742,0.03299999237060547,0.039999961853027344,0.04800009727478027,0.037999868392944336,4.110032502089296,0.06041162774176778,-8.159653376436824,8.28047663192036,-5.049620874347528,-2.829555870168936
0.1269998550415039,0.03399991989135742,0.03099989891052246,0.032000064849853516,0.029999971389770508,4.003755710928532,0.06041162774176778,-7.947099794115296,8.067923049598832,-4.943344083186764,-2.9358326613297
0.20299983024597168,0.06099987030029297,0.05200004577636719,0.04800009727478027,0.04199981689453125,1.9815168531699001,0.20724462577310251,-3.755789080566698,4.170278332112903,-2.7742722273967977,-4.811238521056998
0.15599989891052246,0.03500008583068848,0.039999961853027344,0.04399991035461426,0.03699994087219238,5.0,0.0,-10.0,10.0,-6.0,-2.0
0.1549999713897705,0.03399991989135742,0.04900002479553223,0.046000003814697266,0.026000022888183594,2.9056165934075437,0.6098558928918908,-5.201377293923197,6.421089079706978,-3.295760700515653,-3.4845275137005656
0.1530001163482666,0.026999950408935547,0.051000118255615234,0.042999982833862305,0.032000064849853516,5.329070518200751e-15,7.420650842651587e-17,-1.0583934527974987e-14,1.0732347544828019e-14,-1.0000000000000053,-6.999999999999995
0.15400004386901855,0.032000064849853516,0.039999961853027344,0.04900002479553223,0.03299999237060547,3.6769901139285968,0.6234596105367076,-6.730520617320486,7.977439838393901,-4.053530503391889,-2.699550275534696
0.16499996185302734,0.04500007629394531,0.04799985885620117,0.03500008583068848,0.03699994087219238,0.6612901171829662,0.5433940649562394,-0.7791861694096929,1.8659742993221717,-1.1178960522267267,-5.795315817860795
0.1550002098083496,0.03900003433227539,0.042999982833862305,0.03800010681152344,0.03500008583068848,4.349753137880407,0.06041162774176778,-8.639094648019046,8.759917903502583,-5.289341510138639,-2.5898352343778246
0.16199994087219238,0.03600001335144043,0.05500006675720215,0.037999868392944336,0.03299999237060547,1.199040866595169e-14,7.420650842651587e-17,-2.3906610823476867e-14,2.4055023840329896e-14,-1.000000000000012,-6.999999999999988
0.16299986839294434,0.03099989891052246,0.04699993133544922,0.04900002479553223,0.03600001335144043,3.847955142470549,0.06041162774176778,-7.63549865719933,7.756321912682866,-4.787543514728782,-3.0916332297876834
0.1529998779296875,0.03099989891052246,0.05200004577636719,0.0409998893737793,0.029000043869018555,0.9485252723444955,4.853173366602939e-5,-1.897002012955325,1.897099076422657,-1.9484767406108294,-6.051426195921838
0.1490001678466797,0.029000043869018555,0.04699993133544922,0.04200005531311035,0.031000137329101562,0.9485252723444955,8.03389177336187e-5,-1.8969702057712574,1.8971308836067244,-1.948444933426762,-6.051394388737771
0.12999987602233887,0.0279998779296875,0.037000179290771484,0.03699994087219238,0.0279998779296875,1.199040866595169e-14,0.09473236482237742,0.09473236482235343,0.0947323648224014,-0.9052676351776345,-6.90526763517761
0.14700007438659668,0.0280001163482666,0.03399991989135742,0.046000003814697266,0.03900003433227539,3.6637359812630166e-15,7.420650842651587e-17,-7.253265454099517e-15,7.401678470952549e-15,-1.0000000000000036,-6.9999999999999964
0.15000009536743164,0.03600001335144043,0.04500007629394531,0.042999982833862305,0.026000022888183594,4.910176988655602,0.1326090326583177,-9.687744944652886,9.95296300996952,-5.777567955997284,-1.957213978686081
0.14300012588500977,0.046000003814697266,0.03400015830993652,0.023000001907348633,0.039999961853027344,5.0,0.0,-10.0,10.0,-6.0,-2.0
0.15799999237060547,0.03699994087219238,0.04200005531311035,0.046000003814697266,0.03299999237060547,5.0,0.0,-10.0,10.0,-6.0,-2.0
0.15200018882751465,0.023000001907348633,0.02700018882751465,0.04699993133544922,0.05500006675720215,1.4696411609248217,4.275342469330784e-5,-2.93923956842495,2.9393250752743367,-2.4695984075001283,-5.530316085650485
0.14300012588500977,0.031000137329101562,0.03299999237060547,0.042999982833862305,0.03600001335144043,0.13201439416701688,7.420650842651587e-17,-0.2640287883340337,0.2640287883340338,-1.1320143941670169,-6.867985605832983
0.1549999713897705,0.04200005531311035,0.042999982833862305,0.042999982833862305,0.026999950408935547,3.685127248402182,0.06041162774176778,-7.309842869062596,7.430666124546132,-4.624715620660414,-3.2544611238560504
0.14800000190734863,0.03400015830993652,0.042999982833862305,0.042999982833862305,0.0279998779296875,5.329070518200751e-15,7.420650842651587e-17,-1.0583934527974987e-14,1.0732347544828019e-14,-1.0000000000000053,-6.999999999999995
0.14800000190734863,0.037999868392944336,0.04900002479553223,0.03299999237060547,0.0280001163482666,2.600133838980439,0.5899589929275888,-4.610308685033289,5.790226670888467,-3.01017484605285,-3.8099071680919723
0.16100001335144043,0.03500008583068848,0.042999982833862305,0.04799985885620117,0.03500008583068848,4.516175458292233,0.08534686449294393,-8.947004052091522,9.11769778107741,-5.430828593799289,-2.3984776772148226
0.16499996185302734,0.034999847412109375,0.0410001277923584,0.04799985885620117,0.0410001277923584,0.5648632827702162,0.00022509915363257832,-1.1295014663868,1.129951664694065,-1.5646381836165837,-6.434911618076152
0.14800000190734863,0.031000137329101562,0.037999868392944336,0.042999982833862305,0.03600001335144043,3.896285050795852,0.06041162774176778,-7.732158473849936,7.8529817293334725,-4.8358734230540845,-3.04330332146238
0.16300010681152344,0.029000043869018555,0.04400014877319336,0.04199981689453125,0.04800009727478027,1.504658804059075,0.6250739957763244,-2.3842436123418254,3.6343916038944744,-1.8795848082827504,-4.870267200164601
0.1770000457763672,0.07500004768371582,0.042999982833862305,0.031000137329101562,0.0279998779296875,2.6061523653836454,0.0021075834802579685,-5.210197147287033,5.214412314247548,-3.6040447819033874,-4.391740051136097
0.15700006484985352,0.03400015830993652,0.05099987983703613,0.04200005531311035,0.029999971389770508,4.349753137880407,0.09753439198806693,-8.601971883772748,8.797040667748881,-5.25221874589234,-2.5527124701315254
0.15800023078918457,0.03000020980834961,0.04799985885620117,0.039999961853027344,0.040000200271606445,2.47007549323978,0.5531043682326967,-4.387046618246863,5.493255354712257,-2.9169711250070836,-3.9768201385275233
0.14599990844726562,0.032000064849853516,0.0409998893737793,0.03800010681152344,0.034999847412109375,5.0,0.0,-10.0,10.0,-6.0,-2.0
0.1639997959136963,0.028999805450439453,0.06000018119812012,0.039999961853027344,0.034999847412109375,5.0,0.12011824701687732,-9.879881752983122,10.120118247016878,-5.879881752983123,-1.879881752983123
0.1549999713897705,0.03900003433227539,0.04399991035461426,0.03900003433227539,0.03299999237060547,4.349753137880407,0.2216997912913522,-8.477806484469463,8.921206067052166,-5.128053346589055,-2.42854707082824
0.17200016975402832,0.07000017166137695,0.042999982833862305,0.026999950408935547,0.032000064849853516,2.49424470815043,0.05618885282721642,-4.932300563473643,5.0446782691280765,-3.4380558553232134,-4.4495664390223535
0.15599989891052246,0.032000064849853516,0.046000003814697266,0.0409998893737793,0.03699994087219238,4.509087430811756,0.2710723902201021,-8.74710247140341,9.289247251843614,-5.238015040591654,-2.219840178968142
0.15399980545043945,0.03299999237060547,0.039999961853027344,0.04399991035461426,0.03699994087219238,0.13201439416701688,7.420650842651587e-17,-0.2640287883340337,0.2640287883340338,-1.1320143941670169,-6.867985605832983
0.1640000343322754,0.039999961853027344,0.0409998893737793,0.04900002479553223,0.03400015830993652,4.993814805647819,0.08003472520454816,-9.90759488609109,10.067664336500187,-5.913780080443271,-1.9261504691476325
0.16499996185302734,0.029999971389770508,0.06299996376037598,0.0410001277923584,0.03099989891052246,0.7550784545112456,0.040838736922552465,-1.4693181720999386,1.5509956459450436,-1.714239717588693,-6.204082808566202
0.16300010681152344,0.04500007629394531,0.05299997329711914,0.032000064849853516,0.03299999237060547,3.237815844328184,0.6463764685124311,-5.829255220143937,7.1220081571688,-3.591439375815753,-3.1158076871593847
0.16100001335144043,0.04800009727478027,0.04999995231628418,0.03500008583068848,0.0279998779296875,3.6637359812630166e-15,7.420650842651587e-17,-7.253265454099517e-15,7.401678470952549e-15,-1.0000000000000036,-6.9999999999999964
0.14600014686584473,0.0280001163482666,0.03699994087219238,0.03900003433227539,0.04200005531311035,0.8046722386597966,2.370208690371503e-5,-1.6093207752326897,1.609368179406497,-1.804648536572893,-6.195304059253299
0.15600013732910156,0.03699994087219238,0.042999982833862305,0.040000200271606445,0.03600001335144043,0.13201439416701688,0.019189595401053878,-0.24483919293297987,0.2832183837350876,-1.112824798765963,-6.848796010431929
0.17399978637695312,0.028999805450439453,0.05900001525878906,0.04400014877319336,0.04199981689453125,5.0,2.695116402628483e-7,-9.99999973048836,10.00000026951164,-5.999999730488359,-1.9999997304883594
0.1549999713897705,0.03299999237060547,0.04799985885620117,0.03900003433227539,0.03500008583068848,0.9485252723444955,5.028619673456825e-5,-1.8970002584922563,1.8971008308857256,-1.9484749861477608,-6.05142444145877
0.1549999713897705,0.03699994087219238,0.04800009727478027,0.04200005531311035,0.0279998779296875,4.9697055817506754,0.06041162774176778,-9.878999535759583,9.999822791243119,-5.909293954008907,-1.9698827905075564
0.17100000381469727,0.028999805450439453,0.06800007820129395,0.03800010681152344,0.03500008583068848,4.129499230269079,0.3802593273950151,-7.878739133143144,8.639257787933174,-4.749239902874065,-2.490241442335906
0.15199995040893555,0.0279998779296875,0.04500007629394531,0.04399991035461426,0.03500008583068848,2.4821958408336546,0.0020068658494222236,-4.962384815817887,4.966398547516731,-3.4801889749842325,-4.515797293316924
0.14600014686584473,0.029999971389770508,0.043000221252441406,0.04399991035461426,0.029000043869018555,5.0,0.0445337539258035,-9.955466246074197,10.044533753925803,-5.955466246074197,-1.955466246074197
0.17300009727478027,0.03299999237060547,0.05299997329711914,0.05500006675720215,0.032000064849853516,2.557024593581235,0.0021075834802579685,-5.111941603682212,5.1161567706427284,-3.554917010100977,-4.4408678229385075
0.16300010681152344,0.03900003433227539,0.04900002479553223,0.04399991035461426,0.031000137329101562,5.0,0.0,-10.0,10.0,-6.0,-2.0
0.17100000381469727,0.06300020217895508,0.03899979591369629,0.029000043869018555,0.039999961853027344,5.0,0.0,-10.0,10.0,-6.0,-2.0
0.17199993133544922,0.056999921798706055,0.042999982833862305,0.03800010681152344,0.03399991989135742,4.509087430811756,0.2710723902201021,-8.74710247140341,9.289247251843614,-5.238015040591654,-2.219840178968142
0.14600014686584473,0.04800009727478027,0.03900003433227539,0.03399991989135742,0.02500009536743164,4.509087430811756,0.2573826823956634,-8.760792179227849,9.275557544019176,-5.251704748416093,-2.2335298867925806
0.14700007438659668,0.04200005531311035,0.04900002479553223,0.029000043869018555,0.026999950408935547,1.1328565011421787,4.275342469330784e-5,-2.265670248859664,2.265755755709051,-2.1328137477174853,-5.867100745433127
0.1680002212524414,0.03800010681152344,0.04800009727478027,0.04399991035461426,0.03699994087219238,4.660704010525221,0.18029658328143738,-9.141111437769004,9.501704604331879,-5.480407427243783,-2.1589994061933417
0.1529998779296875,0.034999847412109375,0.04200005531311035,0.04200005531311035,0.03399991989135742,0.15577987220028688,3.933357495566317e-5,-0.3115204108256181,0.31159907797552944,-1.1557405386253312,-6.844180794224758
0.14800000190734863,0.031999826431274414,0.034999847412109375,0.0410001277923584,0.03900003433227539,4.129499230269079,0.3802593273950151,-7.878739133143144,8.639257787933174,-4.749239902874065,-2.490241442335906
0.15000009536743164,0.03500008583068848,0.029999971389770508,0.04399991035461426,0.0410001277923584,3.6637359812630166e-15,7.420650842651587e-17,-7.253265454099517e-15,7.401678470952549e-15,-1.0000000000000036,-6.9999999999999964
0.16299986839294434,0.037999868392944336,0.03400015830993652,0.04699993133544922,0.04399991035461426,5.0,0.0,-10.0,10.0,-6.0,-2.0
0.14100003242492676,0.029000043869018555,0.03600001335144043,0.04800009727478027,0.0279998779296875,2.8566229410606203,0.0019162877114491383,-5.711329594409792,5.7151621698326895,-3.8547066533491714,-4.141460771227931
0.14399981498718262,0.028999805450439453,0.023000001907348633,0.046000003814697266,0.046000003814697266,1.202279350760866,4.1771554753954054e-5,-2.404516929966978,2.404600473076486,-2.2022375792061117,-5.79767887768438
0.17699980735778809,0.06599998474121094,0.04499983787536621,0.03900003433227539,0.026999950408935547,1.2445417569282706,3.62806845787475e-5,-2.4890472331719624,2.48911979454112,-2.244505476243692,-5.7554219623871505
0.14899992942810059,0.0279998779296875,0.04200005531311035,0.04999995231628418,0.029000043869018555,3.237815844328184,0.6098558928918908,-5.865775795764478,7.085487581548259,-3.6279599514362935,-3.152328262779925
0.14800000190734863,0.03900003433227539,0.03699994087219238,0.042999982833862305,0.029000043869018555,0.6401271343088989,4.853173366602939e-5,-1.2802057368841318,1.2803028003514638,-1.6400786025752327,-6.359824333957435
0.15799999237060547,0.03299999237060547,0.051999807357788086,0.04400014877319336,0.029000043869018555,5.0,0.0,-10.0,10.0,-6.0,-2.0
0.16199994087219238,0.037999868392944336,0.03600001335144043,0.04800009727478027,0.039999961853027344,0.9485252723444955,0.5390475039151307,-1.3580030407738604,2.4360980486041215,-1.409477768429365,-5.512427223740374
0.15000009536743164,0.037000179290771484,0.0409998893737793,0.03699994087219238,0.03500008583068848,1.4930417800347195,4.275342469330784e-5,-2.9860408066447457,2.9861263134941325,-2.4929990266100264,-5.506915466540587
0.16500020027160645,0.037000179290771484,0.04199981689453125,0.05000019073486328,0.03600001335144043,0.0021870870273125176,7.420650842651587e-17,-0.004374174054624961,0.00437417405462511,-1.0021870870273124,-6.997812912972687
0.14700007438659668,0.029000043869018555,0.03600001335144043,0.04699993133544922,0.03500008583068848,0.24120116121413915,3.933357495566317e-5,-0.4823629888533226,0.48244165600323397,-1.2411618276391834,-6.7587595052109055
0.15899991989135742,0.04900002479553223,0.04799985885620117,0.03299999237060547,0.029000043869018555,2.6391564012700375,0.0020068658494222236,-5.276305936690653,5.280319668389497,-3.6371495354206154,-4.35883673288054
0.15400004386901855,0.0280001163482666,0.04200005531311035,0.0409998893737793,0.042999982833862305,4.259232250179055,0.7694610668948461,-7.7490034334632645,9.287925567252957,-4.489771183284209,-1.971306682926099
0.14899992942810059,0.03600001335144043,0.037999868392944336,0.046000003814697266,0.029000043869018555,0.15577987220028688,3.933357495566317e-5,-0.3115204108256181,0.31159907797552944,-1.1557405386253312,-6.844180794224758
0.15599989891052246,0.034999847412109375,0.040000200271606445,0.04499983787536621,0.03600001335144043,2.872473763702687,0.0019162877114491383,-5.743031239693925,5.746863815116823,-3.8705574759912382,-4.125609948585864
0.1549999713897705,0.025999784469604492,0.03400015830993652,0.04699993133544922,0.04800009727478027,1.4930417800347195,4.275342469330784e-5,-2.9860408066447457,2.9861263134941325,-2.4929990266100264,-5.506915466540587
0.15700006484985352,0.0280001163482666,0.06099987030029297,0.042999982833862305,0.02500009536743164,5.0,0.0,-10.0,10.0,-6.0,-2.0
0.1510000228881836,0.02700018882751465,0.04499983787536621,0.04900002479553223,0.029999971389770508,4.129499230269079,0.32798494704098957,-7.931013513497169,8.58698340757915,-4.80151428322809,-2.542515822689931
0.14299988746643066,0.0279998779296875,0.042999982833862305,0.04400014877319336,0.0279998779296875,2.8566229410606203,0.06412552570718491,-5.6491203564140555,5.777371407828426,-3.792497415353435,-4.079251533232195
0.15700006484985352,0.029999971389770508,0.05200004577636719,0.046000003814697266,0.029000043869018555,4.032129412518104,0.0005560435727034393,-8.063702781463505,8.064814868608913,-5.031573368945401,-2.9673145439091924
0.15400004386901855,0.029000043869018555,0.04200005531311035,0.046000003814697266,0.03699994087219238,3.7334976964185707,0.06041162774176778,-7.406583765095373,7.527407020578909,-4.6730860686768025,-3.2060906758396617
0.14600014686584473,0.03900003433227539,0.04200005531311035,0.03699994087219238,0.0280001163482666,3.6637359812630166e-15,7.420650842651587e-17,-7.253265454099517e-15,7.401678470952549e-15,-1.0000000000000036,-6.9999999999999964
0.17799997329711914,0.03600001335144043,0.07500004768371582,0.037999868392944336,0.029000043869018555,2.8513009785788133,0.3386251925845116,-5.363976764573115,6.041227149742138,-3.5126757859943014,-3.810073828836675
0.14599990844726562,0.0279998779296875,0.026000022888183594,0.05299997329711914,0.03900003433227539,2.487517803315462,0.0019162877114491383,-4.973119318919475,4.976951894342373,-3.4856015156040128,-4.5105659089730885
0.14400005340576172,0.0410001277923584,0.039999961853027344,0.03399991989135742,0.029000043869018555,3.6637359812630166e-15,0.2943623109362329,0.29436231093622556,0.2943623109362402,-0.7056376890637708,-6.705637689063764
0.15600013732910156,0.039999961853027344,0.039999961853027344,0.04800009727478027,0.0280001163482666,2.4821958408336546,0.020688706321492167,-4.9437029753458175,4.985080387988801,-3.4615071345121624,-4.497115452844853
0.1419999599456787,0.037999868392944336,0.040000200271606445,0.03600001335144043,0.0279998779296875,3.6637359812630166e-15,5.064381152354407e-7,5.064381079079687e-7,5.064381225629126e-7,-0.9999994935618884,-6.999999493561881
0.15700006484985352,0.031000137329101562,0.059999942779541016,0.03900003433227539,0.026999950408935547,0.6401271343088989,0.3598704972811357,-0.920383771336662,1.6401247658989335,-1.2802566370277633,-6.000002368409966
0.15900015830993652,0.04500007629394531,0.037000179290771484,0.03899979591369629,0.037000179290771484,1.9984014443252818e-15,0.0745270335860238,0.07452703358601981,0.0745270335860278,-0.9254729664139782,-6.925472966413974
0.15200018882751465,0.03400015830993652,0.03099989891052246,0.042999982833862305,0.04400014877319336,0.9485252723444955,4.918253880670497e-5,-1.8970013621501842,1.8970997272277976,-1.9484760898056888,-6.051425545116698
0.1510000228881836,0.026999950408935547,0.03299999237060547,0.04800009727478027,0.042999982833862305,0.6804660782006602,0.036409526273084164,-1.3245226301282362,1.3973416826744045,-1.644056551927576,-6.283124395526256
0.14800000190734863,0.026000022888183594,0.029999971389770508,0.051000118255615234,0.0409998893737793,3.950324513675485,3.720926245134382e-5,-7.900611818088518,7.900686236613422,-4.950287304413034,-3.049638277062064
0.15600013732910156,0.02700018882751465,0.042999982833862305,0.051999807357788086,0.03400015830993652,2.8566229410606203,0.0019162877114491383,-5.711329594409792,5.7151621698326895,-3.8547066533491714,-4.141460771227931
0.14899992942810059,0.029999971389770508,0.0410001277923584,0.04399991035461426,0.03399991989135742,1.9442021845053912,0.0020068658494222236,-3.8863975031613602,3.8904112348602045,-2.942195318655969,-5.053790949645187
0.15699982643127441,0.031999826431274414,0.03600001335144043,0.059999942779541016,0.029000043869018555,2.1896271360772883,0.13049913497736254,-4.2487551371772145,4.509753407131939,-3.0591280010999258,-4.679873728945349
0.17799997329711914,0.03399991989135742,0.06699991226196289,0.04500007629394531,0.032000064849853516,2.266986185380188,0.04325391177184279,-4.490718458988533,4.5772262825322185,-3.223732273608345,-4.689759902847969
0.1530001163482666,0.04200005531311035,0.04799985885620117,0.03500008583068848,0.0280001163482666,1.370972848402362,2.216029417780735e-5,-2.741923536510546,2.741967857098902,-2.3709506881081843,-5.62900499130346
0.15400004386901855,0.042999982833862305,0.04399991035461426,0.03299999237060547,0.03400015830993652,5.0,0.4536980269584582,-9.546301973041542,10.453698026958458,-5.546301973041542,-1.5463019730415422
0.17199993133544922,0.04500007629394531,0.053999900817871094,0.03600001335144043,0.03699994087219238,5.0,0.0,-10.0,10.0,-6.0,-2.0
0.1639997959136963,0.04399991035461426,0.046000003814697266,0.046000003814697266,0.0279998779296875,2.5736696503311856,0.0019162877114491383,-5.145423012950922,5.14925558837382,-3.571753362619736,-4.424414061957365
0.14399981498718262,0.04399991035461426,0.03699994087219238,0.03500008583068848,0.0279998779296875,0.7810252505017896,4.853173366602939e-5,-1.5620019692699132,1.5620990327372453,-1.7809767187681236,-6.218926217764544
0.15900015830993652,0.02700018882751465,0.051999807357788086,0.04900002479553223,0.031000137329101562,3.237815844328184,0.4999319771841997,-5.975699711472169,6.975563665840568,-3.7378838671439842,-3.262252178487616
0.15599989891052246,0.03600001335144043,0.053999900817871094,0.040000200271606445,0.025999784469604492,4.00023795799164,9.912106410846916e-5,-8.000376794919172,8.000575037047389,-5.0001388369275315,-2.9996629209442514
0.1640000343322754,0.04699993133544922,0.0559999942779541,0.0280001163482666,0.03299999237060547,4.242874789790591,0.0436469276656013,-8.44210265191558,8.529396507246783,-5.19922786212499,-2.713478282543808
0.16100001335144043,0.032000064849853516,0.04399991035461426,0.04900002479553223,0.03500008583068848,1.78686608497454,0.01855863863747844,-3.5551735313116013,3.5922908085865584,-2.7683074463370616,-5.194575276387981
0.16000008583068848,0.032000064849853516,0.05200004577636719,0.03900003433227539,0.03699994087219238,1.021521451886107,2.194320098873507e-6,-2.0430407094521152,2.043045098092313,-2.021519257566008,-5.978476353793794
0.15400004386901855,0.03399991989135742,0.04500007629394531,0.04399991035461426,0.031000137329101562,0.0015367749061497848,1.2777914655722936e-5,-0.0030607718976438467,0.0030863277269552927,-1.001523996991494,-6.998450447179194
0.1490001678466797,0.031000137329101562,0.04399991035461426,0.0409998893737793,0.03300023078918457,3.237815844328184,0.5792575131195529,-5.896374175536815,7.0548892017759215,-3.6585583312086314,-3.182926642552263
0.1549999713897705,0.03299999237060547,0.05299997329711914,0.0409998893737793,0.0280001163482666,1.4930417800347195,0.10717598644598939,-2.8789075736234495,3.0932595465154287,-2.38586579358873,-5.399782233519291
0.1640000343322754,0.029999971389770508,0.06300020217895508,0.03899979591369629,0.032000064849853516,3.8813182058100097,0.06041162774176778,-7.702224783878251,7.823048039361788,-4.820906578068242,-3.0582701664482226
0.17400002479553223,0.05500006675720215,0.046000003814697266,0.029000043869018555,0.04399991035461426,0.4913953628950203,3.8524345972506895e-5,-0.982752201444068,0.9828292501360131,-1.4913568385490477,-6.5085661127590075
0.1700000762939453,0.04399991035461426,0.05200004577636719,0.039999961853027344,0.03400015830993652,0.0871448272770245,3.854912347015283e-5,-0.17425110543057884,0.17432820367751914,-1.0871062781535543,-6.912816623599506
0.15199995040893555,0.029999971389770508,0.04399991035461426,0.04400014877319336,0.03399991989135742,0.6425090680593127,7.934044285575182e-7,-1.2850173427141969,1.285018929523054,-1.642508274654884,-6.357490138536258
0.16700005531311035,0.05500006675720215,0.0410001277923584,0.03599977493286133,0.03500008583068848,3.237815844328184,0.4999319771841997,-5.975699711472169,6.975563665840568,-3.7378838671439842,-3.262252178487616
0.15699982643127441,0.039999961853027344,0.03299999237060547,0.04399991035461426,0.039999961853027344,1.021521451886107,2.194320098873507e-6,-2.0430407094521152,2.043045098092313,-2.021519257566008,-5.978476353793794
0.15899991989135742,0.04399991035461426,0.05000019073486328,0.037999868392944336,0.026999950408935547,4.370210837772632,0.012325946838998347,-8.728095728706265,8.752747622384263,-5.357884890933634,-2.61746321538837
0.1529998779296875,0.039999961853027344,0.03800010681152344,0.0409998893737793,0.03399991989135742,3.7334976964185707,0.0003353026177387308,-7.466660090219403,7.46733069545488,-4.733162393800832,-3.2661670009636907
0.15899991989135742,0.04699993133544922,0.04399991035461426,0.040000200271606445,0.0279998779296875,1.4930417800347195,3.6607171713075315e-5,-2.986046952897726,2.986120167241152,-2.4930051728630067,-5.506921612793567
0.1640000343322754,0.031000137329101562,0.0559999942779541,0.0409998893737793,0.03600001335144043,1.021521451886107,7.907002988179627e-7,-2.043042113071915,2.043043694472513,-2.021520661185808,-5.978477757413594
0.14499998092651367,0.04800009727478027,0.04200005531311035,0.023000001907348633,0.031999826431274414,5.0,3.51223703124637e-5,-9.999964877629688,10.000035122370312,-5.999964877629687,-1.9999648776296874
0.16499996185302734,0.042999982833862305,0.053999900817871094,0.03699994087219238,0.031000137329101562,1.4930417800347195,0.1346426630677141,-2.851440897001725,3.120726223137153,-2.3583991169670053,-5.372315556897567
0.1660001277923584,0.029999971389770508,0.04900002479553223,0.053999900817871094,0.03300023078918457,1.4253890326422514,1.2728972432947924e-6,-2.8507767923872596,2.850779338181746,-2.425387759745008,-5.574609694460506
0.14999985694885254,0.029999971389770508,0.04800009727478027,0.042999982833862305,0.028999805450439453,0.7680885956613487,1.612179456076165e-5,-1.5361610695281367,1.536193313117258,-1.768072473866788,-6.231895282544091
0.15999984741210938,0.031999826431274414,0.0559999942779541,0.037000179290771484,0.034999847412109375,4.370210837772632,0.04365172564270314,-8.69676994990256,8.784073401187968,-5.326559112129929,-2.586137436584665
0.1679999828338623,0.06299996376037598,0.04500007629394531,0.029999971389770508,0.029999971389770508,4.242874789790591,0.023428659160552492,-8.462320920420629,8.509178238741734,-5.219446130630038,-2.7336965510488564
0.16100001335144043,0.04499983787536621,0.04800009727478027,0.03399991989135742,0.03400015830993652,1.4992185746020839,3.6607171713075315e-5,-2.9984005420324547,2.9984737563758808,-2.4991819674303706,-5.500744818226203
0.16899991035461426,0.03099989891052246,0.03800010681152344,0.04799985885620117,0.05200004577636719,1.9380253899380269,0.0019778576579196905,-3.874072922218134,3.8780286375339736,-2.9360475322801074,-5.059996752404054
0.1490001678466797,0.03600001335144043,0.039999961853027344,0.04200005531311035,0.031000137329101562,4.688701900662209,0.0043238659301510565,-9.373079935394266,9.38172766725457,-5.684378034732058,-2.30697423340764
0.1530001163482666,0.03900003433227539,0.042999982833862305,0.04200005531311035,0.029000043869018555,3.130608888104475,0.009255062115568063,-6.251962714093382,6.270472838324518,-4.121353825988907,-3.860136049779957
0.16299986839294434,0.029999971389770508,0.05799984931945801,0.04500007629394531,0.029999971389770508,3.911803783563514,0.023428659160552492,-7.800178907966475,7.847036226287581,-4.888375124402962,-3.0647675572759336
0.1530001163482666,0.046000003814697266,0.04900002479553223,0.0280001163482666,0.029999971389770508,0.6411280406527697,1.1869865077926947e-5,-1.2822442114404615,1.2822679511706174,-1.6411161707876918,-6.358860089482152
0.1530001163482666,0.039999961853027344,0.04700016975402832,0.034999847412109375,0.031000137329101562,0.268772380889876,7.420650842651587e-17,-0.5375447617797519,0.5375447617797521,-1.2687723808898759,-6.731227619110124
0.17100000381469727,0.04800009727478027,0.04499983787536621,0.03900003433227539,0.03900003433227539,4.688701900662209,0.0043238659301510565,-9.373079935394266,9.38172766725457,-5.684378034732058,-2.30697423340764
0.13399982452392578,0.03099989891052246,0.03500008583068848,0.031999826431274414,0.03600001335144043,2.1564438123749867,0.0020068658494222236,-4.310880758900551,4.314894490599396,-3.1544369465255646,-4.841549321775592
0.14499998092651367,0.02499985694885254,0.029000043869018555,0.0410001277923584,0.04999995231628418,4.688701900662209,0.0023737400736846895,-9.375030061250733,9.379777541398102,-5.686328160588524,-2.3089243592641067
0.18499994277954102,0.04699993133544922,0.05800008773803711,0.042999982833862305,0.03699994087219238,3.130608888104475,0.009255062115568063,-6.251962714093382,6.270472838324518,-4.121353825988907,-3.860136049779957
0.15899991989135742,0.03399991989135742,0.05099987983703613,0.042999982833862305,0.031000137329101562,5.0,0.02574602682738849,-9.974253973172612,10.025746026827388,-5.974253973172612,-1.9742539731726119
0.16300010681152344,0.031000137329101562,0.05099987983703613,0.05200004577636719,0.029000043869018555,3.8070212342207617,0.1831410706535228,-7.430901397788,7.797183539095046,-4.623880163567239,-3.0098376951257153
0.1770000457763672,0.059999942779541016,0.040000200271606445,0.03600001335144043,0.0409998893737793,2.8357374597548883,4.0132904362555344e-5,-5.671434786605414,5.671515052414139,-3.835697326850526,-4.164222407340749
0.14300012588500977,0.032000064849853516,0.042999982833862305,0.03600001335144043,0.032000064849853516,1.9650876658111514,0.0019162877114491383,-3.9282590439108533,3.932091619333752,-2.963171378099702,-5.0329960464773995
0.15600013732910156,0.04200005531311035,0.04400014877319336,0.03399991989135742,0.03600001335144043,1.4432899320127035e-15,7.420650842651587e-17,-2.812373355598891e-15,2.960786372451923e-15,-1.0000000000000013,-6.999999999999998
0.16300010681152344,0.03900003433227539,0.053999900817871094,0.037000179290771484,0.03299999237060547,2.5758924891738615,0.0020068658494222236,-5.149778112498301,5.153791844197145,-3.5738856233244394,-4.422100644976716
0.1659998893737793,0.046000003814697266,0.04699993133544922,0.04500007629394531,0.0279998779296875,3.0760641727106526,0.001095773460874555,-6.151032571960431,6.1532241188821795,-4.074968399249778,-3.9228400538284727
0.14499998092651367,0.04900002479553223,0.037999868392944336,0.029000043869018555,0.029000043869018555,4.308814763222293,0.13661222191707376,-8.481017304527512,8.754241748361661,-5.17220254130522,-2.554573014860633
0.15000009536743164,0.04399991035461426,0.04800009727478027,0.03099989891052246,0.02700018882751465,1.8224734077650218,7.420650842651587e-17,-3.6449468155300435,3.6449468155300435,-2.8224734077650218,-5.177526592234978
0.17100000381469727,0.06200003623962402,0.040000200271606445,0.034999847412109375,0.03299999237060547,0.029136256462668042,0.0006575467641053434,-0.05761496616123074,0.05893005968944143,-1.0284787096985628,-6.970206196773226
0.15999984741210938,0.03599977493286133,0.04900002479553223,0.04500007629394531,0.029999971389770508,4.099330125370516,0.0019942999732331483,-8.196665950767798,8.200654550714265,-5.097335825397283,-2.8986755746562514
0.15000009536743164,0.031000137329101562,0.04699993133544922,0.0409998893737793,0.031000137329101562,2.1564438123749867,0.00034798514804470495,-4.312539639601929,4.313235609898018,-3.156095827226942,-4.843208202476969
0.16300010681152344,0.029999971389770508,0.05900001525878906,0.046000003814697266,0.0280001163482666,3.7334976964185707,0.0003353026177387308,-7.466660090219403,7.46733069545488,-4.733162393800832,-3.2661670009636907
0.1510000228881836,0.0279998779296875,0.040000200271606445,0.048999786376953125,0.03400015830993652,3.7334976964185707,0.0003353026177387308,-7.466660090219403,7.46733069545488,-4.733162393800832,-3.2661670009636907
0.15700006484985352,0.03699994087219238,0.05200004577636719,0.03500008583068848,0.03299999237060547,3.7334976964185707,0.00029841311282396976,-7.4666969797243175,7.467293805949965,-4.733199283305747,-3.2662038904686055
0.1640000343322754,0.03500008583068848,0.04699993133544922,0.051000118255615234,0.03099989891052246,3.7826268706448394,0.012390774321417553,-7.552862966968261,7.577644515611096,-4.770236096323422,-3.204982355033743
0.16300010681152344,0.032000064849853516,0.03399991989135742,0.051000118255615234,0.046000003814697266,5.0,0.39100233526478945,-9.608997664735211,10.391002335264789,-5.60899766473521,-1.6089976647352104
0.15600013732910156,0.0280001163482666,0.05099987983703613,0.04200005531311035,0.03500008583068848,2.326642297771283,3.092978253045164e-5,-4.653253665760035,4.653315525325096,-3.3266113679887526,-4.673326772446186
0.16100001335144043,0.03399991989135742,0.04699993133544922,0.05200004577636719,0.0280001163482666,4.937886976121118,8.644900942406802e-5,-9.875687503232811,9.87586040125166,-5.937800527111694,-2.062026574869458
0.15400004386901855,0.03299999237060547,0.04800009727478027,0.04499983787536621,0.0280001163482666,1.200474102186616,7.907002988179627e-7,-2.400947413672933,2.400948995073531,-2.2004733114863173,-5.7995251071130856
0.14499998092651367,0.03800010681152344,0.05200004577636719,0.03099989891052246,0.023999929428100586,4.688701900662209,0.00010156505662401588,-9.377302236267793,9.377505366381042,-5.688600335605585,-2.3111965342811676
0.14899992942810059,0.0279998779296875,0.04700016975402832,0.042999982833862305,0.03099989891052246,3.1547433099911917,0.14635975564100925,-6.163126864341374,6.455846375623393,-4.008383554350182,-3.698896934367799
0.14899992942810059,0.03699994087219238,0.046000003814697266,0.04200005531311035,0.023999929428100586,0.031835668503158665,7.420650842651587e-17,-0.06367133700631726,0.0636713370063174,-1.0318356685031587,-6.968164331496841
0.16000008583068848,0.029000043869018555,0.05500006675720215,0.042999982833862305,0.03299999237060547,4.968164331496842,0.0,-9.936328662993684,9.936328662993684,-5.968164331496842,-2.0318356685031578
0.1510000228881836,0.03600001335144043,0.039999961853027344,0.0410001277923584,0.03399991989135742,4.264967684599969,0.16772188662702486,-8.362213482572914,8.697657255826963,-5.097245797972945,-2.5673104287730064
0.15999984741210938,0.039999961853027344,0.0409998893737793,0.04999995231628418,0.029000043869018555,4.4138281591025805,0.06698729183249096,-8.76066902637267,8.894643610037653,-5.34684086727009,-2.5191845490649287
0.14800000190734863,0.031000137329101562,0.02499985694885254,0.054000139236450195,0.037999868392944336,3.3306690738754696e-16,7.420650842651587e-17,-5.919273063485781e-16,7.403403232016098e-16,-1.0000000000000002,-7.0
0.1529998779296875,0.039999961853027344,0.04399991035461426,0.03800010681152344,0.03099989891052246,2.5758924891738615,0.001062921956015872,-5.150722056391707,5.152847900303739,-3.5748295672178454,-4.423044588870122
0.16199994087219238,0.0279998779296875,0.06299996376037598,0.04400014877319336,0.026999950408935547,0.9002977166520265,2.172071708313609e-7,-1.8005952160968821,1.800595650511224,-1.9002974994448558,-6.099702066140803
0.1549999713897705,0.032000064849853516,0.04999995231628418,0.04399991035461426,0.029000043869018555,3.3306690738754696e-16,7.420650842651587e-17,-5.919273063485781e-16,7.403403232016098e-16,-1.0000000000000002,-7.0
0.1550002098083496,0.02700018882751465,0.039999961853027344,0.053999900817871094,0.03400015830993652,4.099330125370516,0.10060823095682266,-8.098052019784209,8.299268481697855,-4.998721894413693,-2.8000616436726613
0.16100001335144043,0.0279998779296875,0.06800007820129395,0.03800010681152344,0.026999950408935547,3.183673988393919,0.0022771829055702464,-6.365070793882268,6.369625159693408,-4.181396805488349,-3.814048828700511
0.14100003242492676,0.029000043869018555,0.0410001277923584,0.04499983787536621,0.026000022888183594,1.8224734077650218,7.420650842651587e-17,-3.6449468155300435,3.6449468155300435,-2.8224734077650218,-5.177526592234978
0.14999985694885254,0.034999847412109375,0.04400014877319336,0.04199981689453125,0.029000043869018555,3.3306690738754696e-16,7.420650842651587e-17,-5.919273063485781e-16,7.403403232016098e-16,-1.0000000000000002,-7.0
0.15599989891052246,0.029999971389770508,0.04499983787536621,0.042999982833862305,0.03800010681152344,0.1814832412947569,1.7748633521587397e-6,-0.36296470772616163,0.362968257452866,-1.1814814664314048,-6.818514983841891
0.15799999237060547,0.03500008583068848,0.05200004577636719,0.042999982833862305,0.0279998779296875,3.635535843527534,0.11011810772031594,-7.160953579334752,7.381189794775384,-4.525417735807218,-3.25434604875215
0.1549999713897705,0.05099987983703613,0.039999961853027344,0.031000137329101562,0.03299999237060547,5.0,4.088794893785321e-8,-9.999999959112051,10.000000040887949,-5.999999959112051,-1.999999959112051
0.14800000190734863,0.04200005531311035,0.042999982833862305,0.031000137329101562,0.031999826431274414,0.9561668805477747,3.4579102588088365e-8,-1.9123337265164466,1.912333795674652,-1.956166845968672,-6.043833084873123
0.16000008583068848,0.05200004577636719,0.03900003433227539,0.04200005531311035,0.026999950408935547,4.021371315808492,0.0019942999732331483,-8.04074833164375,8.044736931590217,-5.019377015835259,-2.9766343842182756
0.15700006484985352,0.029999971389770508,0.03400015830993652,0.04999995231628418,0.042999982833862305,1.056450722118768,2.172071708313609e-7,-2.112901227030365,2.112901661444707,-2.056450504911597,-5.943549060674061
0.1510000228881836,0.02500009536743164,0.056999921798706055,0.040000200271606445,0.028999805450439453,5.0,0.0,-10.0,10.0,-6.0,-2.0
0.15400004386901855,0.026999950408935547,0.03900003433227539,0.04699993133544922,0.0410001277923584,5.0,0.0,-10.0,10.0,-6.0,-2.0
0.17100000381469727,0.034999847412109375,0.04200005531311035,0.04900002479553223,0.04500007629394531,5.0,0.0004532233273385161,-9.999546776672661,10.000453223327339,-5.999546776672662,-1.9995467766726618
0.15899991989135742,0.03299999237060547,0.056999921798706055,0.037000179290771484,0.031999826431274414,2.5758924891738615,0.21448618486225302,-4.9372987934854695,5.366271163209976,-3.3614063043116085,-4.2096213259638855
0.16499996185302734,0.031999826431274414,0.05800008773803711,0.04399991035461426,0.031000137329101562,1.2841173238964725,0.001420651314915164,-2.5668139964780297,2.5696552991078603,-2.282696672581557,-5.714462024788612
0.1530001163482666,0.029000043869018555,0.04999995231628418,0.04500007629394531,0.029000043869018555,3.875572555249123,1.877680887714384e-5,-7.751126333689369,7.751163887307124,-4.875553778440246,-3.124408667942
0.1529998779296875,0.03299999237060547,0.04799985885620117,0.042999982833862305,0.029000043869018555,5.0,0.0,-10.0,10.0,-6.0,-2.0
0.16200017929077148,0.0280001163482666,0.05200004577636719,0.05499982833862305,0.02700018882751465,1.8224734077650218,7.420650842651587e-17,-3.6449468155300435,3.6449468155300435,-2.8224734077650218,-5.177526592234978
0.16000008583068848,0.04699993133544922,0.042999982833862305,0.03299999237060547,0.037000179290771484,1.2612762222181775,0.2600579844326662,-2.2624944600036887,2.782610428869021,-2.001218237785511,-5.4786657933491565
0.15799999237060547,0.04200005531311035,0.04999995231628418,0.03299999237060547,0.03299999237060547,4.9395114778431175,0.11298713989928721,-9.766035815786948,9.992010095585522,-5.82652433794383,-1.9475013822575953
0.16100001335144043,0.03399991989135742,0.04999995231628418,0.042999982833862305,0.03400015830993652,1.204963147911862,0.0014252036793032101,-2.408501092144421,2.411351499503027,-2.2035379442325587,-5.7936116484088345
0.14800000190734863,0.03099989891052246,0.046000003814697266,0.04200005531311035,0.029000043869018555,4.099330125370516,0.001989747608845106,-8.196670503132186,8.200649998349878,-5.097340377761671,-2.898680127020639
0.14700007438659668,0.039999961853027344,0.05200004577636719,0.031000137329101562,0.023999929428100586,3.1165548408932318,0.11011810772031594,-6.122991574066147,6.34322778950678,-4.006436733172916,-3.7733270513864525
0.14899992942810059,0.04500007629394531,0.042999982833862305,0.029000043869018555,0.031999826431274414,2.5758924891738615,0.0007477851706587657,-5.151037193177064,5.152532763518382,-3.5751447040032027,-4.42335972565548
0.1640000343322754,0.05099987983703613,0.046000003814697266,0.0410001277923584,0.026000022888183594,3.042456203222776,0.2240911351408136,-5.860821271304738,6.309003541586366,-3.8183650680819623,-3.7334526616364103
0.1700000762939453,0.039999961853027344,0.059999942779541016,0.039999961853027344,0.03000020980834961,4.187482785152824,0.0019942999732331483,-8.372971270332414,8.376959870278881,-5.185488485179591,-2.8105229148739435
0.15199995040893555,0.037999868392944336,0.04800009727478027,0.03399991989135742,0.032000064849853516,3.5752380692230563,0.11011810772031594,-7.0403580307257965,7.260594246166429,-4.46511996150274,-3.3146438230566275
0.16300010681152344,0.042999982833862305,0.046000003814697266,0.04200005531311035,0.032000064849853516,0.43254454375754126,0.0981318121020985,-0.766957275412984,0.963220899617181,-1.3344127316554428,-6.46932364414036
0.14700007438659668,0.03699994087219238,0.04500007629394531,0.03800010681152344,0.026999950408935547,4.9395114778431175,0.2861293284998119,-9.592893627186424,10.165152284186046,-5.653382149343305,-1.7743591936570704
0.15000009536743164,0.03699994087219238,0.04900002479553223,0.03600001335144043,0.0280001163482666,0.18581503349043993,7.420650842651587e-17,-0.3716300669808798,0.3716300669808799,-1.1858150334904398,-6.81418496650956
0.16899991035461426,0.042999982833862305,0.05299997329711914,0.0410001277923584,0.031999826431274414,0.3857765760416225,0.0726331973458738,-0.6989199547373712,0.8441863494291189,-1.3131433786957487,-6.541590226612504
0.17400002479553223,0.03699994087219238,0.06299996376037598,0.03800010681152344,0.03600001335144043,0.08310170109850956,7.420650842651587e-17,-0.16620340219701904,0.1662034021970192,-1.0831017010985096,-6.91689829890149
0.15599989891052246,0.03699994087219238,0.046000003814697266,0.0410001277923584,0.03099989891052246,2.9114759542799193,7.420650842651587e-17,-5.822951908559839,5.822951908559839,-3.9114759542799193,-4.088524045720081
0.17799997329711914,0.06699991226196289,0.04500007629394531,0.03900003433227539,0.026999950408935547,5.0,2.5847317642042835e-5,-9.999974152682357,10.000025847317643,-5.999974152682358,-1.9999741526823582
0.15400004386901855,0.03400015830993652,0.039999961853027344,0.04799985885620117,0.032000064849853516,4.187482785152824,0.0020180496621297196,-8.372947520643518,8.376983619967778,-5.185464735490694,-2.810499165185046
0.14999985694885254,0.03600001335144043,0.04499983787536621,0.04400014877319336,0.02499985694885254,4.9395114778431175,0.08813458021357823,-9.790888375472656,9.967157535899814,-5.851376897629539,-1.9723539419433038
0.16299986839294434,0.03899979591369629,0.0559999942779541,0.03800010681152344,0.029999971389770508,0.0031145189604984136,7.420650842651587e-17,-0.006229037920996753,0.006229037920996902,-1.0031145189604984,-6.996885481039501
0.17400002479553223,0.05300021171569824,0.0559999942779541,0.0279998779296875,0.03699994087219238,2.9114759542799193,0.21864512830060776,-5.604306780259231,6.041597036860447,-3.6928308259793114,-3.8698789174194728
0.15599989891052246,0.03900003433227539,0.034999847412109375,0.0410001277923584,0.0409998893737793,2.5758924891738615,0.0007477851706587657,-5.151037193177064,5.152532763518382,-3.5751447040032027,-4.42335972565548
0.15600013732910156,0.04200005531311035,0.04500007629394531,0.042999982833862305,0.026000022888183594,2.5868239936000195,7.420650842651587e-17,-5.173647987200039,5.173647987200039,-3.5868239936000195,-4.413176006399981
0.14699983596801758,0.029999971389770508,0.042999982833862305,0.0409998893737793,0.03299999237060547,0.5827923966337283,7.420650842651587e-17,-1.1655847932674566,1.1655847932674566,-1.582792396633728,-6.417207603366272
0.1789999008178711,0.0279998779296875,0.07400012016296387,0.04499983787536621,0.032000064849853516,2.637213564607701,0.10818280647869577,-5.1662443227367065,5.382609935694098,-3.5290307581290055,-4.254603628913603
0.16000008583068848,0.04700016975402832,0.053999900817871094,0.032000064849853516,0.026999950408935547,3.642058450459161,0.0043530930204271345,-7.279763807897895,7.288469993938749,-4.637705357438734,-3.353588456520412
0.15799999237060547,0.04200005531311035,0.03600001335144043,0.04500007629394531,0.034999847412109375,3.3306690738754696e-16,0.1759698701203881,0.17596987012038742,0.17596987012038875,-0.8240301298796122,-6.8240301298796116
0.15999984741210938,0.0279998779296875,0.04400014877319336,0.04900002479553223,0.03899979591369629,5.0,0.0,-10.0,10.0,-6.0,-2.0
